int
0
2171
0
2190
2287
0
3928
2125
2146
2235
0
2091
2154
3924
2227
2121
2254
2223
0
2347
3920
2202
2343
2117
2219
2198
2179
2080
2259
2194
2087
2113
2207
2338
2076
2243
0
2334
2299
2109
2295
2072
2330
2371
2367
2058
2363
2105
2068
2054
2359
2355
2050
2148
2351
2101
2066
2323
2156
2142
2319
2315
2324
2129
2138
2311
2307
2134
2303
2291
2062
2283
2279
2275
2271
2267
2263
2251
2247
2239
2231
2215
2211
2187
2183
2175
2167
2163
2099
6191
0
0
2055
2254
2171
0
3928
2125
2202
2287
0
2235
2198
3924
2091
2121
2194
2227
0
2223
3920
2346
2219
2117
2179
2342
2259
2080
2087
2338
2207
2113
2243
2334
2076
2299
0
2330
2295
2109
2371
2072
2326
2367
2363
2359
2190
2105
2068
2050
2355
2351
2066
2148
2323
2101
2142
2319
2156
2138
2315
2311
2144
2129
2134
2307
2152
2062
2303
2291
2058
2283
2279
2275
2271
2267
2263
2251
2247
2239
2231
2215
2211
2187
2183
2175
2167
2163
2099
6191
0
0
0
0
0
2335
0
2128
0
0
2135
0
0
2053
3930
2124
2143
0
0
0
2139
0
0
2120
2339
0
0
2097
3926
2067
0
2116
2063
0
2287
0
2091
0
2148
2227
0
2093
3922
2223
0
2156
2219
0
2267
0
2347
2328
2343
0
2179
2049
2082
2324
2259
0
2087
0
2207
2188
2243
0
2171
0
2299
2144
2057
2078
2295
0
2235
2152
2371
2367
2113
2363
2359
2252
2355
2351
2323
2074
2109
2200
2319
2315
2311
2307
2303
2196
2105
2291
2283
2279
2275
2192
2070
2271
2101
2263
2251
2247
2239
2231
2215
2211
2187
2183
2175
2167
6259
0
0
0
0
0
2335
0
2128
0
0
0
2331
0
2053
3930
2124
0
2327
0
0
0
0
0
2120
2191
0
0
2097
3926
2135
0
2116
0
2143
0
0
0
2139
2148
0
2067
2093
3922
2063
0
2156
2287
0
2091
0
2227
2144
2223
0
2219
2049
2082
2152
2267
0
2179
0
2259
2252
2087
0
2207
0
2243
2200
2057
2078
2171
0
2299
2196
2295
0
2113
2235
2371
2192
2367
2363
2359
2074
2109
2344
2355
2351
2323
2319
2315
2340
2105
2311
2307
2303
2291
2336
2070
2283
2101
2279
2275
2271
2263
2251
2247
2239
2231
2215
2211
2187
2183
2175
2167
6259
0
0
0
2191
0
0
2143
0
0
2215
0
0
2139
0
2112
2069
3930
2135
0
0
2217
2063
0
0
2059
2157
0
2055
0
2108
2209
3926
2051
0
0
2357
2067
0
2295
0
2353
2259
0
2287
2104
2349
3922
2347
0
2343
2205
2171
0
2091
0
2149
2243
0
2179
2100
2225
2130
2235
0
2087
2221
2299
2371
2367
2145
2363
2323
2319
2253
2080
2315
2126
2153
2311
2307
2303
2201
2291
2283
2279
2197
2275
2271
2267
2076
2337
2122
2263
2251
2333
2247
2239
2231
2329
2187
2183
2175
2325
2167
2072
2163
2193
2118
2099
6191
0
0
0
2191
0
0
0
2147
0
0
0
2255
0
0
2112
2069
3930
2139
0
0
2217
2135
0
0
2063
2157
0
2059
0
2108
2209
3926
2055
0
0
2357
2051
0
0
2067
2353
0
2143
0
2104
2349
3922
2215
0
2295
2205
2259
0
2287
0
2149
2171
0
2091
2100
2225
2130
2243
0
2179
2221
2235
0
2087
2153
2299
2371
2367
2201
2080
2363
2126
2197
2323
2319
2315
2345
2311
2307
2303
2341
2291
2283
2279
2076
2337
2122
2275
2271
2333
2267
2263
2251
2329
2247
2239
2231
2325
2187
2072
2183
2193
2118
2175
2167
2163
2099
6191
0
0
0
0
0
2189
0
0
0
0
0
2145
0
0
0
0
0
2153
0
0
0
2120
2082
2253
3931
0
0
0
0
2201
0
0
0
0
0
2197
0
0
0
0
0
2193
0
2116
2078
0
3927
2333
0
0
0
0
2221
0
0
0
0
2217
0
0
0
0
2133
0
0
2112
2074
2357
3923
0
0
0
2353
0
0
0
0
2349
0
0
0
0
2209
0
0
0
0
2108
2205
2070
2099
0
0
2225
0
0
0
2137
0
0
0
2141
0
0
0
2337
0
0
2065
2104
0
2213
2054
2095
2061
0
2169
0
2285
0
2089
0
2345
0
2341
0
2241
0
2177
0
2233
2100
2265
0
2085
2130
2257
2051
2148
2297
0
2293
2369
2365
2361
2156
2321
2317
2313
2309
2305
2328
2301
2289
2281
2277
2273
2324
2269
2261
2249
2245
2237
2229
2185
2181
2173
2165
2161
2126
6155
0
0
0
0
0
2253
0
0
0
0
0
2201
0
0
0
0
0
2197
0
0
0
2120
2082
2193
3931
0
0
0
0
2345
0
0
0
0
0
2341
0
0
0
0
0
2337
0
2116
2078
0
3927
2333
0
0
0
0
0
2329
0
0
0
0
0
2325
0
0
0
0
0
2112
2189
2074
3923
0
0
2209
0
0
0
0
2205
0
0
0
0
2225
0
0
0
0
2357
2108
0
2070
2099
2353
0
0
0
0
2349
0
0
0
0
2221
0
0
0
0
2217
0
0
2104
0
2133
2054
2095
0
2141
0
0
0
2137
0
0
2061
0
0
2065
0
0
2213
0
2169
2100
2285
0
2089
2130
2241
2051
2148
2177
0
2233
0
2265
0
2156
2085
0
2257
0
2297
2144
2293
2369
2365
2361
2321
2152
2317
2313
2309
2305
2301
2289
2281
2277
2273
2269
2261
2249
2245
2237
2229
2185
2181
2173
2165
2161
2126
6155
0
0
0
2247
2148
0
0
2243
0
2156
2067
2101
2114
2368
2063
0
0
2364
2059
0
0
2360
2143
2089
2110
2236
2139
0
0
2232
2135
0
0
2228
2055
2085
2106
2200
2051
0
2295
2196
2259
3930
2287
2336
2347
2129
2343
2332
3926
2227
0
2328
2223
0
2219
2324
3922
2125
2179
2192
2171
0
2207
2188
2074
2299
2359
2144
2355
2121
2351
2152
2070
2323
2319
2252
2315
2311
2307
2248
2082
2117
2303
2291
2283
2279
2275
2078
2271
2267
2263
2215
2211
2187
2183
2175
2167
2163
2099
6191
0
0
0
2247
2149
0
0
2243
0
2157
0
2112
2102
2369
2239
0
0
2365
2235
0
0
2361
2059
2108
2090
2229
2143
0
0
2201
2139
0
0
2197
2135
2104
2086
2345
2055
0
0
2341
3928
2051
0
2337
2067
0
2130
3924
2333
2063
0
2295
2329
2259
3920
2287
2325
2227
2126
2223
2193
2072
2219
0
2189
2179
0
2171
2068
2145
2122
2207
0
2153
2299
2080
2359
2253
2355
2351
2323
2249
2076
2118
2319
2315
2311
2307
2303
2291
2283
2279
2275
2271
2267
2263
2215
2211
2187
2183
2175
2167
2163
2099
6191
0
0
0
0
0
2198
0
0
0
0
0
2108
2194
2097
3931
0
0
0
2334
0
0
0
0
2104
2134
0
0
2093
2370
3927
0
0
2366
0
0
2100
2362
0
0
0
2242
2049
0
3923
2238
0
0
2088
2234
0
0
0
2230
0
0
2057
2138
2083
0
2084
2338
0
0
0
2142
0
2148
2129
2250
0
0
2079
2246
2156
0
2062
0
0
2066
2328
2125
2226
0
2286
0
2324
2222
2075
2346
0
2342
2188
2121
2218
0
2178
0
2144
2170
0
2266
2071
2206
2152
2117
2258
0
2298
0
2252
2294
2358
2354
2350
2322
2200
2113
2318
2314
2310
2306
2302
2290
2282
2278
2274
2270
2262
2214
2210
2186
2182
2174
2166
2162
6151
0
0
0
0
0
2191
0
0
0
0
2135
2102
0
3928
2093
2371
0
0
0
2367
0
0
0
2090
2363
0
0
3924
2049
2235
0
0
0
2231
0
2086
0
2139
0
0
0
3920
2057
2150
2143
0
0
0
2251
0
2158
0
2247
0
2129
2080
2146
2243
0
0
0
2239
2154
0
2063
0
2125
2067
2254
2076
2227
0
2287
0
2202
2223
0
2219
2121
2179
2198
2171
0
2072
2267
0
2194
2207
0
2259
2117
2299
2346
2295
2359
2355
2351
2068
2342
2323
2319
2315
2113
2311
2338
2307
2303
2291
2283
2279
2334
2052
2275
2271
2109
2263
2330
2215
2211
2187
2183
2175
2326
2167
2163
2096
6201
0
0
0
2339
0
0
0
2335
0
0
0
2331
0
0
0
2327
0
0
2100
2129
3930
2195
0
0
0
2191
0
0
0
2147
0
0
0
2155
0
0
0
2072
2125
3926
2255
0
0
0
2251
0
0
0
2247
0
0
0
2243
0
0
0
2068
2121
3922
2239
0
2156
0
2235
0
0
2224
2231
0
0
2063
2220
0
2059
0
0
2356
2117
2090
2143
0
2352
2139
0
0
2135
2348
0
2055
0
0
2216
2051
0
0
2067
2212
2113
2086
2347
0
2208
2343
0
2299
0
2204
2295
0
2171
0
2148
2287
0
2259
2368
2109
2082
2179
2364
2323
2319
2315
2360
2311
2307
2303
2200
2291
2283
2279
2196
2275
2271
2267
2105
2078
2263
2187
2183
2175
2167
2163
2099
6191
0
0
0
2339
0
0
0
2335
0
0
0
2331
0
0
0
2327
0
0
2100
2129
3930
2195
0
0
0
2191
0
0
0
2147
0
0
0
2155
0
0
0
2072
2125
3926
2255
0
0
0
2251
0
0
0
2247
0
0
0
2243
0
0
0
2068
2121
3922
2239
0
2156
0
2235
0
0
2224
2231
0
0
0
2220
2203
0
0
0
2356
2117
2090
2199
0
2352
2143
0
0
2139
2348
0
2135
0
0
2216
2055
0
0
2051
2212
2113
2086
2067
0
2208
2063
0
0
2059
2204
2299
0
2295
0
2148
2171
0
2287
2368
2109
2082
2259
2364
2179
2323
2319
2360
2315
2311
2307
2344
2303
2291
2283
2340
2279
2275
2271
2105
2078
2267
2263
2187
2183
2175
2167
2163
2099
6191
0
0
0
0
0
2203
0
0
0
0
0
2199
0
0
0
0
0
2195
0
0
0
0
0
2335
0
2088
2121
3930
2135
0
0
0
0
2227
0
0
0
0
2223
0
0
0
0
2359
0
0
0
0
2355
0
0
2084
2117
3926
2351
0
0
0
0
2219
0
0
0
0
2215
0
0
0
0
2211
0
0
0
0
2207
0
0
2080
2113
3922
2371
0
0
0
2367
0
0
0
2363
0
0
0
2231
0
0
0
2139
0
0
0
2339
0
0
2076
2109
2054
2143
0
0
0
2251
0
0
0
2247
0
0
0
2243
0
0
0
2239
0
0
0
2235
0
0
2072
2105
2050
2067
0
0
2063
0
2347
0
2343
0
2295
0
2179
0
2287
0
2267
0
2171
0
2259
0
2299
2323
2068
2101
2058
2319
2315
2311
2307
2148
2303
2291
2283
2279
2275
2271
2156
2263
2187
2183
2175
2167
2328
2163
0
0
0
0
2324
2097
2130
0
0
0
2188
0
0
0
0
0
2144
0
0
0
0
0
2152
0
0
0
0
0
2252
0
0
2093
6222
0
0
0
0
0
2347
0
0
0
0
0
2343
0
0
0
0
0
2339
0
0
0
0
0
2335
0
2088
2121
3930
0
2331
0
0
0
0
0
2327
0
0
0
0
0
2191
0
0
0
0
2219
0
0
0
0
2084
2117
3926
2215
0
0
0
0
2211
0
0
0
0
2359
0
0
0
0
2355
0
0
0
0
2351
0
0
2080
2113
3922
2207
0
0
0
0
2135
0
0
0
0
2227
0
0
0
0
2223
0
0
0
2371
0
0
0
2076
2109
2054
2367
0
0
0
2363
0
0
0
2143
0
0
0
2251
0
0
0
2247
0
0
0
2243
0
0
2072
2105
2050
2239
0
0
0
2235
0
0
0
2231
0
0
0
2139
0
0
2067
0
0
2063
0
2295
0
2179
2068
2101
2058
2287
0
2267
0
2148
2171
0
2259
0
2299
2323
2156
2319
2315
2311
2307
2303
2144
2291
2283
2279
2275
2271
2152
2097
2130
2263
2187
2183
2252
2175
2167
2163
0
0
2200
0
0
0
0
0
2196
0
0
0
0
0
2192
0
0
2093
6222
0
0
0
0
0
0
0
0
0
0
0
0
0
0
0
0
0
0
0
0
0
0
0
0
0
0
0
0
0
0
0
0
0
0
0
0
0
0
0
0
0
0
0
0
0
0
0
0
0
0
0
0
0
0
0
0
0
0
0
0
0
0
0
0
0
0
0
0
0
0
0
0
0
0
0
0
0
0
0
0
0
0
0
0
0
0
0
0
0
0
0
0
0
0
0
0
0
0
0
0
0
0
0
0
0
0
0
0
0
0
0
0
0
0
0
0
0
0
0
0
0
0
0
0
0
0
0
0
0
0
0
0
0
0
0
0
0
0
0
0
0
0
0
0
0
0
0
0
0
0
0
0
0
0
0
0
0
0
0
0
0
0
0
0
0
0
0
0
0
0
0
0
0
0
0
0
0
0
0
0
0
0
0
0
0
0
0
0
0
0
0
0
0
0
0
0
0
0
0
0
0
0
0
0
0
0
0
0
0
0
0
0
0
0
0
0
0
0
0
0
0
0
0
0
0
0
0
0
0
0
0
0
0
0
0
0
0
0
0
0
0
0
0
0
0
0
0
0
0
0
0
0
0
0
0
0
0
0
0
0
0
0
0
0
0
0
0
0
0
0
0
0
0
0
0
0
0
0
0
0
0
0
0
0
0
0
0
0
0
0
0
0
0
0
0
0
0
0
0
0
0
0
0
0
0
0
0
0
0
0
0
0
0
0
0
0
0
0
0
0
0
0
0
0
0
0
0
0
0
0
0
0
0
0
0
0
0
0
0
0
0
0
0
0
0
0
0
0
0
0
0
0
0
0
0
0
0
0
0
0
0
0
0
0
0
0
0
0
0
0
0
0
0
0
0
0
0
0
0
0
0
0
0
0
0
0
0
0
0
0
0
0
0
0
0
0
0
0
0
0
0
0
0
0
0
0
0
0
0
0
0
0
0
0
0
0
0
0
0
0
0
0
0
0
0
0
0
0
0
0
0
0
0
0
0
0
0
0
0
0
0
0
0
0
0
0
0
0
0
0
0
0
0
0
0
0
0
0
0
0
0
0
0
0
0
0
0
0
0
0
0
0
0
0
0
0
0
0
0
0
0
0
0
0
0
0
0
0
0
0
0
0
0
0
0
0
0
0
0
0
0
0
0
0
0
0
0
0
0
0
0
0
0
0
0
0
0
0
0
0
0
0
0
0
0
0
0
0
0
0
0
0
0
0
0
0
0
0
0
0
0
0
0
0
0
0
0
0
0
0
0
0
0
0
0
0
0
0
0
0
0
0
0
0
0
0
0
0
0
0
0
0
0
0
0
0
0
0
0
0
0
0
0
0
0
0
0
0
0
0
0
0
0
0
0
0
0
0
0
0
0
0
0
0
0
0
0
0
0
0
0
0
0
0
0
0
0
0
0
0
0
0
0
0
0
0
0
0
0
0
0
0
0
0
0
0
0
0
0
0
0
0
0
0
0
0
0
0
0
0
0
0
0
0
0
0
0
0
0
0
0
0
0
0
0
0
0
0
0
0
0
0
0
0
0
0
0
0
0
0
0
0
0
0
0
0
0
0
0
0
0
0
0
0
0
0
0
0
0
0
0
0
0
0
0
0
0
0
0
0
0
0
0
0
0
0
0
0
0
0
0
0
0
0
0
0
0
0
0
0
0
0
0
0
0
0
0
0
0
0
0
0
0
0
0
0
0
0
0
0
0
0
0
0
0
0
0
0
0
0
0
0
0
0
0
0
0
0
0
0
0
0
0
0
0
0
0
0
0
0
0
0
0
0
0
0
0
0
0
0
0
0
0
0
0
0
0
0
0
0
0
0
0
0
0
0
0
0
0
0
0
0
0
0
0
0
0
0
0
0
0
0
0
0
0
0
0
0
0
0
0
0
0
0
0
0
0
0
0
0
0
0
0
0
0
0
0
0
0
0
0
0
0
0
0
0
0
0
0
0
0
0
0
0
0
0
0
0
0
0
0
0
0
0
0
0
0
0
0
0
0
0
0
0
0
0
0
0
0
0
0
0
0
0
0
0
0
0
0
0
0
0
0
0
0
0
0
0
0
0
0
0
0
0
0
0
0
0
0
0
0
0
0
0
0
0
0
0
0
0
0
0
0
0
0
0
0
0
0
0
0
0
0
0
0
0
0
0
0
0
0
0
0
0
0
0
0
0
0
0
0
0
0
0
0
0
0
0
0
0
0
0
0
0
0
0
0
0
0
0
0
0
0
0
0
0
0
0
0
0
0
0
0
0
0
0
0
0
0
0
0
0
0
0
0
0
0
0
0
0
0
0
0
0
0
0
0
0
0
0
0
0
0
0
0
0
0
0
0
0
0
0
0
0
0
0
0
0
0
0
0
0
0
0
0
0
0
0
0
0
0
0
0
0
0
0
0
0
0
0
0
0
0
0
0
0
0
0
0
0
0
0
0
0
0
0
0
0
0
0
0
0
0
0
0
0
0
0
0
0
0
0
0
0
0
0
0
0
0
0
0
0
0
0
0
0
0
0
0
0
0
0
0
0
0
0
0
0
0
0
0
0
0
0
0
0
0
0
0
0
0
0
0
0
0
0
0
0
0
0
0
0
0
0
0
0
0
0
0
0
0
0
0
0
0
0
0
0
0
0
0
0
0
0
0
0
0
0
0
0
0
0
0
0
0
0
0
0
0
0
0
0
0
0
0
0
0
0
0
0
0
0
0
0
0
0
0
0
0
0
0
0
0
0
0
0
0
0
0
0
0
0
0
0
0
0
0
0
0
0
0
0
0
0
0
0
0
0
0
0
0
0
0
0
0
0
0
0
0
0
0
0
0
0
0
0
0
0
0
0
0
0
0
0
0
0
0
0
0
0
0
0
0
0
0
0
0
0
0
0
0
0
0
0
0
0
0
0
0
0
0
0
0
0
0
0
0
0
0
0
0
0
0
0
0
0
0
0
0
0
0
0
0
0
0
0
0
0
0
0
0
0
0
0
0
0
0
0
0
0
0
0
0
0
0
0
0
0
0
0
0
0
0
0
0
0
0
0
0
0
0
0
0
0
0
0
0
0
0
0
0
0
0
0
0
0
0
0
0
0
0
0
0
0
0
0
0
0
0
0
0
0
0
0
0
0
0
0
0
0
0
0
0
0
0
0
0
0
0
0
0
0
0
0
0
0
0
0
0
0
0
0
0
0
0
0
0
0
0
0
0
0
0
0
0
0
0
0
0
0
0
0
0
0
0
0
0
0
0
0
0
0
0
0
0
0
0
0
0
0
0
0
0
0
0
0
0
0
0
0
0
0
0
0
0
0
0
0
0
0
0
0
0
0
0
0
0
0
0
0
0
0
0
0
0
0
0
0
0
0
0
0
0
0
0
0
0
0
0
0
0
0
0
0
0
0
0
0
0
0
0
0
0
0
0
0
0
0
0
0
0
0
0
0
0
0
0
0
0
0
0
0
0
0
0
0
0
0
0
0
0
0
0
0
0
0
0
0
0
0
0
0
0
0
0
0
0
0
0
0
0
0
0
0
0
0
0
0
0
0
0
0
0
0
0
0
0
0
0
0
0
0
0
0
0
0
0
0
0
0
0
0
0
0
0
0
0
0
0
0
0
0
0
0
0
0
0
0
0
0
0
0
0
0
0
0
0
0
0
0
0
0
0
0
0
0
0
0
0
0
0
0
0
0
0
0
0
0
0
0
0
0
0
0
0
0
0
0
0
0
0
0
0
0
0
0
0
0
0
0
0
0
0
0
0
0
0
0
0
0
0
0
0
0
0
0
0
0
0
0
0
0
0
0
0
0
0
0
0
0
0
0
0
0
0
0
0
0
0
0
0
0
0
0
0
0
0
0
0
0
0
0
0
0
0
0
0
0
0
0
0
0
0
0
0
0
0
0
0
0
0
0
0
0
0
0
0
0
0
0
0
0
0
0
0
0
0
0
0
0
0
0
0
0
0
0
0
0
0
0
0
0
0
0
0
0
0
0
0
0
0
0
0
0
0
0
0
0
0
0
0
0
0
0
0
0
0
0
0
0
0
0
0
0
0
0
0
0
0
0
0
0
0
0
0
0
0
0
0
0
0
0
0
0
0
0
0
0
0
0
0
0
0
0
0
0
0
0
0
0
0
0
0
0
0
0
0
0
0
0
0
0
0
0
0
0
0
0
0
0
0
0
0
0
0
0
0
0
0
0
0
0
0
0
0
0
0
0
0
0
0
0
0
0
0
0
0
0
0
0
0
0
0
0
0
0
0
0
0
0
0
0
0
0
0
0
0
0
0
0
0
0
0
0
0
0
0
0
0
0
0
0
0
0
0
0
0
0
0
0
0
0
0
0
0
0
0
0
0
0
0
0
0
0
0
0
