int
0
2171
0
2071
0
2135
0
2100
2049
2118
2159
0
2155
0
2151
2096
2057
2114
2223
0
2219
0
2147
2092
2053
2110
2075
3929
2207
0
3925
2088
2203
3921
3866
2275
2129
2271
2267
2084
2125
2263
3862
2121
2259
2197
2255
2080
2193
2251
2189
3858
2185
2247
2181
2076
2177
2243
2173
2106
2239
2235
2231
2227
2215
2211
2167
2163
2143
2139
2067
6159
0
2191
0
2187
0
2183
0
2052
2097
2118
2179
0
3928
2175
0
2171
2093
3924
2114
2075
0
2071
3920
2159
2089
2155
2110
2060
2223
0
2219
0
2064
2085
3866
2151
0
2228
2147
0
2207
2232
2081
3862
2203
2236
2199
0
2140
2195
2077
2136
3858
2275
2132
2271
2267
2128
2049
2263
2124
2106
2259
2120
2255
2251
2057
2247
2243
2102
2227
2215
2211
2167
6259
0
0
0
2247
0
0
0
2108
2243
2061
2078
0
2159
0
0
2104
2147
0
0
2057
2054
2151
0
2100
3931
0
0
3927
0
2085
2050
2096
3923
0
0
2176
2131
0
0
2172
3865
2066
2127
2216
0
2123
0
2168
2075
2094
3861
2164
2223
0
2071
2160
2135
2090
2207
2200
3857
2191
0
2196
2187
2118
2183
2192
2155
2275
2081
2248
2271
2114
2267
2263
2259
2255
2239
2235
2231
2227
2215
2211
2143
6235
0
0
0
2151
0
0
0
2104
2251
0
0
0
2247
2077
3930
2100
2239
0
0
0
2235
0
0
2228
2179
0
0
2053
3926
2175
0
2096
0
2219
0
0
0
2171
0
2092
0
2049
3922
2167
0
0
0
2088
2163
0
0
2131
0
0
2127
2116
2065
3866
2123
0
0
2143
0
2112
2139
0
0
2135
0
2075
2061
2108
3862
2071
0
2207
2240
2191
0
2187
2200
2183
0
2155
2196
2057
3858
2223
2192
2275
2271
2267
2156
2263
2259
2255
2144
2227
2215
2085
2082
6307
0
0
0
0
2195
0
0
2049
0
2104
2098
2191
0
0
0
2057
2147
0
0
2100
2185
2094
3931
0
0
2181
3927
2084
0
3923
2177
2090
2123
0
0
2080
2217
2155
0
0
2131
2173
2062
2076
2127
0
2169
2075
0
2207
0
3864
2261
2066
2071
0
2135
2257
2223
3860
2159
2275
2253
2118
2271
2267
2251
3856
2149
2247
2243
2239
2235
2201
2114
2052
2231
2227
2197
2215
2211
2167
2163
2143
2110
6235
0
0
0
0
2197
0
0
3856
0
2193
0
0
2110
3931
2189
2052
0
0
0
2185
0
0
0
2048
2229
2106
3927
0
0
2181
0
2056
0
0
2177
0
0
0
2102
2084
2217
3923
0
0
2237
0
0
2080
2233
0
0
2098
2145
0
2063
2076
2149
0
0
2141
2172
0
2137
0
2094
2168
2133
2067
0
2129
2152
0
2125
0
0
2260
2121
2090
2205
0
2256
2073
2119
2221
0
2252
2069
3866
2157
2273
2200
2269
2265
2249
2245
2241
2225
2213
2209
2165
2161
3862
6211
0
0
0
0
0
0
2175
0
0
0
0
0
0
2171
0
0
0
2052
2093
2106
2167
0
0
0
0
0
0
2163
0
0
0
0
0
0
2159
2048
2089
2102
0
0
0
2219
0
0
0
0
0
0
2155
0
0
0
0
2064
2085
2098
2151
0
0
0
0
0
2198
2147
0
0
0
0
0
2194
2203
2060
3865
3931
0
0
2190
3927
0
0
3923
0
0
2186
2127
0
0
2123
0
2056
3861
2182
2131
0
2207
0
2075
0
2178
2223
0
2071
0
2135
2275
2262
2271
2116
3857
2267
2239
2235
2258
2231
2227
2215
2211
2143
2139
2254
0
0
0
0
0
2112
2081
2250
0
0
0
0
0
0
2246
0
0
0
0
0
0
2242
0
2108
6173
0
0
0
0
0
0
2259
0
0
0
0
0
0
2255
0
0
0
0
0
0
2251
2052
3929
2106
0
0
0
2247
0
0
0
0
0
0
2171
0
0
0
0
0
0
2167
0
2048
3925
2102
0
0
2163
0
0
0
0
0
0
2159
0
0
0
0
0
0
2219
0
0
2064
3921
2098
0
2155
0
0
0
0
0
0
2151
0
0
0
0
0
0
2147
0
0
0
2060
3865
2094
2203
0
0
0
0
0
0
2199
0
0
0
0
0
0
2195
0
0
0
0
2056
3861
2090
2191
0
0
0
0
0
0
2187
0
0
0
2235
0
0
0
2239
0
0
2127
2116
3857
2086
2123
0
0
2143
0
0
2139
2242
0
2135
0
0
2131
0
2223
2230
2075
0
2071
2112
2081
2207
2182
2275
2271
2267
2227
2215
2211
2178
0
0
0
0
0
0
2174
0
0
0
0
2108
2077
6358
0
0
0
2147
0
2060
0
2093
2118
2179
0
2072
0
2175
0
2089
2114
2068
3931
0
0
2168
3927
2085
2110
2216
3923
0
0
2212
2127
2081
3866
2272
2123
0
0
2268
2131
2077
3862
2264
2187
0
2183
2208
2159
2049
3858
2204
2135
0
2223
2200
2191
2057
2106
2196
2263
2259
2255
2192
2251
2053
2102
2152
2247
2243
2239
2148
2065
2235
2098
2231
2227
2167
2163
2143
6235
0
0
0
2171
0
0
0
3856
2053
3930
2239
0
0
0
2235
2104
2049
0
3926
2147
0
0
0
2100
2117
2179
0
3922
0
2219
0
2096
2113
2215
0
0
2062
2211
0
2092
2109
2135
0
0
2131
2229
2074
2088
2127
2273
0
2123
0
2269
2143
2084
2070
2265
2139
0
2223
2205
2191
2080
2187
2201
2066
2183
0
2197
2155
2076
2151
2193
3866
2159
2263
2173
2259
2056
2255
2251
3862
2247
2243
2227
2167
6259
0
0
0
0
0
2167
0
2105
0
0
0
2163
0
2084
2066
2101
0
2159
0
0
0
0
0
2097
2219
0
0
2080
2062
2197
2215
0
0
0
0
2193
2211
0
0
0
0
2076
2153
2058
2207
0
0
0
2273
0
2203
0
0
3931
2269
3864
3927
2054
0
3923
2265
0
2127
0
0
2123
2149
0
2131
3860
2183
2050
2145
2135
0
2223
0
2191
2177
2094
2187
2263
2259
3856
2249
2255
2239
2090
2235
2231
2245
2227
2143
2139
0
2118
2241
2072
0
0
0
0
2173
2114
0
0
0
0
2169
0
0
2068
6206
0
0
0
0
0
2163
0
2106
0
0
0
2159
0
0
0
2102
0
2064
3929
2219
0
0
0
2230
0
2215
0
0
0
0
0
2098
2211
0
0
2060
3925
0
2207
2094
0
0
0
0
2203
0
0
2090
0
0
2199
0
0
2056
3921
2118
2195
0
0
0
0
0
2155
2114
0
0
0
0
2151
0
0
2052
3865
2110
2235
0
0
0
2239
0
2242
2127
0
0
2123
0
2274
2143
0
2048
3861
2139
2270
0
2135
0
0
2131
2266
2223
0
2191
0
2187
2146
2183
2263
2084
3857
2259
2178
2255
2227
0
0
0
2174
0
0
0
0
0
2250
0
0
2080
2073
0
2246
0
0
0
0
0
2170
0
0
0
0
0
2166
0
0
2076
6165
0
0
0
0
0
0
2171
2052
0
0
0
0
0
2073
2106
2048
2155
0
0
0
0
0
2196
2151
0
0
0
2117
2102
2192
2147
0
0
0
0
0
2188
2219
0
0
0
2113
2098
2272
2215
0
0
0
0
0
2268
2211
0
0
0
2109
2094
2264
2207
0
0
0
0
2085
2260
2203
0
0
3931
0
2090
2256
2081
3927
0
0
3923
0
2252
2127
2077
0
2123
0
2070
2184
2131
0
3865
2135
0
2223
2180
2159
2251
2247
3861
2243
2066
2176
2239
2235
2231
2227
3857
2167
2172
2163
2143
2139
0
0
2057
6158
0
0
0
0
0
0
2155
3858
0
0
0
0
0
2151
0
2058
2072
3929
0
0
2147
0
0
2054
0
0
0
2219
0
0
0
2050
0
2116
3925
2215
0
0
0
2086
0
0
2211
0
0
0
0
2082
0
2207
2112
3921
0
0
0
2078
2203
0
0
0
0
0
2274
2199
0
0
0
2108
2093
2270
2195
0
0
0
0
0
2266
2191
0
0
0
0
2231
2262
2104
2089
2235
0
0
0
2258
2239
0
0
2127
0
0
2254
2123
0
0
2100
2069
2143
2186
0
2139
0
0
2135
0
2182
2131
0
2223
0
2159
2251
2096
2065
2178
2247
2243
2227
2167
2163
3864
2174
0
0
0
0
0
0
3860
2170
6157
0
0
0
0
0
0
0
0
2155
0
0
0
0
0
0
0
0
2151
0
0
0
2116
2069
2082
0
0
2147
0
0
0
0
0
0
0
0
2219
0
0
0
0
0
0
0
2112
2065
2078
2215
0
0
0
0
0
0
0
0
2211
0
0
0
0
0
0
0
0
2207
2108
2061
2074
0
0
0
0
0
2203
0
0
2174
0
0
0
0
0
2199
0
0
2170
0
2104
3865
0
0
2195
0
0
2166
0
0
0
0
0
2191
0
0
2274
0
0
0
0
0
2100
3861
2187
2270
0
0
0
0
0
0
0
2183
2266
0
0
0
0
0
0
0
2179
2262
2096
3857
3931
0
0
3927
0
0
2258
3923
0
0
2127
0
0
2123
0
2254
2131
0
2223
0
2092
2057
2135
2239
2250
2235
2231
2227
2143
2139
0
0
0
2246
0
0
0
0
0
0
0
0
2088
2053
2242
0
0
0
0
0
0
0
0
2162
0
0
0
0
0
0
0
0
2158
0
2084
6145
0
0
0
0
0
0
0
0
2247
0
0
0
0
0
0
0
0
2163
0
0
0
0
0
0
0
2116
3929
2082
2159
0
0
0
0
0
0
0
0
2155
0
0
0
0
0
0
0
0
2151
0
0
0
0
2112
3925
2078
0
2147
0
0
0
0
0
0
0
0
2219
0
0
0
0
0
0
0
0
2215
0
0
0
2108
3921
2074
0
0
2211
0
0
0
0
0
0
0
0
2207
0
0
0
0
0
0
0
0
2203
0
0
2104
3865
2070
0
0
0
2199
0
0
0
0
0
0
0
0
2195
0
0
0
0
0
0
0
0
2191
0
2100
3861
2066
0
0
0
0
2187
0
0
0
0
0
0
0
0
2183
0
0
0
0
0
0
0
0
2179
2096
3857
2062
0
0
0
0
0
2175
0
0
0
2242
0
0
0
0
2171
0
0
0
2274
0
0
0
0
2092
2057
2167
0
2270
0
0
0
0
0
2231
0
0
2266
2239
0
0
0
2235
0
0
2127
2262
0
2123
0
2088
2053
2143
0
0
2258
2139
0
0
2135
0
0
2131
0
2254
2223
2227
0
0
0
0
0
0
2250
0
0
2084
6145
0
0
0
0
0
0
0
0
0
0
0
0
0
0
0
0
0
0
0
0
0
0
0
0
0
0
0
0
0
0
0
0
0
0
0
0
0
0
0
0
0
0
0
0
0
0
0
0
0
0
0
0
0
0
0
0
0
0
0
0
0
0
0
0
0
0
0
0
0
0
0
0
0
0
0
0
0
0
0
0
0
0
0
0
0
0
0
0
0
0
0
0
0
0
0
0
0
0
0
0
0
0
0
0
0
0
0
0
0
0
0
0
0
0
0
0
0
0
0
0
0
0
0
0
0
0
0
0
0
0
0
0
0
0
0
0
0
0
0
0
0
0
0
0
0
0
0
0
0
0
0
0
0
0
0
0
0
0
0
0
0
0
0
0
0
0
0
0
0
0
0
0
0
0
0
0
0
0
0
0
0
0
0
0
0
0
0
0
0
0
0
0
0
0
0
0
0
0
0
0
0
0
0
0
0
0
0
0
0
0
0
0
0
0
0
0
0
0
0
0
0
0
0
0
0
0
0
0
0
0
0
0
0
0
0
0
0
0
0
0
0
0
0
0
0
0
0
0
0
0
0
0
0
0
0
0
0
0
0
0
0
0
0
0
0
0
0
0
0
0
0
0
0
0
0
0
0
0
0
0
0
0
0
0
0
0
0
0
0
0
0
0
0
0
0
0
0
0
0
0
0
0
0
0
0
0
0
0
0
0
0
0
0
0
0
0
0
0
0
0
0
0
0
0
0
0
0
0
0
0
0
0
0
0
0
0
0
0
0
0
0
0
0
0
0
0
0
0
0
0
0
0
0
0
0
0
0
0
0
0
0
0
0
0
0
0
0
0
0
0
0
0
0
0
0
0
0
0
0
0
0
0
0
0
0
0
0
0
0
0
0
0
0
0
0
0
0
0
0
0
0
0
0
0
0
0
0
0
0
0
0
0
0
0
0
0
0
0
0
0
0
0
0
0
0
0
0
0
0
0
0
0
0
0
0
0
0
0
0
0
0
0
0
0
0
0
0
0
0
0
0
0
0
0
0
0
0
0
0
0
0
0
0
0
0
0
0
0
0
0
0
0
0
0
0
0
0
0
0
0
0
0
0
0
0
0
0
0
0
0
0
0
0
0
0
0
0
0
0
0
0
0
0
0
0
0
0
0
0
0
0
0
0
0
0
0
0
0
0
0
0
0
0
0
0
0
0
0
0
0
0
0
0
0
0
0
0
0
0
0
0
0
0
0
0
0
0
0
0
0
0
0
0
0
0
0
0
0
0
0
0
0
0
0
0
0
0
0
0
0
0
0
0
0
0
0
0
0
0
0
0
0
0
0
0
0
0
0
0
0
0
0
0
0
0
0
0
0
0
0
0
0
0
0
0
0
0
0
0
0
0
0
0
0
0
0
0
0
0
0
0
0
0
0
0
0
0
0
0
0
0
0
0
0
0
0
0
0
0
0
0
0
0
0
0
0
0
0
0
0
0
0
0
0
0
0
0
0
0
0
0
0
0
0
0
0
0
0
0
0
0
0
0
0
0
0
0
0
0
0
0
0
0
0
0
0
0
0
0
0
0
0
0
0
0
0
0
0
0
0
0
0
0
0
0
0
0
0
0
0
0
0
0
0
0
0
0
0
0
0
0
0
0
0
0
0
0
0
0
0
0
0
0
0
0
0
0
0
0
0
0
0
0
0
0
0
0
0
0
0
0
0
0
0
0
0
0
0
0
0
0
0
0
0
0
0
0
0
0
0
0
0
0
0
0
0
0
0
0
0
0
0
0
0
0
0
0
0
0
0
0
0
0
0
0
0
0
0
0
0
0
0
0
0
0
0
0
0
0
0
0
0
0
0
0
0
0
0
0
0
0
0
0
0
0
0
0
0
0
0
0
0
0
0
0
0
0
0
0
0
0
0
0
0
0
0
0
0
0
0
0
0
0
0
0
0
0
0
0
0
0
0
0
0
0
0
0
0
0
0
0
0
0
0
0
0
0
0
0
0
0
0
0
0
0
0
0
0
0
0
0
0
0
0
0
0
0
0
0
0
0
0
0
0
0
0
0
0
0
0
0
0
0
0
0
0
0
0
0
0
0
0
0
0
0
0
0
0
0
0
0
0
0
0
0
0
0
0
0
0
0
0
0
0
0
0
0
0
0
0
0
0
0
0
0
0
0
0
0
0
0
0
0
0
0
0
0
0
0
0
0
0
0
0
0
0
0
0
0
0
0
0
0
0
0
0
0
0
0
0
0
0
0
0
0
0
0
0
0
0
0
0
0
0
0
0
0
0
0
0
0
0
0
0
0
0
0
0
0
0
0
0
0
0
0
0
0
0
0
0
0
0
0
0
0
0
0
0
0
0
0
0
0
0
0
0
0
0
0
0
0
0
0
0
0
0
0
0
0
0
0
0
0
0
0
0
0
0
0
0
0
0
0
0
0
0
0
0
0
0
0
0
0
0
0
0
0
0
0
0
0
0
0
0
0
0
0
0
0
0
0
0
0
0
0
0
0
0
0
0
0
0
0
0
0
0
0
0
0
0
0
0
0
0
0
0
0
0
0
0
0
0
0
0
0
0
0
0
0
0
0
0
0
0
0
0
0
0
0
0
0
0
0
0
0
0
0
0
0
0
0
0
0
0
0
0
0
0
0
0
0
0
0
0
0
0
0
0
0
0
0
0
0
0
0
0
0
0
0
0
0
0
0
0
0
0
0
0
0
0
0
0
0
0
0
0
0
0
0
0
0
0
0
0
0
0
0
0
0
0
0
0
0
0
0
0
0
0
0
0
0
0
0
0
0
0
0
0
0
0
0
0
0
0
0
0
0
0
0
0
0
0
0
0
0
0
0
0
0
0
0
0
0
0
0
0
0
0
0
0
0
0
0
0
0
0
0
0
0
0
0
0
0
0
0
0
0
0
0
0
0
0
0
0
0
0
0
0
0
0
0
0
0
0
0
0
0
0
0
0
0
0
0
0
0
0
0
0
0
0
0
0
0
0
0
0
0
0
0
0
0
0
0
0
0
0
0
0
0
0
0
0
0
0
0
0
0
0
0
0
0
0
0
0
0
0
0
0
0
0
0
0
0
0
0
0
0
0
0
0
0
0
0
0
0
0
0
0
0
0
0
0
0
0
0
0
0
0
0
0
0
0
0
0
0
0
0
0
0
0
0
0
0
0
0
0
0
0
0
0
0
0
0
0
0
0
0
0
0
0
0
0
0
0
0
0
0
0
0
0
0
0
0
0
0
0
0
0
0
0
0
0
0
0
0
0
0
0
0
0
0
0
0
0
0
0
0
0
0
0
0
0
0
0
0
0
0
0
0
0
0
0
0
0
0
0
0
0
0
0
0
0
0
0
0
0
0
0
0
0
0
0
0
0
0
0
0
0
0
0
0
0
0
0
0
0
0
0
0
0
0
0
0
0
0
0
0
0
0
0
0
0
0
0
0
0
0
0
0
0
0
0
0
0
0
0
0
0
0
0
0
0
0
0
0
0
0
0
0
0
0
0
0
0
0
0
0
0
0
0
0
0
0
0
0
0
0
0
0
0
0
0
0
0
0
0
0
0
0
0
0
0
0
0
0
0
0
0
0
0
0
0
0
0
0
0
0
0
0
0
0
0
0
0
0
0
0
0
0
0
0
0
0
0
0
0
0
0
0
0
0
0
0
0
0
0
0
0
0
0
0
0
0
0
0
0
0
0
0
0
0
0
0
0
0
0
0
0
0
0
0
0
0
0
0
0
0
0
0
0
0
0
0
0
0
0
0
0
0
0
0
0
0
0
0
0
0
0
0
0
0
0
0
0
0
0
0
0
0
0
0
0
0
0
0
0
0
0
0
0
0
0
0
0
0
0
0
0
0
0
0
0
0
0
0
0
0
0
0
0
0
0
0
0
0
0
0
0
0
0
0
0
0
0
0
0
0
0
0
0
0
0
0
0
0
0
0
0
0
0
0
0
0
0
0
0
0
0
0
0
0
0
0
0
0
0
0
0
0
0
0
0
0
0
0
0
0
0
0
0
0
0
0
0
0
0
0
0
0
0
0
0
0
0
0
0
0
0
0
0
0
0
0
0
0
0
0
0
0
0
0
0
0
0
0
0
0
0
0
0
0
0
0
0
0
0
0
0
0
0
0
0
0
0
0
0
0
0
0
0
0
0
0
0
0
0
0
0
0
0
0
0
0
0
0
0
0
0
0
0
0
0
0
0
0
0
0
0
0
0
0
0
0
0
0
0
0
0
0
0
0
0
0
0
0
0
0
0
0
0
0
0
0
0
0
0
0
0
0
0
0
0
0
0
0
0
0
0
0
0
0
0
0
0
0
0
0
0
0
0
0
0
0
0
0
0
0
0
0
0
0
0
0
0
0
0
0
0
0
0
0
0
0
0
0
0
0
0
0
0
0
0
0
0
0
0
0
0
0
0
0
0
0
0
0
0
0
0
0
0
0
0
0
0
0
0
0
0
0
0
0
0
0
0
0
0
0
0
0
0
0
0
0
0
0
0
0
0
0
0
0
0
0
0
0
0
0
0
0
0
0
0
0
0
0
0
0
0
0
0
0
0
0
0
0
0
0
0
0
0
0
0
0
0
0
0
0
0
0
0
0
0
0
0
0
0
0
0
0
0
0
0
0
0
0
0
0
0
0
0
0
0
0
0
0
0
0
0
0
0
0
0
0
0
0
0
0
0
0
0
0
0
0
0
0
0
0
0
0
0
0
0
0
0
0
0
0
0
0
0
0
0
0
0
0
0
0
0
0
0
0
0
0
0
0
0
0
0
0
0
0
0
0
0
0
0
0
0
0
0
0
0
0
0
0
0
0
0
0
