int
0
0
0
0
3936
2071
0
0
0
2124
2081
2198
2135
0
2064
0
0
2131
0
2060
2109
2195
2202
0
3848
2191
0
0
0
3844
2105
2187
2102
0
3840
2151
0
0
2123
2176
2145
2119
2098
0
2056
2115
0
0
2055
2168
2141
2051
2094
0
2164
2159
0
0
2155
2160
2137
2175
2090
3931
2076
3945
3927
3923
2239
2072
3941
2235
2086
2231
2227
2223
2219
2215
2211
2207
6279
0
0
0
0
3936
2071
0
0
0
2124
2081
2198
2135
0
2064
0
0
2131
0
2060
2109
2195
2202
0
3848
2191
0
0
0
3844
2105
2187
2102
0
3840
2151
0
0
2123
2176
2145
2119
2098
0
2056
2115
0
0
2055
2168
2141
2051
2094
0
2164
2159
0
0
2155
2160
2137
2175
2090
3931
2076
3945
3927
3923
2239
2072
3941
2235
2086
2231
2227
2223
2219
2215
2211
2207
6279
0
0
0
0
2162
0
0
0
2208
2185
2078
2199
0
0
0
2074
0
2204
0
2137
2178
0
2203
0
0
2070
2064
0
0
2101
2170
0
2111
0
0
2060
2166
0
0
2097
2158
0
2107
2154
2056
0
2150
0
0
2093
2134
0
2147
3848
2130
0
0
2126
0
2089
2122
0
3844
2118
2143
0
2114
0
0
2085
2054
3840
0
2050
2195
2174
3944
3930
3926
2081
3922
3940
2238
2234
2230
2226
3936
2222
2213
2218
2182
6287
0
0
0
0
2162
0
0
0
2060
2189
2078
2199
0
0
0
2074
0
2056
0
2185
2178
0
2203
0
0
2070
2108
0
0
2141
2170
0
2095
0
0
2212
2166
0
0
2137
2158
0
2091
2154
3848
0
2150
0
0
2105
2134
0
2087
3844
2130
0
0
2126
0
2101
2122
0
3840
2118
2083
0
2114
0
0
2097
2054
2208
0
2050
2147
2174
3944
3930
2205
3926
3922
3940
2238
2234
2230
2226
3936
2065
2222
2218
2182
6291
0
0
0
0
0
0
0
0
0
0
0
0
0
0
2176
2217
2102
2199
0
0
0
0
0
0
0
0
0
0
0
2104
2089
2098
0
2203
2128
0
0
0
0
2124
0
0
0
0
2064
2085
2094
0
3947
3848
0
0
0
0
3844
0
0
0
0
3840
2081
2146
0
3943
2060
0
0
0
0
2056
0
0
0
0
2132
2077
2142
0
2192
3939
0
0
2188
0
0
0
2184
0
0
2112
2073
2138
2052
0
2171
2048
0
0
2156
0
0
2152
0
0
2148
2069
2226
2120
0
2167
2116
0
2172
3928
3924
3920
2236
2232
2228
2212
2208
2204
2180
2109
2222
6259
0
0
0
0
0
0
0
0
0
0
0
0
0
0
2176
2217
2102
2199
0
0
0
0
0
0
0
0
0
0
0
2104
2089
2098
0
2203
2128
0
0
0
0
2124
0
0
0
0
2064
2085
2094
0
3947
3848
0
0
0
0
3844
0
0
0
0
3840
2081
2146
0
3943
2060
0
0
0
0
2056
0
0
0
0
2132
2077
2142
0
2192
3939
0
0
2188
0
0
0
2184
0
0
2112
2073
2138
2052
0
2171
2048
0
0
2156
0
0
2152
0
0
2148
2069
2226
2120
0
2167
2116
0
2172
3928
3924
3920
2236
2232
2228
2212
2208
2204
2180
2109
2222
6259
0
0
0
0
0
0
0
0
0
2185
0
0
0
0
2084
2098
2199
0
2213
0
0
0
0
0
0
0
0
2209
0
2080
2094
0
2203
0
0
0
2205
0
0
0
0
0
0
0
2076
3849
2146
3947
0
0
0
0
0
0
3845
0
0
0
0
2072
0
2142
3943
3841
0
0
0
0
0
0
0
0
2061
0
2068
0
2138
3939
0
0
0
2057
0
0
0
0
0
0
0
2108
2065
2226
2171
2133
0
0
2129
0
0
2125
0
0
2121
0
2176
2117
2222
2167
2113
0
0
2053
0
0
2049
0
0
2157
0
2104
2153
2218
2163
2149
0
2173
3929
3925
3921
2192
2237
2233
2229
2181
0
0
2090
2103
0
6284
0
0
0
0
0
0
0
0
0
2185
0
0
0
0
2084
2098
2199
0
2213
0
0
0
0
0
0
0
0
2209
0
2080
2094
0
2203
0
0
0
2205
0
0
0
0
0
0
0
2076
3849
2146
3947
0
0
0
0
0
0
3845
0
0
0
0
2072
0
2142
3943
3841
0
0
0
0
0
0
0
0
2061
0
2068
0
2138
3939
0
0
0
2057
0
0
0
0
0
0
0
2108
2065
2226
2171
2133
0
0
2129
0
0
2125
0
0
2121
0
2176
2117
2222
2167
2113
0
0
2053
0
0
2049
0
0
2157
0
2104
2153
2218
2163
2149
0
2173
3929
3925
3921
2192
2237
2233
2229
2181
0
0
2090
2103
0
6284
0
0
0
0
2058
0
0
0
3940
2185
2134
2199
0
0
0
3850
0
3936
0
2137
2066
0
2203
0
0
3842
2232
0
0
2101
3846
0
2111
0
2130
2228
0
0
2062
2097
0
2170
2107
0
2068
2166
0
0
2162
2093
0
2158
2147
2076
2154
0
0
2150
0
2089
2122
0
2072
2118
2143
0
2114
0
0
2085
2054
2176
0
2050
2195
2174
3930
3926
3922
2081
2236
2226
2222
2218
2214
2124
2210
2206
3945
2182
6287
0
0
0
0
2126
0
0
0
3936
2189
2066
2199
0
0
0
3850
0
2228
0
2185
3846
0
2203
0
0
3842
2076
0
0
2141
2062
0
2095
0
0
2072
2058
0
0
2137
0
2134
2091
0
2176
2170
0
0
2166
2105
0
2162
2087
2068
2158
0
0
2154
0
2101
2150
0
2108
2122
2083
0
2118
0
0
2097
2114
2236
0
2054
2147
0
2050
0
3945
2174
2232
3930
3926
3922
2226
2128
2222
3941
2218
2214
2210
2206
2182
6291
0
0
0
0
0
0
0
0
2068
3937
2110
0
0
0
0
2191
0
2064
2177
0
2106
0
0
0
0
0
2212
2057
0
0
2146
2187
0
0
0
2208
2077
0
0
0
2142
0
0
0
2204
3849
0
2195
0
0
2138
0
0
2060
3845
0
2132
0
0
2128
2102
2199
2124
3841
0
2120
0
0
2116
0
2098
2112
2237
2203
2052
0
0
2048
0
0
2168
2233
2094
2164
2091
0
2160
0
0
2156
2229
3946
2152
0
2087
2148
0
2172
3928
3924
3920
2224
2220
2216
2180
2073
3942
6179
0
0
0
0
0
0
0
0
2068
3937
2110
0
0
0
0
2191
0
2064
2177
0
2106
0
0
0
0
0
2212
2057
0
0
2146
2187
0
0
0
2208
2077
0
0
0
2142
0
0
0
2204
3849
0
2195
0
0
2138
0
0
2060
3845
0
2132
0
0
2128
2102
2199
2124
3841
0
2120
0
0
2116
0
2098
2112
2237
2203
2052
0
0
2048
0
0
2168
2233
2094
2164
2091
0
2160
0
0
2156
2229
3946
2152
0
2087
2148
0
2172
3928
3924
3920
2224
2220
2216
2180
2073
3942
6179
0
0
0
0
0
0
0
0
0
0
0
0
0
0
0
0
0
0
2224
2101
2070
2199
0
0
0
0
0
0
0
0
0
0
0
0
0
0
0
2220
2097
2110
0
2191
0
0
0
0
0
0
0
0
0
0
0
0
0
0
2216
2093
2106
0
0
2187
0
2066
0
0
0
0
2126
0
0
0
0
2058
0
2088
2145
0
3850
0
0
2203
0
2134
0
0
0
0
3842
0
0
0
3846
0
2084
2141
2062
0
0
0
2130
2195
0
2158
0
0
2154
0
0
2150
0
0
2122
2080
2137
2118
0
0
2114
0
3947
2054
0
0
2050
0
0
2170
0
0
2166
0
2076
2237
2162
0
2174
3930
3926
3922
2214
2210
2206
2182
3943
0
0
0
0
0
0
2176
2233
0
0
0
0
0
0
0
0
0
0
3939
0
0
0
0
0
0
2072
6325
0
0
0
0
0
0
0
0
0
0
0
0
0
0
0
0
0
0
2224
2101
2070
2199
0
0
0
0
0
0
0
0
0
0
0
0
0
0
0
2220
2097
2110
0
2191
0
0
0
0
0
0
0
0
0
0
0
0
0
0
2216
2093
2106
0
0
2187
0
2066
0
0
0
0
2126
0
0
0
0
2058
0
2088
2145
0
3850
0
0
2203
0
2134
0
0
0
0
3842
0
0
0
3846
0
2084
2141
2062
0
0
0
2130
2195
0
2158
0
0
2154
0
0
2150
0
0
2122
2080
2137
2118
0
0
2114
0
3947
2054
0
0
2050
0
0
2170
0
0
2166
0
2076
2237
2162
0
2174
3930
3926
3922
2214
2210
2206
2182
3943
0
0
0
0
0
0
2176
2233
0
0
0
0
0
0
0
0
0
0
3939
0
0
0
0
0
0
2072
6325
0
0
0
0
0
0
0
0
0
0
0
0
0
0
0
0
0
0
2068
2225
2102
0
0
0
0
2191
0
0
0
0
0
0
0
0
0
0
0
2108
2221
2098
0
0
0
0
0
0
0
0
0
0
0
2187
0
0
0
0
2104
2217
2094
0
0
0
0
0
0
2060
0
0
0
0
0
0
0
0
2056
0
2089
2146
2195
0
0
0
0
2064
0
0
0
0
0
0
0
0
3848
0
0
2085
2142
0
0
2199
0
3844
0
0
0
0
0
0
0
0
3840
0
0
0
2081
2138
0
0
0
2212
2203
0
0
0
0
0
0
0
2208
0
0
0
0
2077
2238
0
0
2204
0
3947
2120
0
0
2116
0
0
2112
0
0
2052
0
0
2048
2177
2234
2168
0
0
2164
3943
0
2160
0
0
2156
0
0
2152
0
0
2148
0
2073
2132
2230
0
2128
0
3939
2124
0
2172
3928
3924
3920
6276
0
0
0
0
0
0
0
0
0
0
0
0
0
0
0
0
0
0
2068
2225
2102
0
0
0
0
2191
0
0
0
0
0
0
0
0
0
0
0
2108
2221
2098
0
0
0
0
0
0
0
0
0
0
0
2187
0
0
0
0
2104
2217
2094
0
0
0
0
0
0
2060
0
0
0
0
0
0
0
0
2056
0
2089
2146
2195
0
0
0
0
2064
0
0
0
0
0
0
0
0
3848
0
0
2085
2142
0
0
2199
0
3844
0
0
0
0
0
0
0
0
3840
0
0
0
2081
2138
0
0
0
2212
2203
0
0
0
0
0
0
0
2208
0
0
0
0
2077
2238
0
0
2204
0
3947
2120
0
0
2116
0
0
2112
0
0
2052
0
0
2048
2177
2234
2168
0
0
2164
3943
0
2160
0
0
2156
0
0
2152
0
0
2148
0
2073
2132
2230
0
2128
0
3939
2124
0
2172
3928
3924
3920
6276
0
0
0
0
0
0
0
0
0
0
0
0
0
0
0
0
0
0
0
0
0
0
0
0
0
0
0
0
0
0
0
0
0
0
0
0
0
0
0
0
0
0
0
0
0
0
0
0
0
0
0
0
0
0
0
0
0
0
0
0
0
0
0
0
0
0
0
0
0
0
0
0
0
0
0
0
0
0
0
0
0
0
0
0
0
0
0
0
0
0
0
0
0
0
0
0
0
0
0
0
0
0
0
0
0
0
0
0
0
0
0
0
0
0
0
0
0
0
0
0
0
0
0
0
0
0
0
0
0
0
0
0
0
0
0
0
0
0
0
0
0
0
0
0
0
0
0
0
0
0
0
0
0
0
0
0
0
0
0
0
0
0
0
0
0
0
0
0
0
0
0
0
0
0
0
0
0
0
0
0
0
0
0
0
0
0
0
0
0
0
0
0
0
0
0
0
0
0
0
0
0
0
0
0
0
0
0
0
0
0
0
0
0
0
0
0
0
0
0
0
0
0
0
0
0
0
0
0
0
0
0
0
0
0
0
0
0
0
0
0
0
0
0
0
0
0
0
0
0
0
0
0
0
0
0
0
0
0
0
0
0
0
0
0
0
0
0
0
0
0
0
0
0
0
0
0
0
0
0
0
0
0
0
0
0
0
0
0
0
0
0
0
0
0
0
0
0
0
0
0
0
0
0
0
0
0
0
0
0
0
0
0
0
0
0
0
0
0
0
0
0
0
0
0
0
0
0
0
0
0
0
0
0
0
0
0
0
0
0
0
0
0
0
0
0
0
0
0
0
0
0
0
0
0
0
0
0
0
0
0
0
0
0
0
0
0
0
0
0
0
0
0
0
0
0
0
0
0
0
0
0
0
0
0
0
0
0
0
0
0
0
0
0
0
0
0
0
0
0
0
0
0
0
0
0
0
0
0
0
0
0
0
0
0
0
0
0
0
0
0
0
0
0
0
0
0
0
0
0
0
0
0
0
0
0
0
0
0
0
0
0
0
0
0
0
0
0
0
0
0
0
0
0
0
0
0
0
0
0
0
0
0
0
0
0
0
0
0
0
0
0
0
0
0
0
0
0
0
0
0
0
0
0
0
0
0
0
0
0
0
0
0
0
0
0
0
0
0
0
0
0
0
0
0
0
0
0
0
0
0
0
0
0
0
0
0
0
0
0
0
0
0
0
0
0
0
0
0
0
0
0
0
0
0
0
0
0
0
0
0
0
0
0
0
0
0
0
0
0
0
0
0
0
0
0
0
0
0
0
0
0
0
0
0
0
0
0
0
0
0
0
0
0
0
0
0
0
0
0
0
0
0
0
0
0
0
0
0
0
0
0
0
0
0
0
0
0
0
0
0
0
0
0
0
0
0
0
0
0
0
0
0
0
0
0
0
0
0
0
0
0
0
0
0
0
0
0
0
0
0
0
0
0
0
0
0
0
0
0
0
0
0
0
0
0
0
0
0
0
0
0
0
0
0
0
0
0
0
0
0
0
0
0
0
0
0
0
0
0
0
0
0
0
0
0
0
0
0
0
0
0
0
0
0
0
0
0
0
0
0
0
0
0
0
0
0
0
0
0
0
0
0
0
0
0
0
0
0
0
0
0
0
0
0
0
0
0
0
0
0
0
0
0
0
0
0
0
0
0
0
0
0
0
0
0
0
0
0
0
0
0
0
0
0
0
0
0
0
0
0
0
0
0
0
0
0
0
0
0
0
0
0
0
0
0
0
0
0
0
0
0
0
0
0
0
0
0
0
0
0
0
0
0
0
0
0
0
0
0
0
0
0
0
0
0
0
0
0
0
0
0
0
0
0
0
0
0
0
0
0
0
0
0
0
0
0
0
0
0
0
0
0
0
0
0
0
0
0
0
0
0
0
0
0
0
0
0
0
0
0
0
0
0
0
0
0
0
0
0
0
0
0
0
0
0
0
0
0
0
0
0
0
0
0
0
0
0
0
0
0
0
0
0
0
0
0
0
0
0
0
0
0
0
0
0
0
0
0
0
0
0
0
0
0
0
0
0
0
0
0
0
0
0
0
0
0
0
0
0
0
0
0
0
0
0
0
0
0
0
0
0
0
0
0
0
0
0
0
0
0
0
0
0
0
0
0
0
0
0
0
0
0
0
0
0
0
0
0
0
0
0
0
0
0
0
0
0
0
0
0
0
0
0
0
0
0
0
0
0
0
0
0
0
0
0
0
0
0
0
0
0
0
0
0
0
0
0
0
0
0
0
0
0
0
0
0
0
0
0
0
0
0
0
0
0
0
0
0
0
0
0
0
0
0
0
0
0
0
0
0
0
0
0
0
0
0
0
0
0
0
0
0
0
0
0
0
0
0
0
0
0
0
0
0
0
0
0
0
0
0
0
0
0
0
0
0
0
0
0
0
0
0
0
0
0
0
0
0
0
0
0
0
0
0
0
0
0
0
0
0
0
0
0
0
0
0
0
0
0
0
0
0
0
0
0
0
0
0
0
0
0
0
0
0
0
0
0
0
0
0
0
0
0
0
0
0
0
0
0
0
0
0
0
0
0
0
0
0
0
0
0
0
0
0
0
0
0
0
0
0
0
0
0
0
0
0
0
0
0
0
0
0
0
0
0
0
0
0
0
0
0
0
0
0
0
0
0
0
0
0
0
0
0
0
0
0
0
0
0
0
0
0
0
0
0
0
0
0
0
0
0
0
0
0
0
0
0
0
0
0
0
0
0
0
0
0
0
0
0
0
0
0
0
0
0
0
0
0
0
0
0
0
0
0
0
0
0
0
0
0
0
0
0
0
0
0
0
0
0
0
0
0
0
0
0
0
0
0
0
0
0
0
0
0
0
0
0
0
0
0
0
0
0
0
0
0
0
0
0
0
0
0
0
0
0
0
0
0
0
0
0
0
0
0
0
0
0
0
0
0
0
0
0
0
0
0
0
0
0
0
0
0
0
0
0
0
0
0
0
0
0
0
0
0
0
0
0
0
0
0
0
0
0
0
0
0
0
0
0
0
0
0
0
0
0
0
0
0
0
0
0
0
0
0
0
0
0
0
0
0
0
0
0
0
0
0
0
0
0
0
0
0
0
0
0
0
0
0
0
0
0
0
0
0
0
0
0
0
0
0
0
0
0
0
0
0
0
0
0
0
0
0
0
0
0
0
0
0
0
0
0
0
0
0
0
0
0
0
0
0
0
0
0
0
0
0
0
0
0
0
0
0
0
0
0
0
0
0
0
0
0
0
0
0
0
0
0
0
0
0
0
0
0
0
0
0
0
0
0
0
0
0
0
0
0
0
0
0
0
0
0
0
0
0
0
0
0
0
0
0
0
0
0
0
0
0
0
0
0
0
0
0
0
0
0
0
0
0
0
0
0
0
0
0
0
0
0
0
0
0
0
0
0
0
0
0
0
0
0
0
0
0
0
0
0
0
0
0
0
0
0
0
0
0
0
0
0
0
0
0
0
0
0
0
0
0
0
0
0
0
0
0
0
0
0
0
0
0
0
0
0
0
0
0
0
0
0
0
0
0
0
0
0
0
0
0
0
0
0
0
0
0
0
0
0
0
0
0
0
0
0
0
0
0
0
0
0
0
0
0
0
0
0
0
0
0
0
0
0
0
0
0
0
0
0
0
0
0
0
0
0
0
0
0
0
0
0
0
0
0
0
0
0
0
0
0
0
0
0
0
0
0
0
0
0
0
0
0
0
0
0
0
0
0
0
0
0
0
0
0
0
0
0
0
0
0
0
0
0
0
0
0
0
0
0
0
0
0
0
0
0
0
0
0
0
0
0
0
0
0
0
0
0
0
0
0
0
0
0
0
0
0
0
0
0
0
0
0
0
0
0
0
0
0
0
0
0
0
0
0
0
0
0
0
0
0
0
0
0
0
0
0
0
0
0
0
0
0
0
0
0
0
0
0
0
0
0
0
0
0
0
0
0
0
0
0
0
0
0
0
0
0
0
0
0
0
0
0
0
0
0
0
0
0
0
0
0
0
0
0
0
0
0
0
0
0
0
0
0
0
0
0
0
0
0
0
0
0
0
0
0
0
0
0
0
0
0
0
0
0
0
0
0
0
0
0
0
0
0
0
0
0
0
0
0
0
0
0
0
0
0
0
0
0
0
0
0
0
0
0
0
0
0
0
0
0
0
0
0
0
0
0
0
0
0
0
0
0
0
0
0
0
0
0
0
0
0
0
0
0
0
0
0
0
0
0
0
0
0
0
0
0
0
0
0
0
0
0
0
0
0
0
0
0
0
0
0
0
0
0
0
0
0
0
0
0
0
0
0
0
0
0
0
0
0
0
0
0
0
0
0
0
0
0
0
0
0
0
0
0
0
0
0
0
0
0
0
0
0
0
0
0
0
0
0
0
0
0
0
0
0
0
0
0
0
0
0
0
0
0
0
0
0
0
0
0
0
0
0
0
0
0
0
0
0
0
0
0
0
0
0
0
0
0
0
0
0
0
0
0
0
0
0
0
0
0
0
0
0
0
0
0
0
0
0
0
0
0
0
0
0
0
0
0
0
0
0
0
0
0
0
0
0
0
0
0
0
0
0
0
0
0
0
0
0
0
0
0
0
0
0
0
0
0
0
0
0
0
0
0
0
0
0
0
0
0
0
0
0
0
0
0
0
0
0
0
0
0
0
0
0
0
0
0
0
0
0
0
0
0
0
0
0
0
0
0
0
0
0
0
0
0
0
0
0
0
0
0
0
0
0
0
0
0
0
0
0
0
0
0
0
