int
0
0
0
0
0
2158
2083
0
0
2104
3961
2074
2171
0
0
0
2059
2070
0
2100
3957
2195
0
2066
0
2191
0
0
0
2096
3953
2142
2063
0
0
0
2179
2138
0
2128
2121
2175
0
2134
2147
0
2183
3931
3927
2124
2117
2094
3923
2219
2215
2076
2211
2186
2207
2203
2113
2164
2199
2090
2155
2151
2055
2160
2051
2086
6205
0
0
0
0
0
0
0
0
0
2131
2080
2141
2166
0
0
0
0
0
0
2127
3960
0
2137
2162
0
0
0
0
0
2123
3956
0
0
2133
2158
0
0
0
0
2119
3952
0
0
2191
2065
3930
0
2179
0
0
2112
2175
0
0
0
2093
3926
2171
0
0
2108
2059
0
0
0
2063
2185
3922
0
2195
2104
2147
2219
2215
2211
2207
2203
2181
2078
2199
2100
2155
2151
2055
2051
0
0
0
2089
2074
2096
0
0
0
0
0
0
0
0
2085
6166
0
0
0
0
0
2132
0
0
0
0
0
2092
0
0
2117
2106
3963
2088
0
0
0
0
0
2184
0
0
0
0
0
2084
2113
2102
3959
0
0
2080
0
0
0
0
0
2076
0
0
0
2109
2098
2164
3955
0
0
0
0
2160
0
0
0
0
0
2156
2181
2130
0
2188
3931
0
2073
2176
0
0
0
2172
2069
0
0
2168
2126
0
2065
2056
3927
0
0
2060
2141
0
0
2192
0
2144
2216
2212
2208
2204
2200
2196
2152
2148
2052
2048
2137
2122
8019
0
0
0
0
0
0
0
0
0
0
0
0
0
0
0
0
0
0
0
0
0
0
2064
2085
2110
3963
0
0
0
0
0
0
0
0
0
0
0
0
0
0
0
0
0
0
0
2140
2081
2106
3959
0
0
0
0
0
0
0
0
0
0
0
0
0
0
0
0
0
0
0
2136
2077
2102
3955
0
0
0
0
0
0
0
0
0
0
0
0
0
0
0
0
0
0
0
2132
2165
2098
3931
0
0
0
0
0
0
0
0
0
0
0
0
0
0
0
0
0
0
0
2128
2161
2094
3927
0
0
0
0
0
0
0
0
0
0
0
0
0
0
0
0
0
0
0
2124
2157
2090
3923
0
0
0
0
0
0
0
0
0
0
0
0
0
0
0
0
0
0
0
2120
2073
2186
2119
2188
0
0
0
2176
0
0
0
2172
0
0
0
2168
0
0
0
2056
0
0
0
2060
2069
2182
2115
2192
0
2144
2216
2212
2208
2204
2200
2196
2152
2148
2052
6144
0
0
0
0
0
0
0
2201
2159
3960
2098
0
0
0
0
2197
2155
0
0
3956
2130
0
0
2077
2151
0
0
0
0
3952
2126
2073
2147
0
0
0
0
0
2138
2120
2185
2143
0
0
0
2191
2134
0
2069
2116
2059
0
0
0
2094
2179
2065
0
0
2112
2175
0
2090
0
2053
2171
0
0
0
2108
2086
2063
2049
0
0
2195
0
2183
2082
2104
2165
3931
3927
3923
2219
2215
2206
2211
2161
6196
0
0
0
0
0
0
0
0
0
2126
0
0
2200
2133
2163
0
0
0
0
2122
0
0
0
0
0
2196
2089
2159
0
2118
0
0
0
0
0
0
0
0
2068
2085
2114
2155
0
0
0
0
0
0
0
0
2110
2064
3929
0
2151
0
0
0
0
0
2106
0
0
0
2184
3925
0
2147
0
0
2102
0
0
0
0
0
0
2180
3921
0
2098
2143
0
0
0
0
0
0
0
0
2052
2081
2130
0
2139
0
2170
0
0
0
2062
0
0
2048
2077
2058
3963
0
0
2194
0
0
0
2190
0
0
2092
2073
2178
3959
0
0
2174
2218
2214
2210
0
0
0
2164
2205
8051
0
0
0
0
0
0
0
2086
2155
0
0
0
0
0
2096
3961
2082
2151
0
0
0
0
0
0
2078
2147
0
0
0
2128
3957
0
2206
2143
0
0
0
0
0
0
2202
2139
0
0
2124
3953
0
0
2198
2135
0
0
0
0
0
0
2074
2095
0
2120
3929
0
0
0
2070
2091
0
0
0
2171
0
0
2186
2063
2116
3925
0
2059
0
0
2066
2195
0
0
0
2191
0
0
2054
2112
3921
2179
0
0
0
2175
2050
2219
2215
2211
0
0
0
0
2108
2105
2166
0
0
0
0
0
0
0
2162
0
0
0
0
2180
2101
0
6254
0
0
0
0
0
0
0
0
0
0
0
0
0
0
0
0
0
0
0
0
0
0
0
0
2120
2161
2202
3963
0
0
0
0
0
0
0
0
0
0
0
0
0
0
0
0
0
0
0
0
0
2116
2157
2198
3959
0
0
0
0
0
0
0
0
0
0
0
0
0
0
0
0
0
0
0
0
0
2112
2153
2074
3955
0
0
0
0
0
0
0
0
0
0
0
0
0
0
0
0
0
0
0
0
0
2108
2149
2070
3931
0
0
0
0
0
0
0
0
0
0
0
0
0
0
0
0
0
0
0
0
0
2104
2145
2186
3927
0
0
0
0
0
0
0
0
0
0
0
0
0
0
0
0
0
0
0
0
0
2100
2141
2182
3923
0
0
0
0
0
0
0
0
0
0
0
0
0
0
0
0
0
0
0
0
0
2096
2137
2066
2087
0
0
0
0
0
0
0
0
0
0
0
0
0
0
0
0
0
0
0
0
0
2092
2133
2054
2083
0
0
0
0
0
0
0
0
0
0
0
0
0
0
0
0
0
0
0
0
0
2088
2129
2050
2079
2168
0
0
0
2060
0
0
0
2056
0
0
0
2192
0
0
0
2188
0
0
0
2176
0
2125
2166
2172
2216
2212
2208
6303
0
0
0
0
0
0
0
0
0
2160
2077
3962
2123
0
0
0
0
0
0
2156
2073
3958
2119
0
0
0
0
0
0
2064
2193
3954
2115
0
0
0
0
0
0
2060
2189
2094
2111
0
0
0
0
0
0
2056
2185
2090
2107
0
0
0
0
0
0
2140
2069
2086
2103
0
0
0
0
0
0
2136
2177
2218
2099
0
2183
0
2147
3931
3927
2132
2173
2214
3923
2207
2203
2199
2155
2151
2055
2128
2169
2210
2051
0
0
0
0
0
0
2124
2165
6178
0
0
0
0
0
0
0
0
0
3958
0
0
0
0
2068
2085
2163
0
0
3954
0
0
0
0
0
0
0
0
0
2064
2081
2118
2159
0
0
0
0
0
0
0
0
2114
0
0
2192
2077
0
2063
0
0
0
2110
0
0
0
0
0
0
0
2188
3929
2106
2059
0
0
0
0
0
0
0
0
2102
0
0
2184
3925
0
2095
0
0
0
2098
0
0
0
0
0
0
0
2180
3921
2130
2143
0
0
0
0
0
0
0
0
2126
0
0
2176
2217
0
2139
0
0
0
2122
0
2146
2206
2202
2198
2154
2150
2172
2213
2054
2050
2135
0
0
0
0
0
0
0
0
0
0
2168
2209
0
0
2091
0
0
0
0
0
0
0
0
0
3963
2164
6169
0
0
0
0
0
0
0
0
0
2062
2079
0
0
0
2128
3961
0
0
0
2058
2075
0
0
0
0
0
0
0
0
2124
3957
2142
2071
0
0
0
0
0
0
0
0
2138
2195
0
2120
3953
0
0
0
0
0
2134
2191
0
0
0
0
0
0
2116
3929
2094
2187
0
0
0
0
0
0
0
0
2090
2179
0
2112
3925
0
0
0
0
0
2086
2175
0
0
0
0
0
0
2108
3921
2082
2171
2146
2206
2202
2198
2154
2150
2054
2050
0
2167
0
2180
2105
0
0
0
0
0
0
2163
0
2216
0
0
0
0
0
2101
0
2159
0
2212
0
0
0
0
0
0
0
2067
0
2208
6193
0
0
0
0
0
0
0
0
0
0
0
0
0
0
0
0
0
0
0
0
0
0
0
0
0
0
2064
2069
3962
2111
0
0
0
0
0
0
0
0
0
0
0
0
0
0
0
0
0
0
0
0
0
0
0
2060
2193
3958
2107
0
0
0
0
0
0
0
0
0
0
0
0
0
0
0
0
0
0
0
0
0
0
0
2056
2189
3954
2103
0
0
0
0
0
0
0
0
0
0
0
0
0
0
0
0
0
0
0
0
0
0
0
2140
2185
3930
2099
0
0
0
0
0
0
0
0
0
0
0
0
0
0
0
0
0
0
0
0
0
0
0
2136
2181
3926
2095
0
0
0
0
0
0
0
0
0
0
0
0
0
0
0
0
0
0
0
0
0
0
0
2132
2177
3922
2091
0
0
0
0
0
0
0
0
0
0
0
0
0
0
0
0
0
0
0
0
0
0
0
2128
2173
2218
2087
0
0
0
0
0
0
0
0
0
0
0
0
0
0
0
0
0
0
0
0
0
0
0
2124
2169
2214
2083
0
2147
2207
2203
2199
2155
2151
2055
2051
0
0
0
0
0
0
0
0
0
0
0
0
0
0
2120
2165
2210
0
0
0
0
0
0
0
0
0
0
0
0
0
0
0
0
0
0
0
0
0
0
0
0
2116
2161
2078
0
0
0
0
0
0
0
0
0
0
0
0
0
0
0
0
0
0
0
0
0
0
0
0
2112
2157
6170
0
0
0
0
0
0
0
0
0
3960
0
2153
2198
2063
0
0
0
0
0
3956
0
0
0
2149
2194
2059
0
0
0
3952
0
0
0
0
0
2145
2190
2055
0
2108
0
0
0
0
0
0
0
2141
2186
2104
2051
0
0
0
0
0
0
0
0
2100
2137
2086
2095
0
0
0
0
0
0
2096
0
0
2133
2178
2091
0
0
0
0
2128
0
0
0
0
2081
2174
2219
0
0
2124
0
0
0
0
0
0
2077
2170
2215
2120
0
0
0
0
0
0
0
0
2073
2116
2166
2211
0
0
0
0
0
0
0
2112
2069
2180
3928
3924
3920
2162
2207
0
0
0
0
0
2065
0
0
0
0
2158
6299
0
0
0
0
0
0
0
0
0
0
0
0
0
0
0
0
2060
2153
2198
2095
0
0
0
0
0
0
0
0
0
0
0
0
0
2056
2149
2194
2091
0
0
0
0
0
0
0
0
0
0
0
0
0
2052
2145
2190
2087
0
0
0
0
0
0
0
0
0
0
0
0
0
2048
2141
2186
3931
0
0
0
0
0
0
3960
0
0
0
0
0
0
0
2137
2182
3956
3927
0
0
0
0
0
0
0
0
3952
0
0
0
0
2133
2178
0
3923
0
2128
0
0
0
0
0
0
0
0
0
2124
0
2081
2174
0
2219
0
0
0
0
2120
0
0
0
0
0
0
0
0
2077
2116
2170
2215
0
0
0
0
0
0
0
2112
0
0
0
0
0
2073
0
2166
2211
2108
0
0
0
0
0
0
0
0
0
2104
0
0
2069
0
2162
2207
0
0
0
2100
0
0
0
0
0
0
0
0
0
2096
2065
2158
6299
0
0
0
0
0
0
0
0
0
0
0
2133
2190
0
3960
2123
0
0
0
0
0
0
0
2093
2186
0
0
0
0
3956
2119
0
0
0
0
2089
2178
0
0
0
0
0
0
0
3952
2115
0
2085
2174
0
0
0
0
0
0
0
0
0
0
3928
2081
2170
2111
0
0
0
0
0
0
0
0
0
2077
2166
3924
0
0
2183
0
0
0
0
0
0
2073
2162
0
0
0
3920
2219
0
0
0
0
0
2069
2158
0
0
0
0
2215
0
2104
0
0
0
2065
2154
0
0
0
0
2211
0
0
0
0
2100
2061
2150
0
0
0
0
2207
0
0
0
0
0
2057
2146
2096
0
0
0
2203
0
0
0
0
0
2053
2142
0
0
0
2128
2199
0
0
0
0
0
2049
2138
0
0
0
0
2195
0
6220
0
0
0
0
0
0
0
0
0
0
0
0
0
0
0
0
0
0
0
0
0
0
0
0
0
0
0
0
2136
2189
3962
2087
0
0
0
0
0
0
0
0
0
0
0
0
0
0
0
0
0
0
0
0
0
0
0
0
0
2132
2185
3958
2083
0
0
0
0
0
0
0
0
0
0
0
0
0
0
0
0
0
0
0
0
0
0
0
0
0
2128
2181
3954
2079
0
0
0
0
0
0
0
0
0
0
0
0
0
0
0
0
0
0
0
0
0
0
0
0
0
2124
2177
3930
2075
0
0
0
0
0
0
0
0
0
0
0
0
0
0
0
0
0
0
0
0
0
0
0
0
0
2120
2173
3926
2071
0
0
0
0
0
0
0
0
0
0
0
0
0
0
0
0
0
0
0
0
0
0
0
0
0
2116
2169
3922
2067
0
0
0
0
0
0
0
0
0
0
0
0
0
0
0
0
0
0
0
0
0
0
0
0
0
2112
2165
2218
2063
0
0
0
0
0
0
0
0
0
0
0
0
0
0
0
0
0
0
0
0
0
0
0
0
0
2108
2161
2214
2059
0
0
0
0
0
0
0
0
0
0
0
0
0
0
0
0
0
0
0
0
0
0
0
0
0
2104
2157
2210
2055
0
0
0
0
0
0
0
0
0
0
0
0
0
0
0
0
0
0
0
0
0
0
0
0
0
2100
2153
2206
2051
0
0
0
0
0
0
0
0
0
0
0
0
0
0
0
0
0
0
0
0
0
0
0
0
0
2096
2149
2202
0
0
0
0
0
0
0
0
0
0
0
0
0
0
0
0
0
0
0
0
0
0
0
0
0
0
2092
2145
2198
0
0
0
0
0
0
0
0
0
0
0
0
0
0
0
0
0
0
0
0
0
0
0
0
0
0
2088
2141
6290
0
0
0
0
0
0
0
0
0
0
0
0
0
0
0
0
0
0
0
0
0
0
0
0
0
0
0
0
0
0
0
0
0
0
0
0
0
0
0
0
0
0
0
0
0
0
0
0
0
0
0
0
0
0
0
0
0
0
0
0
0
0
0
0
0
0
0
0
0
0
0
0
0
0
0
0
0
0
0
0
0
0
0
0
0
0
0
0
0
0
0
0
0
0
0
0
0
0
0
0
0
0
0
0
0
0
0
0
0
0
0
0
0
0
0
0
0
0
0
0
0
0
0
0
0
0
0
0
0
0
0
0
0
0
0
0
0
0
0
0
0
0
0
0
0
0
0
0
0
0
0
0
0
0
0
0
0
0
0
0
0
0
0
0
0
0
0
0
0
0
0
0
0
0
0
0
0
0
0
0
0
0
0
0
0
0
0
0
0
0
0
0
0
0
0
0
0
0
0
0
0
0
0
0
0
0
0
0
0
0
0
0
0
0
0
0
0
0
0
0
0
0
0
0
0
0
0
0
0
0
0
0
0
0
0
0
0
0
0
0
0
0
0
0
0
0
0
0
0
0
0
0
0
0
0
0
0
0
0
0
0
0
0
0
0
0
0
0
0
0
0
0
0
0
0
0
0
0
0
0
0
0
0
0
0
0
0
0
0
0
0
0
0
0
0
0
0
0
0
0
0
0
0
0
0
0
0
0
0
0
0
0
0
0
0
0
0
0
0
0
0
0
0
0
0
0
0
0
0
0
0
0
0
0
0
0
0
0
0
0
0
0
0
0
0
0
0
0
0
0
0
0
0
0
0
0
0
0
0
0
0
0
0
0
0
0
0
0
0
0
0
0
0
0
0
0
0
0
0
0
0
0
0
0
0
0
0
0
0
0
0
0
0
0
0
0
0
0
0
0
0
0
0
0
0
0
0
0
0
0
0
0
0
0
0
0
0
0
0
0
0
0
0
0
0
0
0
0
0
0
0
0
0
0
0
0
0
0
0
0
0
0
0
0
0
0
0
0
0
0
0
0
0
0
0
0
0
0
0
0
0
0
0
0
0
0
0
0
0
0
0
0
0
0
0
0
0
0
0
0
0
0
0
0
0
0
0
0
0
0
0
0
0
0
0
0
0
0
0
0
0
0
0
0
0
0
0
0
0
0
0
0
0
0
0
0
0
0
0
0
0
0
0
0
0
0
0
0
0
0
0
0
0
0
0
0
0
0
0
0
0
0
0
0
0
0
0
0
0
0
0
0
0
0
0
0
0
0
0
0
0
0
0
0
0
0
0
0
0
0
0
0
0
0
0
0
0
0
0
0
0
0
0
0
0
0
0
0
0
0
0
0
0
0
0
0
0
0
0
0
0
0
0
0
0
0
0
0
0
0
0
0
0
0
0
0
0
0
0
0
0
0
0
0
0
0
0
0
0
0
0
0
0
0
0
0
0
0
0
0
0
0
0
0
0
0
0
0
0
0
0
0
0
0
0
0
0
0
0
0
0
0
0
0
0
0
0
0
0
0
0
0
0
0
0
0
0
0
0
0
0
0
0
0
0
0
0
0
0
0
0
0
0
0
0
0
0
0
0
0
0
0
0
0
0
0
0
0
0
0
0
0
0
0
0
0
0
0
0
0
0
0
0
0
0
0
0
0
0
0
0
0
0
0
0
0
0
0
0
0
0
0
0
0
0
0
0
0
0
0
0
0
0
0
0
0
0
0
0
0
0
0
0
0
0
0
0
0
0
0
0
0
0
0
0
0
0
0
0
0
0
0
0
0
0
0
0
0
0
0
0
0
0
0
0
0
0
0
0
0
0
0
0
0
0
0
0
0
0
0
0
0
0
0
0
0
0
0
0
0
0
0
0
0
0
0
0
0
0
0
0
0
0
0
0
0
0
0
0
0
0
0
0
0
0
0
0
0
0
0
0
0
0
0
0
0
0
0
0
0
0
0
0
0
0
0
0
0
0
0
0
0
0
0
0
0
0
0
0
0
0
0
0
0
0
0
0
0
0
0
0
0
0
0
0
0
0
0
0
0
0
0
0
0
0
0
0
0
0
0
0
0
0
0
0
0
0
0
0
0
0
0
0
0
0
0
0
0
0
0
0
0
0
0
0
0
0
0
0
0
0
0
0
0
0
0
0
0
0
0
0
0
0
0
0
0
0
0
0
0
0
0
0
0
0
0
0
0
0
0
0
0
0
0
0
0
0
0
0
0
0
0
0
0
0
0
0
0
0
0
0
0
0
0
0
0
0
0
0
0
0
0
0
0
0
0
0
0
0
0
0
0
0
0
0
0
0
0
0
0
0
0
0
0
0
0
0
0
0
0
0
0
0
0
0
0
0
0
0
0
0
0
0
0
0
0
0
0
0
0
0
0
0
0
0
0
0
0
0
0
0
0
0
0
0
0
0
0
0
0
0
0
0
0
0
0
0
0
0
0
0
0
0
0
0
0
0
0
0
0
0
0
0
0
0
0
0
0
0
0
0
0
0
0
0
0
0
0
0
0
0
0
0
0
0
0
0
0
0
0
0
0
0
0
0
0
0
0
0
0
0
0
0
0
0
0
0
0
0
0
0
0
0
0
0
0
0
0
0
0
0
0
0
0
0
0
0
0
0
0
0
0
0
0
0
0
0
0
0
0
0
0
0
0
0
0
0
0
0
0
0
0
0
0
0
0
0
0
0
0
0
0
0
0
0
0
0
0
0
0
0
0
0
0
0
0
0
0
0
0
0
0
0
0
0
0
0
0
0
0
0
0
0
0
0
0
0
0
0
0
0
0
0
0
0
0
0
0
0
0
0
0
0
0
0
0
0
0
0
0
0
0
0
0
0
0
0
0
0
0
0
0
0
0
0
0
0
0
0
0
0
0
0
0
0
0
0
0
0
0
0
0
0
0
0
0
0
0
0
0
0
0
0
0
0
0
0
0
0
0
0
0
0
0
0
0
0
0
0
0
0
0
0
0
0
0
0
0
0
0
0
0
0
0
0
0
0
0
0
0
0
0
0
0
0
0
0
0
0
0
0
0
0
0
0
0
0
0
0
0
0
0
0
0
0
0
0
0
0
0
0
0
0
0
0
0
0
0
0
0
0
0
0
0
0
0
0
0
0
0
0
0
0
0
0
0
0
0
0
0
0
0
0
0
0
0
0
0
0
0
0
0
0
0
0
0
0
0
0
0
0
0
0
0
0
0
0
0
0
0
0
0
0
0
0
0
0
0
0
0
0
0
0
0
0
0
0
0
0
0
0
0
0
0
0
0
0
0
0
0
0
0
0
0
0
0
