int
0
0
0
0
3904
0
0
0
0
2076
0
0
2081
2110
2072
2119
0
0
0
2068
0
0
0
0
2176
2053
2106
0
2195
2172
0
0
0
0
2168
0
0
0
2049
2164
2102
2191
0
0
2160
0
0
0
0
2156
0
2057
3864
2098
2187
3860
0
0
3856
0
0
2152
0
0
2148
2129
2094
2144
2183
2132
2228
2224
2220
2216
2212
2208
2204
2200
2196
2140
2136
2064
2060
2125
2090
2115
0
0
0
0
3915
0
0
0
0
3911
2121
6182
0
0
0
0
0
0
0
0
0
0
0
0
0
0
2180
2105
2142
2063
0
0
0
0
3915
0
0
0
0
3911
0
2092
2101
2138
3907
0
0
0
0
2179
0
0
0
0
2175
0
2088
2097
2134
2171
0
0
0
0
2167
0
0
0
0
2163
0
2084
2205
2130
2159
0
0
0
0
2079
0
0
0
0
2075
0
2080
2201
2126
2071
0
0
3867
0
0
3863
0
0
3859
0
0
2056
2197
2122
2155
0
0
2151
0
0
2147
2231
2227
2223
2219
2215
2052
2193
2118
2211
0
0
0
0
0
0
0
0
0
0
0
2048
2189
2114
0
0
0
0
0
0
0
0
0
0
0
0
2064
2185
6206
0
0
0
0
0
0
0
0
2176
0
0
0
2189
2054
2111
0
0
2172
0
0
0
0
0
0
0
2185
2168
2050
2107
0
0
0
0
0
0
2216
0
0
2181
0
2058
2103
0
0
2212
0
0
0
0
0
0
2113
0
2208
2130
2099
0
0
0
0
3913
0
2076
0
0
0
0
2126
2095
3909
0
2072
0
0
0
0
0
0
3905
0
2068
2122
2091
2164
0
0
2160
3865
0
2156
0
0
2152
0
2118
2148
3861
2087
2144
0
2132
2228
2224
2220
2204
2200
2196
2140
2136
2064
2060
3857
2194
6179
0
0
0
0
0
0
0
0
3867
0
0
0
0
0
2100
2141
2090
3863
0
0
0
0
0
0
0
0
3859
0
0
2096
2137
2086
0
0
0
2079
0
0
0
0
0
0
0
0
2204
2133
2082
2075
0
0
0
0
0
0
0
0
2071
0
0
2200
2129
2058
0
0
0
2219
0
0
0
0
0
0
0
0
2196
2125
2054
2215
0
0
0
0
0
0
0
0
2211
0
0
2192
2121
2050
0
0
0
2179
0
0
0
0
0
0
0
0
2188
2117
2066
2175
0
0
0
0
0
0
0
0
2171
0
0
2184
2113
2062
2155
0
0
2151
0
0
2147
0
3914
2167
0
0
2180
2109
2163
0
0
3910
2159
2231
2227
2223
0
0
0
0
3906
2092
6201
0
0
0
0
0
0
0
0
0
0
0
0
0
0
0
0
0
2068
2181
2102
3915
0
0
0
0
0
0
0
0
0
0
0
0
0
0
2052
2177
2098
3911
0
0
0
0
0
0
0
0
0
0
0
0
0
0
2048
2173
2094
3907
0
0
0
0
0
0
0
0
0
0
0
0
0
0
2056
2169
2090
2115
0
0
0
0
0
0
0
0
0
0
0
0
0
0
2128
2165
2086
2111
0
0
0
0
0
0
0
0
0
0
0
0
0
0
2124
2161
2082
2107
0
0
0
0
0
0
0
0
0
0
0
0
0
0
2120
2157
2194
2231
0
0
0
0
0
0
0
0
0
0
0
0
0
0
2116
2077
2190
3864
2227
0
3860
0
0
3856
0
0
2152
0
0
2148
0
0
2144
2073
2132
2216
2212
2208
2204
2200
2196
2140
2136
2064
2060
2186
6319
0
0
0
0
0
0
0
0
0
0
0
0
0
0
0
0
0
0
0
2120
2165
2062
3915
0
0
0
0
0
0
0
0
0
0
0
0
0
0
0
0
2116
2161
2206
3911
0
0
0
0
0
0
0
0
0
0
0
0
0
0
0
0
2112
2157
2202
3907
0
0
0
0
0
0
0
0
0
0
0
0
0
0
0
0
2108
2057
2198
2083
0
0
0
0
0
0
0
0
0
0
0
0
0
0
0
0
2104
2053
2194
2079
0
0
0
0
0
0
0
0
0
0
0
0
0
0
0
0
2100
2049
2190
2075
0
0
0
0
0
0
0
0
0
0
0
0
0
0
0
0
2096
2141
2186
2231
0
0
0
0
0
0
0
0
0
0
0
0
0
0
0
0
2092
2137
2182
2227
0
0
0
0
0
0
0
0
0
0
0
0
0
0
0
0
2088
2133
2178
2223
0
0
0
0
0
0
0
0
0
0
0
0
0
0
0
0
2084
2129
2174
3864
2071
0
3860
0
0
3856
0
0
2152
0
0
2148
0
0
2144
2216
2212
2208
2125
2170
6163
0
0
0
0
0
0
0
0
0
0
0
0
0
0
0
0
0
0
0
0
0
2172
2213
3914
2059
0
0
0
0
0
0
0
0
0
0
0
0
0
0
0
0
0
0
2168
2209
3910
2131
0
0
0
0
0
0
0
0
0
0
0
0
0
0
0
0
0
0
2088
2101
3906
2127
0
0
0
0
0
0
0
0
0
0
0
0
0
0
0
0
0
0
2084
2097
3866
2123
0
0
0
0
0
0
0
0
0
0
0
0
0
0
0
0
0
0
2080
2093
3862
2119
0
0
0
0
0
0
0
0
0
0
0
0
0
0
0
0
0
0
2076
2193
3858
2115
0
0
0
0
0
0
0
0
0
0
0
0
0
0
0
0
0
0
2072
2189
2230
2111
0
0
0
0
0
0
0
0
0
0
0
0
0
0
0
0
0
0
2068
2185
2226
2107
0
0
2155
0
0
2151
0
0
2147
0
0
2167
0
0
2163
0
0
2159
2052
2181
2222
2135
2207
2203
2199
2143
2139
2067
2063
0
0
0
0
0
0
0
0
0
0
0
2048
2177
6314
0
0
0
0
0
0
0
0
0
0
0
0
0
0
0
0
0
0
0
0
0
0
0
2060
2205
3914
2111
0
0
0
0
0
0
0
0
0
0
0
0
0
0
0
0
0
0
0
0
2056
2201
3910
2107
0
0
0
0
0
0
0
0
0
0
0
0
0
0
0
0
0
0
0
0
2052
2197
3906
2103
0
0
0
0
0
0
0
0
0
0
0
0
0
0
0
0
0
0
0
0
2048
2193
3866
2099
0
0
0
0
0
0
0
0
0
0
0
0
0
0
0
0
0
0
0
0
2140
2189
3862
2095
0
0
0
0
0
0
0
0
0
0
0
0
0
0
0
0
0
0
0
0
2136
2185
3858
2091
0
0
0
0
0
0
0
0
0
0
0
0
0
0
0
0
0
0
0
0
2132
2181
2230
2087
0
0
0
0
0
0
0
0
0
0
0
0
0
0
0
0
0
0
0
0
2128
2177
2226
2083
0
0
0
0
0
0
0
0
0
0
0
0
0
0
0
0
0
0
0
0
2124
2173
2222
2079
0
0
0
0
0
0
0
0
0
0
0
0
0
0
0
0
0
0
0
0
2120
2169
2218
2075
0
0
2167
0
0
2163
0
0
2159
0
0
2155
0
0
2151
0
0
2147
0
0
2116
2069
2214
0
0
0
0
0
0
0
0
0
0
0
0
0
0
0
0
0
0
0
0
0
2112
2065
6306
0
0
0
0
0
0
0
0
0
0
0
0
0
0
0
0
0
0
0
0
0
0
0
0
0
0
0
0
0
0
0
0
0
0
0
0
0
0
0
0
0
0
0
0
0
0
0
0
0
0
0
0
0
0
0
0
0
0
0
0
0
0
0
0
0
0
0
0
0
0
0
0
0
0
0
0
0
0
0
0
0
0
0
0
0
0
0
0
0
0
0
0
0
0
0
0
0
0
0
0
0
0
0
0
0
0
0
0
0
0
0
0
0
0
0
0
0
0
0
0
0
0
0
0
0
0
0
0
0
0
0
0
0
0
0
0
0
0
0
0
0
0
0
0
0
0
0
0
0
0
0
0
0
0
0
0
0
0
0
0
0
0
0
0
0
0
0
0
0
0
0
0
0
0
0
0
0
0
0
0
0
0
0
0
0
0
0
0
0
0
0
0
0
0
0
0
0
0
0
0
0
0
0
0
0
0
0
0
0
0
0
0
0
0
0
0
0
0
0
0
0
0
0
0
0
0
0
0
0
0
0
0
0
0
0
0
0
0
0
0
0
0
0
0
0
0
0
0
0
0
0
0
0
0
0
0
0
0
0
0
0
0
0
0
0
0
0
0
0
0
0
0
0
0
0
0
0
0
0
0
0
0
0
0
0
0
0
0
0
0
0
0
0
0
0
0
0
0
0
0
0
0
0
0
0
0
0
0
0
0
0
0
0
0
0
0
0
0
0
0
0
0
0
0
0
0
0
0
0
0
0
0
0
0
0
0
0
0
0
0
0
0
0
0
0
0
0
0
0
0
0
0
0
0
0
0
0
0
0
0
0
0
0
0
0
0
0
0
0
0
0
0
0
0
0
0
0
0
0
0
0
0
0
0
0
0
0
0
0
0
0
0
0
0
0
0
0
0
0
0
0
0
0
0
0
0
0
0
0
0
0
0
0
0
0
0
0
0
0
0
0
0
0
0
0
0
0
0
0
0
0
0
0
0
0
0
0
0
0
0
0
0
0
0
0
0
0
0
0
0
0
0
0
0
0
0
0
0
0
0
0
0
0
0
0
0
0
0
0
0
0
0
0
0
0
0
0
0
0
0
0
0
0
0
0
0
0
0
0
0
0
0
0
0
0
0
0
0
0
0
0
0
0
0
0
0
0
0
0
0
0
0
0
0
0
0
0
0
0
0
0
0
0
0
0
0
0
0
0
0
0
0
0
0
0
0
0
0
0
0
0
0
0
0
0
0
0
0
0
0
0
0
0
0
0
0
0
0
0
0
0
0
0
0
0
0
0
0
0
0
0
0
0
0
0
0
0
0
0
0
0
0
0
0
0
0
0
0
0
0
0
0
0
0
0
0
0
0
0
0
0
0
0
0
0
0
0
0
0
0
0
0
0
0
0
0
0
0
0
0
0
0
0
0
0
0
0
0
0
0
0
0
0
0
0
0
0
0
0
0
0
0
0
0
0
0
0
0
0
0
0
0
0
0
0
0
0
0
0
0
0
0
0
0
0
0
0
0
0
0
0
0
0
0
0
0
0
0
0
0
0
0
0
0
0
0
0
0
0
0
0
0
0
0
0
0
0
0
0
0
0
0
0
0
0
0
0
0
0
0
0
0
0
0
0
0
0
0
0
0
0
0
0
0
0
0
0
0
0
0
0
0
0
0
0
0
0
0
0
0
0
0
0
0
0
0
0
0
0
0
0
0
0
0
0
0
0
0
0
0
0
0
0
0
0
0
0
0
0
0
0
0
0
0
0
0
0
0
0
0
0
0
0
0
0
0
0
0
0
0
0
0
0
0
0
0
0
0
0
0
0
0
0
0
0
0
0
0
0
0
0
0
0
0
0
0
0
0
0
0
0
0
0
0
0
0
0
0
0
0
0
0
0
0
0
0
0
0
0
0
0
0
0
0
0
0
0
0
0
0
0
0
0
0
0
0
0
0
0
0
0
0
0
0
0
0
0
0
0
0
0
0
0
0
0
0
0
0
0
0
0
0
0
0
0
0
0
0
0
0
0
0
0
0
0
0
0
0
0
0
0
0
0
0
0
0
0
0
0
0
0
0
0
0
0
0
0
0
0
0
0
0
0
0
0
0
0
0
0
0
0
0
0
0
0
0
0
0
0
0
0
0
0
0
0
0
0
0
0
0
0
0
0
0
0
0
0
0
0
0
0
0
0
0
0
0
0
0
0
0
0
0
0
0
0
0
0
0
0
0
0
0
0
0
0
0
0
0
0
0
0
0
0
0
0
0
0
0
0
0
0
0
0
0
0
0
0
0
0
0
0
0
0
0
0
0
0
0
0
0
0
0
0
0
0
0
0
0
0
0
0
0
0
0
0
0
0
0
0
0
0
0
0
0
0
0
0
0
0
0
0
0
0
0
0
0
0
0
0
0
0
0
0
0
0
0
0
0
0
0
0
0
0
0
0
0
0
0
0
0
0
0
0
0
0
0
0
0
0
0
0
0
0
0
0
0
0
0
0
0
0
0
0
0
0
0
0
0
0
0
0
0
0
0
0
0
0
0
0
0
0
0
0
0
0
0
0
0
0
0
0
0
0
0
0
0
0
0
0
0
0
0
0
0
0
0
0
0
0
0
0
0
0
0
0
0
0
0
0
0
0
0
0
0
0
0
0
0
0
0
0
0
0
0
0
0
0
0
0
0
0
0
0
0
0
0
0
0
0
0
0
0
0
0
0
0
0
0
0
0
0
0
0
0
0
0
0
0
0
0
0
0
0
0
0
0
0
0
0
0
0
0
0
0
0
0
0
0
0
0
0
0
0
0
0
0
0
0
0
0
0
0
0
0
0
0
0
0
0
0
0
0
0
0
0
0
0
0
0
0
0
0
0
0
0
0
0
0
0
0
0
0
0
0
0
0
0
0
0
0
0
0
0
0
0
0
0
0
0
0
0
0
0
0
0
0
0
0
0
0
0
0
0
0
0
0
0
0
0
0
0
0
0
0
0
0
0
0
0
0
0
0
0
0
0
0
0
0
0
0
0
0
0
0
0
0
0
0
0
0
0
0
0
0
0
0
0
0
0
0
0
0
0
0
0
0
0
0
0
0
0
0
0
0
0
0
0
0
0
0
0
0
0
0
0
0
0
0
0
0
0
0
0
0
0
0
0
0
0
0
0
0
0
0
0
0
0
0
0
0
0
0
0
0
0
0
0
0
0
0
0
0
0
0
0
0
0
0
0
0
0
0
0
0
0
0
0
0
0
0
0
0
0
0
0
0
0
0
0
0
0
0
0
0
0
0
0
0
0
0
0
0
0
0
0
0
0
0
0
0
0
0
0
0
0
0
0
0
0
0
0
0
0
0
0
0
0
0
0
0
0
0
0
0
0
0
0
0
0
0
0
0
0
0
0
0
0
0
0
0
0
0
0
0
0
0
0
0
0
0
0
0
0
0
0
0
0
0
0
0
0
0
0
0
0
0
0
0
0
0
0
0
0
0
0
0
0
0
0
0
0
0
0
0
0
0
0
0
0
0
0
0
0
0
0
0
0
0
0
0
0
0
0
0
0
0
0
0
0
0
0
0
0
0
0
0
0
0
0
0
0
0
0
0
0
0
0
0
0
0
0
0
0
0
0
0
0
0
0
0
0
0
0
0
0
0
0
0
0
0
0
0
0
0
0
0
0
0
0
0
0
0
0
0
0
0
0
0
0
0
0
0
0
0
0
0
0
0
0
0
0
0
0
0
0
0
0
0
0
0
0
0
0
0
0
0
0
0
0
0
0
0
0
0
0
0
0
0
0
0
0
0
0
0
0
0
0
0
0
0
0
0
0
0
0
0
0
0
0
0
0
0
0
0
0
0
0
0
0
0
0
0
0
0
0
0
0
0
0
0
0
0
0
0
0
0
0
0
0
0
0
0
0
0
0
0
0
0
0
0
0
0
0
0
0
0
0
0
0
0
0
0
0
0
0
0
0
0
0
0
0
0
0
0
0
0
0
0
0
0
0
0
0
0
0
0
0
0
0
0
0
0
0
0
0
0
0
0
0
0
0
0
0
0
0
0
0
0
0
0
0
0
0
0
0
0
0
0
0
0
0
0
0
0
0
0
0
0
0
0
0
0
0
0
0
0
0
0
0
0
0
0
0
0
0
0
0
0
0
0
0
0
0
0
0
0
0
0
0
0
0
0
0
0
0
0
0
0
0
0
0
0
0
0
0
0
0
0
0
0
0
0
0
0
0
0
0
0
0
0
0
0
0
0
0
0
0
0
0
0
0
0
0
0
0
0
0
0
0
0
0
0
0
0
0
0
0
0
0
0
0
0
0
0
0
0
0
0
0
0
0
0
0
0
0
0
0
0
0
0
0
0
0
0
0
0
0
0
0
0
0
0
0
0
0
0
0
0
0
0
0
0
0
0
0
0
0
0
0
0
0
0
0
0
0
0
0
0
0
0
0
0
0
0
0
0
0
0
0
0
0
0
0
0
0
0
0
0
0
0
0
0
0
0
0
0
0
0
0
0
0
0
0
0
0
0
0
0
0
0
0
0
0
0
0
0
0
0
0
0
0
0
0
0
0
0
0
0
0
0
0
0
0
0
0
0
0
0
0
0
0
0
0
0
0
0
0
0
0
0
0
0
0
0
0
0
0
0
0
0
0
0
0
0
0
0
0
0
0
0
0
0
0
0
0
0
0
0
0
0
0
0
0
0
0
0
0
0
0
0
0
0
0
0
0
0
0
0
0
0
0
0
0
0
0
0
0
0
0
0
0
0
0
0
0
0
0
0
0
0
0
0
0
0
0
0
0
0
0
0
0
0
0
0
0
0
0
0
0
0
0
0
0
0
0
0
0
0
0
0
0
0
0
0
0
0
0
0
0
0
0
0
0
0
0
0
0
0
0
0
0
0
0
0
0
0
0
0
0
0
0
0
0
0
0
0
0
0
0
0
0
0
0
0
0
0
0
0
0
0
0
0
0
0
0
0
0
0
0
0
0
0
0
0
0
0
0
0
0
0
0
0
0
0
0
0
0
0
0
0
0
0
0
0
0
0
0
0
0
0
0
0
0
0
0
0
0
0
0
0
0
0
0
0
0
0
0
0
0
0
0
0
0
0
0
0
0
0
0
0
0
0
0
0
0
0
0
0
0
0
0
0
0
0
0
0
0
0
0
0
0
0
0
0
0
0
0
0
0
0
0
0
0
0
0
0
0
0
0
0
0
0
0
0
0
0
0
0
0
0
0
0
0
0
0
0
0
0
0
0
0
0
0
0
0
0
0
0
0
0
0
0
0
0
0
0
0
0
0
0
0
0
0
0
0
0
0
0
0
0
0
0
0
0
0
0
0
0
0
0
0
0
0
0
0
0
0
0
0
0
0
0
0
0
0
0
0
0
0
0
0
0
0
0
0
0
0
0
0
0
0
0
0
0
0
0
0
0
0
0
0
0
0
0
0
0
0
0
0
0
0
0
0
0
0
0
0
0
0
0
0
0
0
0
0
0
0
0
0
0
0
0
0
0
0
0
0
0
0
0
0
0
0
0
0
0
0
0
0
0
0
0
0
0
0
0
0
0
0
0
0
0
0
0
0
0
0
0
0
0
0
0
0
0
0
0
0
0
0
0
0
0
0
0
0
0
0
0
0
0
0
0
0
0
0
0
0
0
0
0
0
0
0
0
0
0
0
0
0
0
0
0
0
0
0
0
0
0
0
0
0
0
0
0
0
0
0
0
0
0
0
0
0
0
0
0
0
0
0
0
0
0
0
0
0
0
0
0
0
0
0
0
0
0
0
0
0
0
0
0
0
0
0
0
0
0
0
0
0
0
0
0
0
0
0
0
0
0
0
0
0
0
0
0
0
0
0
0
0
0
0
0
0
0
0
0
0
0
0
0
0
0
0
0
0
0
0
0
0
0
0
0
0
0
0
0
0
0
0
0
0
0
0
0
0
0
0
0
0
0
0
0
0
0
0
0
0
0
0
0
0
0
0
0
0
0
0
0
0
0
0
0
0
0
0
0
0
0
0
0
0
0
0
0
0
0
0
0
0
0
0
0
0
0
0
0
0
0
0
0
0
0
0
0
