hex
3f800000
a04000
3f800000
a00000
0
0
0
0
0
0
0
0
0
0
0
0
0
0
0
0
0
0
0
0
0
0
0
0
0
0
0
0
0
0
0
0
0
0
0
0
0
0
0
0
0
0
0
0
0
0
0
0
0
0
0
0
0
0
0
0
0
0
0
0
0
0
0
0
3f800000
b10000
3f800000
b0c000
3f800000
b14000
3f800000
b10000
3f800000
b0c000
0
0
0
0
0
0
0
0
0
0
0
0
0
0
0
0
0
0
0
0
0
0
0
0
0
0
0
0
0
0
0
0
0
0
0
0
0
0
0
0
0
0
0
0
0
0
0
0
0
0
0
0
0
0
0
0
0
0
3f800000
b10000
3f800000
b0c000
3f800000
a08000
3f800000
a04000
3f800000
a00000
0
0
0
0
0
0
0
0
0
0
0
0
0
0
0
0
0
0
0
0
0
0
0
0
0
0
0
0
0
0
0
0
0
0
0
0
0
0
0
0
0
0
0
0
0
0
0
0
0
0
0
0
0
0
0
0
0
0
3f7fa411
15000000
b9e40164
13004000
b9e40164
13008000
bd7947f4
caa00000
3cc3b998
75a04000
3cc3b998
75a08000
3d7947f4
cab0c000
bcc3b998
75b10000
bcc3b998
75b14000
b9e40164
1300c000
b9e40164
13010000
3f7fa411
15014000
3cc3b998
75a00000
3cc3b998
75a04000
bd7947f4
caa08000
bcc3b998
75b00000
bcc3b998
75b04000
3d7947f4
cab08000
b9e40164
1300c000
3f7fa411
15010000
b9e40164
13014000
3cc3b998
75a00000
bd7947f4
caa04000
3cc3b998
75a08000
bcc3b998
75b00000
3d7947f4
cab04000
bcc3b998
75b08000
0
0
0
0
0
0
0
0
0
0
0
0
0
0
0
0
0
0
0
0
0
0
0
0
0
0
0
0
0
0
0
0
0
0
0
0
0
0
0
0
0
0
0
0
