hex
0
0
0
4000
0
8000
0
c000
0
10000
0
14000
0
18000
0
1c000
0
20000
0
24000
0
28000
0
2c000
0
30000
0
34000
0
38000
0
3c000
0
40000
0
44000
0
48000
0
4c000
0
0
0
4000
0
0
0
4000
0
0
0
4000
0
8000
0
c000
0
0
0
0
0
0
0
0
0
0
0
0
0
0
0
4000
0
8000
0
c000
0
10000
0
14000
0
18000
0
1c000
0
20000
0
24000
0
28000
0
2c000
0
0
0
4000
0
0
bf800000
8000
0
0
bf800000
4000
0
8000
0
c000
bf800000
0
3f800000
8000
3f800000
4000
3f800000
0
0
0
0
0
0
0
3f800000
b08000
3f800000
b04000
3f800000
b00000
3f800000
a08000
3f800000
a04000
3f800000
a00000
3f800000
b14000
0
0
0
4000
0
8000
0
c000
bf800000
10000
0
14000
0
18000
0
1c000
0
20000
0
24000
0
28000
0
2c000
0
0
bf800000
c000
0
0
0
4000
0
0
0
4000
0
8000
0
c000
0
0
0
0
0
0
0
0
3f800000
14000
3f800000
10000
3f800000
c000
3f800000
b08000
3f800000
b04000
3f800000
b00000
3f800000
b08000
3f800000
b04000
3f800000
b00000
3f800000
b14000
3f800000
b10000
0
0
3f800000
b0c000
0
0
3f800000
b14000
0
0
3f800000
b10000
0
0
0
4000
0
8000
0
c000
0
10000
0
14000
0
18000
0
1c000
0
20000
0
24000
0
28000
0
2c000
0
30000
0
34000
0
38000
0
3c000
0
40000
0
44000
0
48000
0
4c000
0
50000
0
54000
0
58000
0
5c000
0
60000
0
64000
3f800000
b0c000
0
0
0
0
0
0
0
0
0
0
0
0
0
0
0
0
0
0
0
0
0
0
0
0
0
0
0
0
0
0
