hex
0
0
0
4000
0
8000
0
c000
0
10000
0
14000
0
18000
0
1c000
0
20000
0
24000
0
28000
0
2c000
0
30000
3f800000
c48000
3f800000
c44000
3f800000
c40000
0
0
0
0
bf800000
8000
bf800000
4000
bf800000
0
3f800000
8000
3f800000
4000
3f800000
0
3f800000
b08000
3f800000
b04000
0
0
0
4000
0
8000
3f800000
b00000
3f800000
b08000
3f800000
b04000
3f800000
b00000
0
0
0
0
0
0
0
0
0
0
0
0
0
0
0
0
0
0
0
0
0
0
0
0
0
0
0
0
0
0
0
0
0
0
0
0
0
0
0
0
