hex
0
0
0
4000
0
8000
0
c000
0
10000
0
14000
0
18000
0
1c000
0
20000
0
24000
3a7f218e
8202c000
bac1a96c
8a914000
0
0
0
4000
3a7f218e
82028000
bac1a96c
8a910000
0
0
0
4000
3a7f218e
82024000
bac1a96c
8a90c000
0
0
bf800000
14000
bf800000
10000
bf800000
c000
0
0
0
0
0
0
3f800000
0
ba83126e
9800c000
ba83126e
98018000
bf800000
14000
bf800000
10000
0
0
0
4000
0
8000
bf800000
c000
3f800000
20000
3f800000
1c000
0
0
0
4000
0
8000
3f800000
18000
3f800000
8000
0
0
3f800000
4000
0
8000
3f800000
0
0
4000
0
8000
0
0
0
0
0
0
0
0
0
0
0
0
0
0
0
0
0
0
0
0
0
0
0
0
0
0
0
0
0
0
0
0
0
0
0
0
0
0
0
0
0
0
0
0
0
0
0
0
0
0
