hex
3f577c51
27000000
3d74103e
56004000
3d74103e
56008000
0
c000
0
10000
0
14000
bcdfd818
4bc90000
3c2b4663
d9c94000
3c2b4663
d9c98000
3cdfd818
4bca0000
bc2b4663
d9ca4000
bc2b4663
d9ca8000
0
0
0
0
0
0
0
0
0
0
0
0
0
0
0
0
0
0
0
0
0
0
0
0
0
0
0
0
0
0
0
0
0
0
3f7bca51
8e000000
bc397f13
79004000
bc397f13
79008000
0
c000
0
10000
0
14000
bcf8789d
f1c90000
3c43e6e9
7fc94000
3c43e6e9
7fc98000
3b2bcd50
c6ca0000
3af8c052
caca4000
3af8c052
caca8000
0
0
0
0
0
0
0
0
0
0
0
0
0
0
0
0
0
0
0
0
0
0
0
0
0
0
0
0
0
0
0
0
0
0
0
0
0
0
0
0
0
0
0
0
0
0
0
0
0
0
0
0
0
0
0
0
0
0
0
0
0
0
0
0
