int
0
0
0
0
0
0
0
0
0
0
2103
0
0
0
0
0
2084
3845
3930
0
0
2107
0
0
0
0
0
0
0
0
2183
0
0
2080
3841
3926
0
0
2063
0
0
0
0
0
0
0
2163
0
0
0
2076
2069
3922
2195
0
0
0
2159
0
0
0
2119
0
2115
0
2131
0
2072
2165
3914
2171
0
2111
0
2099
2207
2203
2199
2191
2187
2179
2175
2152
2143
2139
2065
3910
2135
2127
2123
2059
2055
2051
0
0
0
0
2148
0
0
0
0
2093
3906
0
0
0
0
0
0
0
0
2144
0
0
0
0
0
0
2089
7946
0
0
0
0
0
0
0
0
0
0
2103
0
0
0
0
0
2072
3845
3930
0
0
2107
0
0
0
0
0
0
0
0
0
2163
0
2068
3841
3926
0
0
0
0
2183
0
0
0
0
0
0
0
2123
0
2064
2081
3922
0
0
0
2063
0
0
0
0
0
0
0
2059
0
0
2092
2153
3914
0
2131
0
0
0
0
0
2195
0
0
0
2159
0
0
2088
2149
3910
2119
0
2099
0
2115
0
2111
0
2171
2207
2203
2199
2191
2187
2164
2145
3906
2179
2175
2143
2139
2135
2127
2055
2051
0
0
0
0
0
0
2084
2077
7946
0
0
0
0
0
0
0
0
0
0
0
0
0
0
0
0
2166
0
3844
2065
3931
0
0
0
0
0
0
0
0
0
0
0
0
2150
0
0
0
3840
2061
3927
0
0
0
0
0
0
2162
0
0
0
0
0
0
0
0
0
2084
2057
2098
3923
0
0
0
0
0
0
0
0
0
2102
0
0
0
0
0
2080
2093
0
2174
3915
0
0
0
0
0
0
2122
0
0
0
0
0
0
2130
2076
2089
0
0
3911
2194
0
0
0
2118
0
0
0
2106
0
0
0
2158
2145
2072
2182
0
2178
3907
2170
0
2114
0
2110
2206
2202
2198
2190
2186
2142
2153
2138
2134
2068
2126
2054
2050
7947
0
0
0
0
0
0
0
0
0
0
0
0
0
0
0
0
2148
0
2065
3846
3931
0
0
0
0
0
0
0
0
0
2176
0
0
0
0
0
0
2061
3842
3927
0
0
0
2096
0
0
0
0
0
0
0
0
0
0
0
0
2104
2057
2086
3923
0
0
0
0
0
0
0
0
0
2172
0
0
0
0
0
0
2093
2082
3915
0
0
0
2100
0
0
0
0
0
0
0
0
0
0
0
0
2160
2089
2078
3911
0
0
0
0
2120
0
0
0
0
0
0
2128
0
0
2145
0
0
2192
2074
3907
0
2116
0
0
0
2156
0
0
0
2180
0
2112
2153
2108
0
2168
2204
2200
2196
2188
2184
2140
2136
2132
2124
2052
2048
2070
3851
6261
0
0
0
0
0
0
0
0
0
0
2107
0
0
0
0
0
2084
3845
3930
2183
0
0
0
0
0
0
0
2195
0
0
0
0
0
2080
3841
3926
2063
0
0
0
0
0
0
0
2163
0
0
0
0
0
2076
2069
3922
2119
0
0
0
0
0
2115
0
0
0
0
0
2111
0
2072
2165
3914
0
2191
0
0
0
0
0
2187
0
0
0
0
2152
2131
0
2065
3910
0
0
2127
0
0
0
0
0
2123
0
2148
0
0
0
2159
2093
3906
2099
0
2171
2207
2203
2199
2179
2175
2144
2143
2139
2135
2059
2055
2051
2089
3850
0
0
6196
0
0
0
0
0
0
0
0
0
0
2106
0
0
0
0
0
2072
0
3841
3847
2062
0
0
0
0
0
0
0
0
0
2162
0
0
2068
0
0
3931
3925
0
0
2058
0
0
0
0
0
0
0
0
2182
2064
0
0
2083
0
0
3921
2186
0
0
0
0
0
2118
0
0
0
2092
0
2114
2155
0
0
0
0
3913
2110
0
0
0
0
0
2194
0
2088
0
0
2151
2190
0
0
0
0
0
3909
2130
0
0
0
0
0
2164
2126
0
2147
0
0
0
2122
0
0
0
0
3905
2158
0
2098
0
2084
2170
2206
2202
2198
2178
2174
2142
2138
2134
2054
2100
2050
2079
7945
0
0
0
0
0
0
0
0
0
0
2098
0
0
0
0
0
0
0
3840
3929
2091
2102
0
0
0
0
0
0
0
0
2174
0
0
0
0
0
0
2068
3925
2186
2087
0
0
0
0
2118
0
0
0
0
0
2114
0
0
0
0
2152
3921
2110
2083
0
0
0
0
2194
0
0
0
0
0
2190
0
0
0
0
2064
3913
2130
2079
0
0
0
0
2126
0
0
0
0
0
2122
0
0
0
0
2144
3909
2158
2075
0
0
2106
0
2182
0
2178
0
2170
2206
2202
2198
2142
2138
2134
2060
3905
2054
2050
2151
0
0
0
0
0
0
0
0
0
0
0
0
0
0
2056
3849
2167
0
0
0
0
0
0
0
0
0
0
0
0
2163
0
0
0
2092
7941
0
0
0
0
0
0
0
0
0
0
0
0
2099
0
0
0
0
0
3840
3929
2086
0
0
0
0
2107
0
0
0
0
0
0
0
0
0
0
0
2152
3925
2082
2175
0
0
0
0
0
0
0
0
0
0
0
0
2103
0
0
2148
3921
2078
0
0
0
0
0
0
0
2163
0
0
0
0
0
0
0
2187
2144
3913
2074
0
0
2115
0
0
0
0
0
2111
0
0
0
0
0
2131
0
2060
3909
2070
0
2195
0
0
0
0
0
2191
0
0
0
0
0
2127
0
0
2056
3905
2066
2123
0
0
0
0
0
2159
0
0
0
0
0
2119
0
0
0
2092
3849
2166
2183
0
2171
2207
2203
2199
2143
2139
2135
2055
2051
0
0
2178
0
0
2088
7941
0
0
0
0
0
0
0
0
2055
0
2084
2149
3930
0
0
0
2199
0
0
0
0
2080
2145
3926
2159
0
0
0
0
0
3912
2111
0
2141
3922
0
2103
0
0
3908
0
2107
0
0
2137
2078
2115
0
3904
2119
0
0
2183
0
2099
2133
2166
3848
2063
0
2171
0
2163
0
2131
2207
3844
2065
2074
2203
2195
2191
2187
2179
2175
3840
2127
2123
2093
2070
2059
0
0
0
2048
0
0
0
0
2089
6250
0
0
0
0
0
0
0
0
2055
0
2084
2149
3930
0
0
0
2199
0
0
0
0
2080
2145
3926
2159
0
0
0
0
0
3912
2111
0
2141
3922
0
2103
0
0
3908
0
2107
0
0
2137
2078
2163
0
3904
2119
0
0
2115
0
0
2133
2166
3848
2183
0
2123
0
2099
0
2171
0
3844
2065
2074
2063
0
2059
2207
2203
2195
3840
2191
2187
2093
2070
2179
2175
2131
2127
2048
0
0
0
0
2089
6250
0
0
0
0
0
0
0
0
3844
0
2165
0
2094
3931
0
0
0
3840
0
0
0
2137
0
0
0
2090
2048
3927
0
0
0
0
2133
0
0
2052
0
0
2086
0
3923
0
0
2196
2153
0
0
0
0
0
2160
2082
0
2071
0
2149
2108
0
0
0
0
0
2156
0
3913
2078
2067
2096
0
0
0
0
2100
3909
0
0
2104
0
2074
2112
2063
0
2172
3905
0
2116
0
2120
0
2180
2146
2176
3849
2168
2204
2200
2192
2188
2184
2128
2124
2142
6155
0
0
0
0
0
0
0
0
2049
0
2138
0
3928
2091
0
0
0
2053
0
0
0
2134
0
0
0
3924
2197
2087
0
0
0
0
2154
0
2177
0
0
0
3920
0
2083
2105
0
2150
0
0
0
0
2173
0
0
2068
3914
2079
0
2101
0
0
0
0
0
3910
2161
0
2064
0
2075
0
0
2097
3906
0
0
0
0
2109
0
2060
2147
3850
0
2157
0
0
0
2181
0
0
2113
3846
2056
2117
2143
2121
0
2169
2205
2201
2193
2189
2185
2129
2125
2092
3842
6263
0
0
0
0
0
0
0
2167
0
0
0
0
0
3840
3929
2146
2159
0
0
0
0
0
0
0
2131
0
2198
2140
3925
0
0
0
2127
0
0
2186
0
0
0
0
2123
2136
3921
0
2162
0
0
0
2119
0
0
0
2066
0
0
2132
3913
2115
0
0
2094
0
0
0
0
2111
0
0
2194
2048
3909
0
0
2075
0
0
2190
0
0
0
0
2071
0
2052
3905
2090
2099
0
2171
0
2107
0
2103
2086
2207
2203
2183
2152
3849
2179
2175
2082
2063
2059
0
0
0
0
0
2078
0
2148
7941
0
0
0
0
0
0
0
2083
0
0
0
0
0
0
0
2136
3841
3930
2167
0
0
0
0
0
0
0
2079
0
0
0
0
2132
2061
3926
2159
0
0
0
0
0
0
0
2131
0
0
0
0
2048
2057
3922
2127
0
0
0
0
0
0
0
2196
2123
0
0
0
0
2053
3914
0
2119
0
2184
0
0
0
0
0
2115
0
2068
0
0
2153
3910
0
2111
0
2064
0
0
0
0
0
2075
0
2192
0
2163
2149
3906
2099
0
2171
2188
2107
0
2103
2207
2203
2183
2179
2092
2175
0
2145
3850
0
0
0
2088
0
0
0
0
0
0
0
2084
0
0
2141
7942
0
0
0
0
0
0
0
0
0
0
0
0
0
0
0
2140
0
0
0
0
0
0
0
3841
3930
2083
0
0
0
0
0
2136
0
0
0
0
0
0
0
0
0
0
2196
0
0
0
0
2061
3926
2079
0
0
0
2184
0
0
0
0
0
0
0
2156
0
0
0
0
0
0
0
2128
0
2057
3922
2075
0
0
0
2192
0
0
0
0
0
0
0
2188
0
0
0
0
0
0
0
2124
0
2053
3914
2071
0
0
0
2120
0
0
0
0
0
0
0
2116
0
0
0
0
0
0
0
2112
0
2049
3910
2067
0
0
0
2164
0
0
0
0
0
0
0
2108
0
0
0
2135
0
0
2160
0
0
2093
3906
0
2096
0
0
0
2104
0
0
2155
2172
0
0
0
2100
0
2176
0
2168
0
2180
2204
2200
2089
3850
2151
0
0
0
0
0
0
0
0
0
0
0
0
0
0
0
2147
0
0
0
0
0
2085
7942
0
0
0
0
0
0
0
0
0
0
0
0
0
0
0
2142
0
0
0
0
0
0
0
3840
3929
2083
0
0
0
0
0
2138
0
0
0
0
0
0
0
0
0
0
2198
0
0
0
0
2060
3925
2079
0
0
0
2186
0
0
0
0
0
0
0
2158
0
0
0
0
0
0
0
2130
0
2056
3921
2075
0
0
0
2194
0
0
0
0
0
0
0
2190
0
0
0
0
0
0
0
2126
0
2052
3913
2071
0
0
0
2122
0
0
0
0
0
0
0
2118
0
0
0
0
0
0
0
2114
0
2048
3909
2067
0
0
0
2166
0
0
0
0
0
0
0
2110
0
0
0
2135
0
0
2162
0
0
2092
3905
0
0
2106
0
0
0
0
0
2155
2182
0
0
0
0
0
0
2102
0
0
0
0
0
2088
3849
2174
2151
0
0
0
0
0
2098
0
0
0
2178
0
2170
2206
2202
0
2147
0
0
0
0
2084
7941
0
0
0
0
0
0
0
0
0
0
0
0
0
0
0
0
0
0
0
0
0
0
0
0
0
0
0
0
0
0
0
0
0
0
0
0
0
0
0
0
0
0
0
0
0
0
0
0
0
0
0
0
0
0
0
0
0
0
0
0
0
0
0
0
0
0
0
0
0
0
0
0
0
0
0
0
0
0
0
0
0
0
0
0
0
0
0
0
0
0
0
0
0
0
0
0
0
0
0
0
0
0
0
0
0
0
0
0
0
0
0
0
0
0
0
0
0
0
0
0
0
0
0
0
0
0
0
0
0
0
0
0
0
0
0
0
0
0
0
0
0
0
0
0
0
0
0
0
0
0
0
0
0
0
0
0
0
0
0
0
0
0
0
0
0
0
0
0
0
0
0
0
0
0
0
0
0
0
0
0
0
0
0
0
0
0
0
0
0
0
0
0
0
0
0
0
0
0
0
0
0
0
0
0
0
0
0
0
0
0
0
0
0
0
0
0
0
0
0
0
0
0
0
0
0
0
0
0
0
0
0
0
0
0
0
0
0
0
0
0
0
0
0
0
0
0
0
0
0
0
0
0
0
0
0
0
0
0
0
0
0
0
0
0
0
0
0
0
0
0
0
0
0
0
0
0
0
0
0
0
0
0
0
0
0
0
0
0
0
0
0
0
0
0
0
0
0
0
0
0
0
0
0
0
0
0
0
0
0
0
0
0
0
0
0
0
0
0
0
0
0
0
0
0
0
0
0
0
0
0
0
0
0
0
0
0
0
0
0
0
0
0
0
0
0
0
0
0
0
0
0
0
0
0
0
0
0
0
0
0
0
0
0
0
0
0
0
0
0
0
0
0
0
0
0
0
0
0
0
0
0
0
0
0
0
0
0
0
0
0
0
0
0
0
0
0
0
0
0
0
0
0
0
0
0
0
0
0
0
0
0
0
0
0
0
0
0
0
0
0
0
0
0
0
0
0
0
0
0
0
0
0
0
0
0
0
0
0
0
0
0
0
0
0
0
0
0
0
0
0
0
0
0
0
0
0
0
0
0
0
0
0
0
0
0
0
0
0
0
0
0
0
0
0
0
0
0
0
0
0
0
0
0
0
0
0
0
0
0
0
0
0
0
0
0
0
0
0
0
0
0
0
0
0
0
0
0
0
0
0
0
0
0
0
0
0
0
0
0
0
0
0
0
0
0
0
0
0
0
0
0
0
0
0
0
0
0
0
0
0
0
0
0
0
0
0
0
0
0
0
0
0
0
0
0
0
0
0
0
0
0
0
0
0
0
0
0
0
0
0
0
0
0
0
0
0
0
0
0
0
0
0
0
0
0
0
0
0
0
0
0
0
0
0
0
0
0
0
0
0
0
0
0
0
0
0
0
0
0
0
0
0
0
0
0
0
0
0
0
0
0
0
0
0
0
0
0
0
0
0
0
0
0
0
0
0
0
0
0
0
0
0
0
0
0
0
0
0
0
0
0
0
0
0
0
0
0
0
0
0
0
0
0
0
0
0
0
0
0
0
0
0
0
0
0
0
0
0
0
0
0
0
0
0
0
0
0
0
0
0
0
0
0
0
0
0
0
0
0
0
0
0
0
0
0
0
0
0
0
0
0
0
0
0
0
0
0
0
0
0
0
0
0
0
0
0
0
0
0
0
0
0
0
0
0
0
0
0
0
0
0
0
0
0
0
0
0
0
0
0
0
0
0
0
0
0
0
0
0
0
0
0
0
0
0
0
0
0
0
0
0
0
0
0
0
0
0
0
0
0
0
0
0
0
0
0
0
0
0
0
0
0
0
0
0
0
0
0
0
0
0
0
0
0
0
0
0
0
0
0
0
0
0
0
0
0
0
0
0
0
0
0
0
0
0
0
0
0
0
0
0
0
0
0
0
0
0
0
0
0
0
0
0
0
0
0
0
0
0
0
0
0
0
0
0
0
0
0
0
0
0
0
0
0
0
0
0
0
0
0
0
0
0
0
0
0
0
0
0
0
0
0
0
0
0
0
0
0
0
0
0
0
0
0
0
0
0
0
0
0
0
0
0
0
0
0
0
0
0
0
0
0
0
0
0
0
0
0
0
0
0
0
0
0
0
0
0
0
0
0
0
0
0
0
0
0
0
0
0
0
0
0
0
0
0
0
0
0
0
0
0
0
0
0
0
0
0
0
0
0
0
0
0
0
0
0
0
0
0
0
0
0
0
0
0
0
0
0
0
0
0
0
0
0
0
0
0
0
0
0
0
0
0
0
0
0
0
0
0
0
0
0
0
0
0
0
0
0
0
0
0
0
0
0
0
0
0
0
0
0
0
0
0
0
0
0
0
0
0
0
0
0
0
0
0
0
0
0
0
0
0
0
0
0
0
0
0
0
0
0
0
0
0
0
0
0
0
0
0
0
0
0
0
0
0
0
0
0
0
0
0
0
0
0
0
0
0
0
0
0
0
0
0
0
0
0
0
0
0
0
0
0
0
0
0
0
0
0
0
0
0
0
0
0
0
0
0
0
0
0
0
0
0
0
0
0
0
0
0
0
0
0
0
0
0
0
0
0
0
0
0
0
0
0
0
0
0
0
0
0
0
0
0
0
0
0
0
0
0
0
0
0
0
0
0
0
0
0
0
0
0
0
0
0
0
0
0
0
0
0
0
0
0
0
0
0
0
0
0
0
0
0
0
0
0
0
0
0
0
0
0
0
0
0
0
0
0
0
0
0
0
0
0
0
0
0
0
0
0
0
0
0
0
0
0
0
0
0
0
0
0
0
0
0
0
0
0
0
0
0
0
0
0
0
0
0
0
0
0
0
0
0
0
0
0
0
0
0
0
0
0
0
0
0
0
0
0
0
0
0
0
0
0
0
0
0
0
0
0
0
0
0
0
0
0
0
0
0
0
0
0
0
0
0
0
0
0
0
0
0
0
0
0
0
0
0
0
0
0
0
0
0
0
0
0
0
0
0
0
0
0
0
0
0
0
0
0
0
0
0
0
0
0
0
0
0
0
0
0
0
0
0
0
0
0
0
0
0
0
0
0
0
0
0
0
0
0
0
0
0
0
0
0
0
0
0
0
0
0
0
0
0
0
0
0
0
0
0
0
0
0
0
0
0
0
0
0
0
0
0
0
0
0
0
0
0
0
0
0
0
0
0
0
0
0
0
0
0
0
0
0
0
0
0
0
0
0
0
0
0
0
0
0
0
0
0
0
0
0
0
0
0
0
0
0
0
0
0
0
0
0
0
0
0
0
0
0
0
0
0
0
0
0
0
0
0
0
0
0
0
0
0
0
0
0
0
0
0
0
0
0
0
0
0
0
0
0
0
0
0
0
0
0
0
0
0
0
0
0
0
0
0
0
0
0
0
0
0
0
0
0
0
0
0
0
0
0
0
0
0
0
0
0
0
0
0
0
0
0
0
0
0
0
0
0
0
0
0
0
0
0
0
0
0
0
0
0
0
0
0
0
0
0
0
0
0
0
0
0
0
0
0
0
0
0
0
0
0
0
0
0
0
0
0
0
0
0
0
0
0
0
0
0
0
0
0
0
0
0
0
0
0
0
0
0
0
0
0
0
0
0
0
0
0
0
0
0
0
0
0
0
0
0
0
0
0
0
0
0
0
0
0
0
0
0
0
0
0
0
0
0
0
0
0
0
0
0
0
0
0
0
0
0
0
0
0
0
0
0
0
0
0
0
0
0
0
0
0
0
0
0
0
0
0
0
0
0
0
0
0
0
0
0
0
0
0
0
0
0
0
0
0
0
0
0
0
0
0
0
0
0
0
0
0
0
0
0
0
0
0
0
0
0
0
0
0
0
0
0
0
0
0
0
0
0
0
0
0
0
0
0
0
0
0
0
0
0
0
0
0
0
0
0
0
0
0
0
0
0
0
0
0
0
0
0
0
0
0
0
0
0
0
0
0
0
0
0
0
0
0
0
0
0
0
0
0
0
0
0
0
0
0
0
0
0
0
0
0
0
0
0
0
0
0
0
0
0
0
0
0
0
0
0
0
0
0
0
0
0
0
0
0
0
0
0
0
0
0
0
0
0
0
0
0
0
0
0
0
0
0
0
0
0
0
0
0
0
0
0
0
0
0
0
0
0
0
0
0
0
0
0
0
0
0
0
0
0
0
0
0
0
0
0
0
0
0
0
0
0
0
0
0
0
0
0
0
0
0
0
0
0
0
0
0
0
0
0
0
0
0
0
0
0
0
0
0
0
0
0
0
0
0
0
0
0
0
0
0
0
0
0
0
0
0
0
0
0
0
0
0
0
0
0
0
0
0
0
0
0
0
0
0
0
0
0
0
0
0
0
0
0
0
0
0
0
0
0
0
0
0
0
0
0
0
0
0
0
0
0
0
0
0
0
0
0
0
0
0
0
0
0
0
0
0
0
0
0
0
0
0
0
0
0
0
0
0
0
0
0
0
0
0
0
0
0
0
0
0
0
0
0
0
0
0
0
0
0
0
0
0
0
0
0
0
0
