int
2084
2080
2076
2068
2064
2060
2056
2052
2048
3593
3622
3651
3619
3625
3590
3845
3587
3841
3658
2113
2143
2073
3654
2139
2135
2131
2127
2123
2119
2111
2107
2103
2099
2095
6187
2084
2080
2076
2068
2064
2060
2056
2052
2048
2113
3622
3625
2139
2073
3649
3617
3593
3589
3585
2141
3654
2135
3846
2131
3842
2127
3658
2123
2119
2111
2107
2103
2099
2095
6187
2084
2080
2076
2068
2064
2060
2056
2052
2048
2113
3658
3621
2139
2073
3649
3617
3593
3589
3585
2141
3626
2135
3846
2131
3842
2127
3654
2123
2119
2111
2107
2103
2099
2095
6187
2084
2080
2076
2068
2064
2060
2056
2052
2048
2073
3590
3593
2139
2113
3649
3625
3621
3617
3585
2141
3654
2135
3846
2131
3842
2127
3658
2123
2119
2111
2107
2103
2099
2095
6187
3592
3588
2140
2136
2132
2128
2124
2120
2116
2108
2104
2096
2088
2084
2068
2064
2056
3653
3846
2051
3842
3657
2094
2055
2061
2082
2115
3585
2102
3619
2074
3650
3626
3622
6175
3591
3844
2143
3840
3585
2100
3658
2072
2077
2092
2139
2128
2061
2080
3648
3624
3620
3592
3617
3654
2135
2113
2127
2050
2123
2119
2111
2054
2107
2099
2091
2087
2071
2067
6155
2084
2080
2076
2068
2064
2060
2056
2052
2048
2073
3658
3589
2139
2113
3649
3625
3621
3617
3585
2141
3594
2135
3846
2131
3842
2127
3654
2123
2119
2111
2107
2103
2099
2095
6187
3591
3844
2143
3840
3585
2100
3658
2072
2077
2092
2139
2128
2061
2080
3648
3624
3620
3592
3617
3654
2135
2113
2127
2050
2123
2119
2111
2054
2107
2099
2091
2087
2071
2067
6155
3592
3588
2140
2136
2132
2128
2124
2120
2116
2108
2104
2096
2088
2084
2068
2064
2056
3657
3846
2051
3842
3653
2094
2055
2061
2082
2115
3585
2102
3619
2074
3650
3626
3622
6175
2084
2080
2076
2068
2064
2060
2056
2052
2048
3593
3622
2113
2139
3625
3657
3653
3649
3617
3585
2141
3590
2135
3846
2131
3842
2127
2074
2123
2119
2111
2107
2103
2099
2095
6187
3592
3588
2140
2136
2132
2128
2124
2120
2116
2104
2100
2096
2088
2080
2068
2060
2052
3621
3846
2059
3842
3625
2110
2067
2049
2094
3651
3585
2074
2115
2086
3658
3654
3618
6175
3591
3844
2143
3840
3585
2072
3622
2084
2077
2108
2139
2128
3649
2092
3656
3652
3616
3592
2049
3626
2135
2113
2127
2058
2123
2119
2107
2066
2103
2099
2091
2083
2071
2063
6151
2120
2116
2104
2096
2092
2088
2076
2068
2048
2065
3590
2083
3649
2111
3594
2113
2075
3618
2061
2103
3845
2058
3841
3659
2085
2054
3655
3627
3623
3587
2143
2139
2135
2131
6223
0
2135
0
2087
2076
3649
2054
2103
2112
2083
2061
2092
3586
3844
3659
3840
2057
2072
2050
2108
3655
3617
3627
2066
3623
3595
3591
2143
2139
2131
2127
2123
2119
2107
2099
2091
6167
0
2135
0
2103
0
2076
3649
2054
2083
2112
2075
3659
2092
2061
3586
2128
3655
3844
3627
3840
2057
2108
2050
2084
3623
3595
3617
3591
2066
2143
2139
2127
2123
2119
2107
2099
2091
6167
3627
3844
3623
3840
2065
2108
3594
2072
2061
2128
3587
2100
3649
2084
3590
2080
3656
3652
2057
2054
2143
2113
2139
3618
2135
2127
2123
2119
2107
2099
2095
2091
2079
2071
6147
0
2103
0
2083
0
2076
3649
2054
2075
2112
2111
3659
2092
2061
3844
3586
3840
3655
2084
2057
2132
2050
2128
3627
3623
3617
3595
2066
3591
2143
2139
2127
2123
2119
2107
2099
2091
6167
0
2103
0
2083
0
2076
3649
2054
2075
2112
2111
3659
2092
2061
3844
3586
3840
3655
2084
2057
2132
2050
2128
3627
3623
3617
3595
2066
3591
2143
2139
2127
2123
2119
2107
2099
2091
6167
2084
2080
2076
2068
2064
2060
2056
2052
2048
3589
3594
2113
2139
3621
3657
3653
3649
3617
3585
2141
3626
2135
3846
2131
3842
2127
2074
2123
2119
2111
2107
2103
2099
2095
6187
3591
3844
2143
3840
3585
2072
3622
2084
2077
2108
2139
2128
3649
2092
3656
3652
3616
3592
2049
3626
2135
2113
2127
2058
2123
2119
2107
2066
2103
2099
2091
2083
2071
2063
6151
3592
3588
2140
2136
2132
2128
2124
2120
2116
2104
2100
2096
2088
2080
2068
2060
2052
3625
3846
2059
3842
3621
2110
2067
2049
2094
3651
3585
2074
2115
2086
3658
3654
3618
6175
3627
3844
3623
3840
2065
2108
3594
2072
2061
2128
3587
2100
3649
2084
3590
2080
3656
3652
2057
2054
2143
2113
2139
3618
2135
2127
2123
2119
2107
2099
2095
2091
2079
2071
6147
0
2103
0
2083
0
2076
3649
2054
2075
2112
2111
3659
2092
2061
3844
3586
3840
3655
2084
2057
2132
2050
2128
3627
3623
3617
3595
2066
3591
2143
2139
2127
2123
2119
2107
2099
2091
6167
0
2103
0
2083
0
2076
3649
2054
2075
2112
2111
3659
2092
2061
3844
3586
3840
3655
2084
2057
2132
2050
2128
3627
3623
3617
3595
2066
3591
2143
2139
2127
2123
2119
2107
2099
2091
6167
2120
2116
2104
2096
2092
2088
2076
2068
2048
2065
3594
2083
3649
2111
3590
2113
2075
3618
2061
2103
3845
2058
3841
3659
2085
2054
3655
3627
3623
3587
2143
2139
2135
2131
6223
0
2135
0
2103
0
2076
3649
2054
2083
2112
2075
3659
2092
2061
3586
2128
3655
3844
3627
3840
2057
2108
2050
2084
3623
3595
3617
3591
2066
2143
2139
2127
2123
2119
2107
2099
2091
6167
0
2135
0
2087
2076
3649
2054
2103
2112
2083
2061
2092
3586
3844
3659
3840
2057
2072
2050
2108
3655
3617
3627
2066
3623
3595
3591
2143
2139
2131
2127
2123
2119
2107
2099
2091
6167
0
2135
0
2087
2076
3649
2054
2103
2112
2083
2061
2092
3586
3844
3659
3840
2057
2072
2050
2108
3655
3617
3627
2066
3623
3595
3591
2143
2139
2131
2127
2123
2119
2107
2099
2091
6167
0
0
0
0
0
2055
2112
3625
3622
0
2103
0
0
2108
3845
2087
3590
0
2119
0
2048
3841
2127
0
3658
2083
0
2076
2069
2123
3651
3619
3654
3587
2072
2057
2143
2139
2135
2131
3594
2092
2107
2099
2091
2067
6159
0
0
0
0
0
2103
2108
2053
3622
2087
0
0
2127
2076
3625
2083
3654
0
2119
0
2072
2049
2123
3846
3651
3619
3595
2068
2057
3591
3842
3587
2143
2139
2092
2113
2135
3658
2131
2107
2099
2091
2067
6159
0
0
0
0
0
2103
2108
2053
3658
2087
0
0
2127
2076
3621
2083
3626
0
2119
0
2072
2049
2123
3846
3651
3619
3595
2068
2057
3591
3842
3587
2143
2139
2092
2113
2135
3654
2131
2107
2099
2091
2067
6159
0
0
0
0
0
2103
2108
2053
3590
2087
0
0
2127
2076
2049
2083
3654
0
2119
0
2072
2057
2123
3846
3651
3627
3623
2068
2113
3619
3842
3587
2143
2139
2092
3593
2135
3658
2131
2107
2099
2091
2067
6159
0
0
0
0
0
0
0
3584
2077
2058
3655
0
0
0
0
2100
2113
2110
3847
0
0
2082
0
2048
3617
2086
3843
0
2118
0
0
2092
2073
2126
3659
2122
3650
3626
3622
2060
2069
3594
3590
2142
2138
2134
2130
2106
2098
2090
2066
6151
0
0
0
0
0
0
0
2095
3584
2073
3846
0
0
0
2111
0
0
2056
2069
3842
2083
0
0
0
2087
0
2052
3617
3658
2119
0
0
2127
0
2112
2131
2049
3654
2123
3651
3627
3623
2100
3595
3591
2061
2078
2143
2139
2135
2107
2099
2091
6163
0
0
0
0
0
2103
2108
2053
3658
2087
0
0
2127
2076
2049
2083
3594
0
2119
0
2072
2057
2123
3846
3651
3627
3623
2068
2113
3619
3842
3587
2143
2139
2092
3589
2135
3654
2131
2107
2099
2091
2067
6159
0
0
0
0
0
0
0
2095
3584
2073
3846
0
0
0
2111
0
0
2056
2069
3842
2083
0
0
0
2087
0
2052
3617
3658
2119
0
0
2127
0
2112
2131
2049
3654
2123
3651
3627
3623
2100
3595
3591
2061
2078
2143
2139
2135
2107
2099
2091
6163
0
0
0
0
0
0
0
3584
2077
2058
3659
0
0
0
0
2100
2113
2110
3847
0
0
2082
0
2048
3617
2086
3843
0
2118
0
0
2092
2073
2126
3655
2122
3650
3626
3622
2060
2069
3594
3590
2142
2138
2134
2130
2106
2098
2090
2066
6151
0
0
0
0
0
2103
2108
2049
3622
2087
0
0
2127
2076
2057
2083
3590
0
2119
0
2072
3625
2123
3846
3659
3655
3651
2068
2113
3619
3842
3587
2143
2139
2092
3593
2135
2054
2131
2107
2099
2091
2067
6159
0
0
0
0
0
0
0
3584
3649
2054
3623
0
0
0
0
2064
3625
2078
3847
0
0
0
2086
2092
2109
2126
3843
0
2082
0
0
2048
2069
2118
2075
2122
3658
3654
3618
2056
2101
3594
3590
2142
2138
2134
2130
2106
2098
2090
2062
6211
0
0
0
0
0
0
0
2095
3584
3625
3846
0
0
0
0
2103
0
2056
3621
3842
2087
0
0
2127
0
0
2052
2069
2078
2083
0
0
2119
0
2112
2131
2065
2074
2123
3659
3655
3619
2108
3595
3591
2049
3650
2143
2139
2135
2107
2099
2091
6159
0
0
0
0
0
0
0
2092
3649
3590
2071
0
0
0
0
2056
2065
3846
2087
0
0
0
2083
2052
2101
3842
2119
0
0
2127
0
2048
3617
2114
2123
3659
3655
3627
3623
2076
3593
2110
3587
2143
2139
2135
2131
2072
2061
2107
2099
6187
0
0
0
0
0
0
0
2103
3584
2077
3846
0
0
0
2111
0
0
2064
2113
3842
2087
0
0
0
2083
0
2060
3617
2054
2127
0
0
2119
0
2135
2092
2073
2050
2123
3659
3655
3627
3623
3595
2056
2069
3650
3591
2143
2139
2131
2107
2099
6187
0
0
0
0
0
0
0
2103
0
3584
2061
3846
0
0
2111
0
0
0
0
2076
2057
3842
2087
0
0
0
2083
0
0
2072
3617
2070
2131
0
0
2127
0
0
2092
2119
2053
2066
2135
0
2123
3659
3655
2112
3627
3623
2049
3650
3595
3591
2143
2139
2107
2099
6187
0
0
0
0
0
0
0
2095
2048
2057
3846
0
0
0
0
2103
0
2076
2053
3842
2087
0
0
0
2083
0
2072
3617
2066
2119
0
0
2127
0
2131
2068
3593
2062
2123
3659
3655
3627
3623
2112
3587
3589
3650
2143
2139
2135
2107
2108
2099
6187
0
0
0
0
0
0
0
0
2103
3584
2061
3846
0
0
0
0
2111
0
0
2076
2057
3842
2087
0
0
0
2083
0
0
2072
3617
2070
2127
0
0
2119
0
2131
2092
2123
2053
2066
2135
3659
3655
3627
3623
2112
3595
3591
2049
3650
2143
2139
2107
2099
6187
0
0
0
0
0
0
0
2103
0
3584
2061
3846
0
0
2111
0
0
0
0
2076
2057
3842
2087
0
0
0
2083
0
0
2072
3617
2070
2127
0
0
2119
0
2131
2092
2123
2053
2066
2135
3659
3655
3627
3623
2112
3595
3591
2049
3650
2143
2139
2107
2099
6187
0
0
0
0
0
2103
2108
2049
3594
2087
0
0
2127
2076
2057
2083
3626
0
2119
0
2072
3621
2123
3846
3659
3655
3651
2068
2113
3619
3842
3587
2143
2139
2092
3589
2135
2054
2131
2107
2099
2091
2067
6159
0
0
0
0
0
0
0
2095
3584
3625
3846
0
0
0
0
2103
0
2056
3621
3842
2087
0
0
2127
0
0
2052
2069
2078
2083
0
0
2119
0
2112
2131
2065
2074
2123
3659
3655
3619
2108
3595
3591
2049
3650
2143
2139
2135
2107
2099
2091
6159
0
0
0
0
0
0
0
3584
3649
2054
3627
0
0
0
0
2064
3621
2078
3847
0
0
0
2086
2092
2109
2126
3843
0
2082
0
0
2048
2069
2118
2075
2122
3658
3654
3618
2056
2101
3594
3590
2142
2138
2134
2130
2106
2098
2090
2062
6211
0
0
0
0
0
0
0
2095
2048
2057
3846
0
0
0
0
2103
0
2076
2053
3842
2087
0
0
0
2083
0
2072
3617
2066
2119
0
0
2127
0
2131
2068
3593
2062
2123
3659
3655
3627
3623
2112
3587
3589
3650
2143
2139
2135
2107
2108
2099
6187
0
0
0
0
0
0
0
0
2103
3584
2061
3846
0
0
0
2111
0
0
0
2076
2057
3842
2087
0
0
0
2083
0
0
2072
3617
2070
2127
0
0
2119
0
2131
2092
2123
2053
2066
2135
3659
3655
3627
3623
2112
3595
3591
2049
3650
2143
2139
2107
2099
6187
0
0
0
0
0
0
0
2103
0
3584
2061
3846
0
0
2111
0
0
0
0
2076
2057
3842
2087
0
0
0
2083
0
0
2072
3617
2070
2127
0
0
2119
0
2131
2092
2123
2053
2066
2135
3659
3655
3627
3623
2112
3595
3591
2049
3650
2143
2139
2107
2099
6187
0
0
0
0
0
0
0
2092
3649
3594
2071
0
0
0
0
2056
2065
3846
2087
0
0
0
2083
2052
2101
3842
2119
0
0
2127
0
2048
3617
2114
2123
3659
3655
3627
3623
2076
3589
2110
3587
2143
2139
2135
2131
2072
2061
2107
2099
6187
0
0
0
0
0
0
0
0
2103
3584
2061
3846
0
0
0
0
2111
0
0
2076
2057
3842
2087
0
0
0
2083
0
0
2072
3617
2070
2131
0
0
2127
0
0
2092
2119
2053
2066
2135
0
2123
3659
3655
2112
3627
3623
2049
3650
3595
3591
2143
2139
2107
2099
6187
0
0
0
0
0
0
0
2103
3584
2077
3846
0
0
0
2111
0
0
2064
2113
3842
2087
0
0
0
2083
0
2060
3617
2054
2127
0
0
2119
0
2135
2092
2073
2050
2123
3659
3655
3627
3623
3595
2056
2069
3650
3591
2143
2139
2131
2107
2099
6187
0
0
0
0
0
0
0
2103
3584
2077
3846
0
0
0
2111
0
0
2064
2113
3842
2087
0
0
0
2083
0
2060
3617
2054
2127
0
0
2119
0
2135
2092
2073
2050
2123
3659
3655
3627
3623
3595
2056
2069
3650
3591
2143
2139
2131
2107
2099
6187
0
0
0
0
0
0
0
0
0
0
0
0
0
0
0
0
0
0
0
0
0
0
0
0
0
0
0
0
0
0
0
0
0
0
0
0
0
0
0
0
0
0
0
0
0
0
0
0
0
0
0
0
0
0
0
0
0
0
0
0
0
0
0
0
0
0
0
0
0
0
0
0
0
0
0
0
0
0
0
0
0
0
0
0
0
0
0
0
0
0
0
0
0
0
0
0
0
0
0
0
0
0
0
0
0
0
0
0
0
0
0
0
0
0
0
0
0
0
0
0
0
0
0
0
0
0
0
0
0
0
0
0
0
0
0
0
0
0
0
0
0
0
0
0
0
0
0
0
0
0
0
0
0
0
0
0
0
0
0
0
0
0
0
0
0
0
0
0
0
0
0
0
0
0
0
0
0
0
0
0
0
0
0
0
0
0
0
0
0
0
0
0
0
0
0
0
0
0
0
0
0
0
0
0
0
0
0
0
0
0
0
0
0
0
0
0
0
0
0
0
0
0
0
0
0
0
0
0
0
0
0
0
0
0
0
0
0
0
0
0
0
0
0
0
0
0
0
0
0
0
0
0
0
0
0
0
0
0
0
0
0
0
0
0
0
0
0
0
0
0
0
0
0
0
0
0
0
0
0
0
0
0
0
0
0
0
0
0
0
0
0
0
0
0
0
0
0
0
0
0
0
0
0
0
0
0
0
0
0
0
0
0
0
0
0
0
0
0
0
0
0
0
0
0
0
0
0
0
0
0
0
0
0
0
0
0
0
0
0
0
0
0
0
0
0
0
0
0
0
0
0
0
0
0
0
0
0
0
0
0
0
0
0
0
0
0
0
0
0
0
0
0
0
0
0
0
0
0
0
0
0
0
0
0
0
0
0
0
0
0
0
0
0
0
0
0
0
0
0
0
0
0
0
0
0
0
0
0
0
0
0
0
0
0
0
0
0
0
0
0
0
0
0
0
0
0
0
0
0
0
0
0
0
0
0
0
0
0
0
0
0
0
0
0
0
0
0
0
0
0
0
0
0
0
0
0
0
0
0
0
0
0
0
0
0
0
0
0
0
0
0
0
0
0
0
0
0
0
0
0
0
0
0
0
0
0
0
0
0
0
0
0
0
0
0
0
0
0
0
0
0
0
0
0
0
0
0
0
0
0
0
0
0
0
0
0
0
0
0
0
0
0
0
0
0
0
0
0
0
0
0
0
0
0
0
0
0
0
0
0
0
0
0
0
0
0
0
0
0
0
0
0
0
0
0
0
0
0
0
0
0
0
0
0
0
0
0
0
0
0
0
0
0
0
0
0
0
0
0
0
0
0
0
0
0
0
0
0
0
0
0
0
0
0
0
0
0
0
0
0
0
0
0
0
0
0
0
0
0
0
0
0
0
0
0
0
0
0
0
0
0
0
0
0
0
0
0
0
0
0
0
0
0
0
0
0
0
0
0
0
0
0
0
0
0
0
0
0
0
0
0
0
0
0
0
0
0
0
0
0
0
0
0
0
0
0
0
0
0
0
0
0
0
0
0
0
0
0
0
0
0
0
0
0
0
0
0
0
0
0
0
0
0
0
0
0
0
0
0
0
0
0
0
0
0
0
0
0
0
0
0
0
0
0
0
0
0
0
0
0
0
0
0
0
0
0
0
0
0
0
0
0
0
0
0
0
0
0
0
0
0
0
0
0
0
0
0
0
0
0
0
0
0
0
0
0
0
0
0
0
0
0
0
0
0
0
0
0
0
0
0
0
0
0
0
0
0
0
0
0
0
0
0
0
0
0
0
0
0
0
0
0
0
0
0
0
0
0
0
0
0
0
0
0
0
0
0
0
0
0
0
0
0
0
0
0
0
0
0
0
0
0
0
0
0
0
0
0
0
0
0
0
0
0
0
0
0
0
0
0
0
0
0
0
0
0
0
0
0
0
0
0
0
0
0
0
0
0
0
0
0
0
0
0
0
0
0
0
0
0
0
0
0
0
0
0
0
0
0
0
0
0
0
0
0
0
0
0
0
0
0
0
0
0
0
0
0
0
0
0
0
0
0
0
0
0
0
0
0
0
0
0
0
0
0
0
0
0
0
0
0
0
0
0
0
0
0
0
0
0
0
0
0
0
0
0
0
0
0
0
0
0
0
0
0
0
0
0
0
0
0
0
0
0
0
0
0
0
0
0
0
0
0
0
0
0
0
0
0
0
0
0
0
0
0
0
0
0
0
0
0
0
0
0
0
0
0
0
0
0
0
0
0
0
0
0
0
0
0
0
0
0
0
0
0
0
0
0
0
0
0
0
0
0
0
0
0
0
0
0
0
0
0
0
0
0
0
0
0
0
0
0
0
0
0
0
0
0
0
0
0
0
0
0
0
0
0
0
0
0
0
0
0
0
0
0
0
0
0
0
0
0
0
0
0
0
0
0
0
0
0
0
0
0
0
0
0
0
0
0
0
0
0
0
0
0
0
0
0
0
0
0
0
0
0
0
0
0
0
0
0
0
0
0
0
0
0
0
0
0
0
0
0
0
0
0
0
0
0
0
0
0
0
0
0
0
0
0
0
0
0
0
0
0
0
0
0
0
0
0
0
0
0
0
0
0
0
0
0
0
0
0
0
0
0
0
0
0
0
0
0
0
0
0
0
0
0
0
0
0
0
0
0
0
0
0
0
0
0
0
0
0
0
0
0
0
0
0
0
0
0
0
0
0
0
0
0
0
0
0
0
0
0
0
0
0
0
0
0
0
0
0
0
0
0
0
0
0
0
0
0
0
0
0
0
0
0
0
0
0
0
0
0
0
0
0
0
0
0
0
0
0
0
0
0
0
0
0
0
0
0
0
0
0
0
0
0
0
0
0
0
0
0
0
0
0
0
0
0
0
0
0
0
0
0
0
0
0
0
0
0
0
0
0
0
0
0
0
0
0
0
0
0
0
0
0
0
0
0
0
0
0
0
0
0
0
0
0
0
0
0
0
0
0
0
0
0
0
0
0
0
0
0
0
0
0
0
0
0
0
0
0
0
0
0
0
0
0
0
0
0
0
0
0
0
0
0
0
0
0
0
0
0
0
0
0
0
0
0
0
0
0
0
0
0
0
0
0
0
0
0
0
0
0
0
0
0
0
0
0
0
0
0
0
0
0
0
0
0
0
0
0
0
0
0
0
0
0
0
0
0
0
0
0
0
0
0
0
0
0
0
0
0
0
0
0
0
0
0
0
0
0
0
0
0
0
0
0
0
0
0
0
0
0
0
0
0
0
0
0
0
0
0
0
0
0
0
0
0
0
0
0
0
0
0
0
0
0
0
0
0
0
0
0
0
0
0
0
0
0
0
0
0
0
0
0
0
0
0
0
0
0
0
0
0
0
0
0
0
0
0
0
0
0
0
0
0
0
0
0
0
0
0
0
0
0
0
0
0
0
0
0
0
0
0
0
0
0
0
0
0
0
0
0
0
0
0
0
0
0
0
0
0
0
0
0
0
0
0
0
0
0
0
0
0
0
0
0
0
0
0
0
0
0
0
0
0
0
0
0
0
0
0
0
0
0
0
0
0
0
0
0
0
0
0
0
0
0
0
0
0
0
0
0
0
0
0
0
0
0
0
0
0
0
0
0
0
0
0
0
0
0
0
0
0
0
0
0
0
0
0
0
0
0
0
0
0
0
0
0
0
0
0
0
0
0
0
0
0
0
0
0
0
0
0
0
0
