int
0
0
0
0
0
0
2213
2136
0
0
0
0
2082
2161
2067
2132
0
0
0
0
2157
0
0
2128
0
2078
0
2165
2063
0
0
2124
0
0
2217
0
0
0
2074
2120
2221
2059
0
0
0
0
2169
2116
0
0
0
2070
2173
0
2055
2112
3849
0
0
3845
2094
0
3841
2108
0
2197
0
2051
2193
2154
0
2104
2189
0
2233
0
2229
2150
2225
2100
2209
2091
2205
0
2201
2146
2185
2096
2181
0
2177
2273
2269
2265
2236
2261
2257
2253
2249
2245
2241
2142
6183
0
0
0
0
0
0
0
0
2247
0
0
0
0
0
0
0
0
2219
0
0
2144
2057
2134
0
0
0
2183
0
0
0
0
0
0
0
2107
0
0
0
0
0
0
2140
2053
2130
2103
0
0
0
0
0
0
0
2099
0
0
0
0
0
0
0
2095
0
2136
2049
2126
0
0
0
2123
0
0
0
2248
0
0
0
2119
0
0
0
0
0
2212
0
2089
2078
2115
0
0
0
0
0
2240
0
2111
0
0
0
0
0
0
2175
2236
0
0
2085
2074
2167
0
0
3851
0
2176
3847
0
0
3843
0
0
2199
0
0
2156
2195
0
0
2081
2070
2191
0
2235
0
2184
2231
0
2227
0
2211
0
2207
0
2203
2220
2275
2271
2267
2263
2153
2066
2259
2255
0
2160
0
0
0
0
0
0
0
0
2168
0
0
0
0
0
0
2149
6158
0
0
0
0
0
0
0
2152
2146
0
0
0
0
0
0
2148
2081
2142
3851
0
0
0
2216
0
0
2138
0
0
0
2164
0
0
2077
2134
3847
0
2160
0
0
0
0
2130
0
2156
0
0
0
0
2073
2126
2236
3843
0
0
0
0
2220
2122
0
0
0
0
2172
0
2069
2118
0
2055
2168
0
0
0
0
2260
2114
0
0
0
2256
0
2065
0
2110
2252
2051
0
0
2212
0
0
2196
2106
0
2192
0
0
2188
2061
0
2208
2102
2091
2204
0
0
2200
0
2232
2098
2228
0
2224
0
2184
2057
2180
2094
2176
2272
2268
2264
2248
2244
2240
6183
0
0
0
0
0
0
0
0
0
2160
0
0
0
0
0
0
0
0
0
2248
0
0
0
2057
2146
3851
0
0
0
2180
0
0
0
0
0
0
0
0
0
2240
0
0
0
0
0
0
0
2053
2142
2236
3847
0
0
0
0
0
0
0
0
2176
0
0
0
0
0
0
0
0
2184
0
0
2049
2138
0
3843
0
0
2172
0
0
0
0
0
0
0
0
2244
0
0
0
0
0
0
0
0
2220
2089
2134
2079
0
0
0
0
2116
0
0
0
0
0
0
0
2112
0
0
0
0
0
0
0
2108
2085
2130
2075
0
0
0
0
2104
0
0
0
0
0
0
0
2100
0
0
0
0
0
0
0
2096
2081
2126
2071
0
0
0
0
2092
0
0
0
2158
0
0
0
2120
0
0
0
0
2260
2170
0
0
2153
2256
2067
0
0
0
2252
2166
0
2208
0
0
2204
0
0
2200
0
2218
2196
0
0
2192
0
0
2188
2149
2232
2214
2228
2063
2224
2272
2268
6360
0
0
0
0
0
0
0
0
2175
0
0
0
0
0
0
0
0
2231
0
0
2068
2101
2058
0
0
2135
0
0
0
0
0
0
0
2235
0
0
0
0
0
0
0
2064
2097
2054
2131
0
0
0
0
0
0
0
2127
0
0
0
0
0
0
0
2155
0
2060
2093
2050
0
0
0
2151
0
0
0
2220
0
0
0
2147
0
0
0
0
0
2168
0
2089
2122
2143
0
0
0
0
0
2164
0
2139
0
0
0
0
0
2215
0
2272
0
0
2085
2118
2267
0
0
3851
0
2268
3847
0
0
3843
0
0
2199
0
0
2236
2195
0
0
2081
2114
2191
0
2211
0
2160
2207
0
2203
0
2187
0
2183
0
2179
2156
2263
2259
2255
2251
2077
2110
2247
2243
0
2224
0
0
0
0
0
0
0
0
2216
0
0
0
0
0
0
2073
6202
0
0
0
0
0
0
0
0
0
0
0
0
2184
0
0
0
0
0
0
0
0
0
0
0
0
2216
0
0
2105
2142
2071
0
0
0
0
0
0
0
2180
0
0
0
0
0
0
0
0
0
0
0
0
2272
0
0
0
0
0
2101
2138
2067
0
0
0
0
2268
0
0
0
0
0
0
0
0
0
0
0
0
2264
0
0
0
0
0
0
0
0
2097
2134
2063
0
2176
0
0
0
0
0
0
0
0
0
0
0
0
2172
0
0
0
0
0
0
0
0
0
0
0
2093
2168
2130
2059
0
0
0
0
0
0
0
0
0
0
2248
0
0
0
0
0
0
0
0
0
0
0
0
2164
0
2089
0
2126
2055
0
0
0
0
0
0
0
2160
0
0
0
0
0
0
0
0
0
0
0
0
2236
0
0
0
0
2085
0
2122
2051
0
0
0
0
2232
0
0
0
0
0
0
0
0
0
0
0
0
2156
0
0
0
0
0
0
0
2081
0
2118
2155
0
2224
0
0
0
0
0
0
0
0
0
0
0
2244
0
0
0
0
0
0
0
0
0
0
0
2220
2077
2114
2151
0
0
0
0
0
0
2228
0
0
0
0
0
0
0
0
2240
0
0
0
0
0
0
0
2212
0
0
3848
2073
2110
3844
2147
0
3840
0
0
2196
0
0
2192
0
0
2188
0
2208
0
2204
0
2200
2260
2256
6348
0
0
0
0
0
0
0
0
0
2216
0
0
0
0
0
0
0
0
0
2212
0
0
0
2069
2102
3851
0
0
0
2160
0
0
0
0
0
0
0
0
0
2172
0
0
0
0
0
0
0
2065
2098
2236
3847
0
0
0
0
0
0
0
0
2168
0
0
0
0
0
0
0
0
2228
0
0
2061
2094
0
3843
0
0
2232
0
0
0
0
0
0
0
2124
0
0
0
0
0
0
0
2152
0
2057
2090
0
2123
0
0
2148
0
0
0
0
0
0
0
2144
0
0
0
0
0
0
0
2140
0
2053
2086
0
2119
0
0
2136
0
0
0
0
0
0
0
2132
0
0
0
0
0
0
0
2128
0
2049
2082
0
2115
0
2264
0
0
0
0
2273
2164
0
0
0
0
2260
0
0
0
2269
2256
0
0
0
2078
2252
2111
0
2196
2157
0
2192
0
0
2188
0
0
2208
0
2225
2204
0
0
2200
0
2184
0
2180
2074
2176
2248
2244
2240
2221
6203
0
0
0
0
0
0
0
0
0
0
0
0
2275
0
0
0
0
0
0
0
0
0
0
0
0
2159
0
0
0
0
0
2096
2137
3850
0
0
0
0
2267
0
0
0
0
0
0
0
0
0
0
0
0
2175
0
0
0
0
0
0
0
0
0
0
0
2092
2133
3846
2171
0
0
0
0
0
0
0
0
0
0
0
0
2167
0
0
0
0
0
0
0
0
0
0
0
0
2251
0
0
2088
2129
3842
0
0
0
0
0
0
0
2247
0
0
0
0
0
0
0
0
0
0
0
0
2243
0
0
0
0
0
0
0
0
2084
2125
2058
0
2239
0
0
0
0
0
0
0
0
0
0
0
0
2235
0
0
0
0
0
0
0
0
0
0
0
0
2163
0
2080
2121
2054
0
0
0
0
0
0
0
0
2227
0
0
0
0
0
0
0
0
0
0
0
0
2187
0
0
0
0
0
0
0
2076
2117
2050
0
0
2219
0
0
0
0
0
0
0
0
0
0
0
0
2215
0
0
0
0
0
0
0
0
0
0
0
0
2183
2072
2113
2154
0
0
0
0
0
0
0
0
2271
0
0
0
0
0
0
0
0
0
0
0
2223
0
0
0
0
0
0
0
0
2068
2109
2150
2231
0
0
0
0
0
0
0
2179
0
0
0
0
2263
0
0
0
0
2259
0
0
0
0
2255
0
0
2211
0
0
2064
2105
2146
2207
0
0
2203
0
0
2199
0
0
2195
0
0
2191
0
0
0
0
0
0
0
0
0
0
0
0
0
0
0
0
2060
2101
6238
0
0
0
0
0
0
0
0
0
0
0
0
0
0
0
0
0
0
0
0
0
0
0
0
0
0
0
0
0
0
0
0
0
0
0
0
0
0
0
0
0
0
0
0
0
0
0
0
0
0
0
0
0
0
0
0
0
0
0
0
0
0
0
0
0
0
0
0
0
0
0
0
0
0
0
0
0
0
0
0
0
0
0
0
0
0
0
0
0
0
0
0
0
0
0
0
0
0
0
0
0
0
0
0
0
0
0
0
0
0
0
0
0
0
0
0
0
0
0
0
0
0
0
0
0
0
0
0
0
0
0
0
0
0
0
0
0
0
0
0
0
0
0
0
0
0
0
0
0
0
0
0
0
0
0
0
0
0
0
0
0
0
0
0
0
0
0
0
0
0
0
0
0
0
0
0
0
0
0
0
0
0
0
0
0
0
0
0
0
0
0
0
0
0
0
0
0
0
0
0
0
0
0
0
0
0
0
0
0
0
0
0
0
0
0
0
0
0
0
0
0
0
0
0
0
0
0
0
0
0
0
0
0
0
0
0
0
0
0
0
0
0
0
0
0
0
0
0
0
0
0
0
0
0
0
0
0
0
0
0
0
0
0
0
0
0
0
0
0
0
0
0
0
0
0
0
0
0
0
0
0
0
0
0
0
0
0
0
0
0
0
0
0
0
0
0
0
0
0
0
0
0
0
0
0
0
0
0
0
0
0
0
0
0
0
0
0
0
0
0
0
0
0
0
0
0
0
0
0
0
0
0
0
0
0
0
0
0
0
0
0
0
0
0
0
0
0
0
0
0
0
0
0
0
0
0
0
0
0
0
0
0
0
0
0
0
0
0
0
0
0
0
0
0
0
0
0
0
0
0
0
0
0
0
0
0
0
0
0
0
0
0
0
0
0
0
0
0
0
0
0
0
0
0
0
0
0
0
0
0
0
0
0
0
0
0
0
0
0
0
0
0
0
0
0
0
0
0
0
0
0
0
0
0
0
0
0
0
0
0
0
0
0
0
0
0
0
0
0
0
0
0
0
0
0
0
0
0
0
0
0
0
0
0
0
0
0
0
0
0
0
0
0
0
0
0
0
0
0
0
0
0
0
0
0
0
0
0
0
0
0
0
0
0
0
0
0
0
0
0
0
0
0
0
0
0
0
0
0
0
0
0
0
0
0
0
0
0
0
0
0
0
0
0
0
0
0
0
0
0
0
0
0
0
0
0
0
0
0
0
0
0
0
0
0
0
0
0
0
0
0
0
0
0
0
0
0
0
0
0
0
0
0
0
0
0
0
0
0
0
0
0
0
0
0
0
0
0
0
0
0
0
0
0
0
0
0
0
0
0
0
0
0
0
0
0
0
0
0
0
0
0
0
0
0
0
0
0
0
0
0
0
0
0
0
0
0
0
0
0
0
0
0
0
0
0
0
0
0
0
0
0
0
0
0
0
0
0
0
0
0
0
0
0
0
0
0
0
0
0
0
0
0
0
0
0
0
0
0
0
0
0
0
0
0
0
0
0
0
0
0
0
0
0
0
0
0
0
0
0
0
0
0
0
0
0
0
0
0
0
0
0
0
0
0
0
0
0
0
0
0
0
0
0
0
0
0
0
0
0
0
0
0
0
0
0
0
0
0
0
0
0
0
0
0
0
0
0
0
0
0
0
0
0
0
0
0
0
0
0
0
0
0
0
0
0
0
0
0
0
0
0
0
0
0
0
0
0
0
0
0
0
0
0
0
0
0
0
0
0
0
0
0
0
0
0
0
0
0
0
0
0
0
0
0
0
0
0
0
0
0
0
0
0
0
0
0
0
0
0
0
0
0
0
0
0
0
0
0
0
0
0
0
0
0
0
0
0
0
0
0
0
0
0
0
0
0
0
0
0
0
0
0
0
0
0
0
0
0
0
0
0
0
0
0
0
0
0
0
0
0
0
0
0
0
0
0
0
0
0
0
0
0
0
0
0
0
0
0
0
0
0
0
0
0
0
0
0
0
0
0
0
0
0
0
0
0
0
0
0
0
0
0
0
0
0
0
0
0
0
0
0
0
0
0
0
0
0
0
0
0
0
0
0
0
0
0
0
0
0
0
0
0
0
0
0
0
0
0
0
0
0
0
0
0
0
0
0
0
0
0
0
0
0
0
0
0
0
0
0
0
0
0
0
0
0
0
0
0
0
0
0
0
0
0
0
0
0
0
0
0
0
0
0
0
0
0
0
0
0
0
0
0
0
0
0
0
0
0
0
0
0
0
0
0
0
0
0
0
0
0
0
0
0
0
0
0
0
0
0
0
0
0
0
0
0
0
0
0
0
0
0
0
0
0
0
0
0
0
0
0
0
0
0
0
0
0
0
0
0
0
0
0
0
0
0
0
0
0
0
0
0
0
0
0
0
0
0
0
0
0
0
0
0
0
0
0
0
0
0
0
0
0
0
0
0
0
0
0
0
0
0
0
0
0
0
0
0
0
0
0
0
0
0
0
0
0
0
0
0
0
0
0
0
0
0
0
0
0
0
0
0
0
0
0
0
0
0
0
0
0
0
0
0
0
0
0
0
0
0
0
0
0
0
0
0
0
0
0
0
0
0
0
0
0
0
0
0
0
0
0
0
0
0
0
0
0
0
0
0
0
0
0
0
0
0
0
0
0
0
0
0
0
0
0
0
0
0
0
0
0
0
0
0
0
0
0
0
0
0
0
0
0
0
0
0
0
0
0
0
0
0
0
0
0
0
0
0
0
0
0
0
0
0
0
0
0
0
0
0
0
0
0
0
0
0
0
0
0
0
0
0
0
0
0
0
0
0
0
0
0
0
0
0
0
0
0
0
0
0
0
0
0
0
0
0
0
0
0
0
0
0
0
0
0
0
0
0
0
0
0
0
0
0
0
0
0
0
0
0
0
0
0
0
0
0
0
0
0
0
0
0
0
0
0
0
0
0
0
0
0
0
0
0
0
0
0
0
0
0
0
0
0
0
0
0
0
0
0
0
0
0
0
0
0
0
0
0
0
0
0
0
0
0
0
0
0
0
0
0
0
0
0
0
0
0
0
0
0
0
0
0
0
0
0
0
0
0
0
0
0
0
0
0
0
0
0
0
0
0
0
0
0
0
0
0
0
0
0
0
0
0
0
0
0
0
0
0
0
0
0
0
0
0
0
0
0
0
0
0
0
0
0
0
0
0
0
0
0
0
0
0
0
0
0
0
0
0
0
0
0
0
0
0
0
0
0
0
0
0
0
0
0
0
0
0
0
0
0
0
0
0
0
0
0
0
0
0
0
0
0
0
0
0
0
0
0
0
0
0
0
0
0
0
0
0
0
0
0
0
0
0
0
0
0
0
0
0
0
0
0
0
0
0
0
0
0
0
0
0
0
0
0
0
0
0
0
0
0
0
0
0
0
0
0
0
0
0
0
0
0
0
0
0
0
0
0
0
0
0
0
0
0
0
0
0
0
0
0
0
0
0
0
0
0
0
0
0
0
0
0
0
0
0
0
0
0
0
0
0
0
0
0
0
0
0
0
0
0
0
0
0
0
0
0
0
0
0
0
0
0
0
0
0
0
0
0
0
0
0
0
0
0
0
0
0
0
0
0
0
0
0
0
0
0
0
0
0
0
0
0
0
0
0
0
0
0
0
0
0
0
0
0
0
0
0
0
0
0
0
0
0
0
0
0
0
0
0
0
0
0
0
0
0
0
0
0
0
0
0
0
0
0
0
0
0
0
0
0
0
0
0
0
0
0
0
0
0
0
0
0
0
0
0
0
0
0
0
0
0
0
0
0
0
0
0
0
0
0
0
0
0
0
0
0
0
0
0
0
0
0
0
0
0
0
0
0
0
0
0
0
0
0
0
0
0
0
0
0
0
0
0
0
0
0
0
0
0
0
0
0
0
0
0
0
0
0
0
0
0
0
0
0
0
0
0
0
0
0
0
0
0
0
0
0
0
0
0
0
0
0
0
0
0
0
0
0
0
0
0
0
0
0
0
0
0
0
0
0
0
0
0
0
0
0
0
0
0
0
0
0
0
0
0
0
0
0
0
0
0
0
0
0
0
0
0
0
0
0
0
0
0
0
0
0
0
0
0
0
0
0
0
0
0
0
0
0
0
0
0
0
0
0
0
0
0
0
0
0
0
0
0
0
0
0
0
0
0
0
0
0
0
0
0
0
0
0
0
0
0
0
0
0
0
0
0
0
0
0
0
0
0
0
0
0
0
0
0
0
0
0
0
0
0
0
0
0
0
0
0
0
0
0
0
0
0
0
0
0
0
0
0
0
0
0
0
0
0
0
0
0
0
0
0
0
0
0
0
0
0
0
0
0
0
0
0
0
0
0
0
0
0
0
0
0
0
0
0
0
0
0
0
0
0
0
0
0
0
0
0
0
0
0
0
0
0
0
0
0
0
0
0
0
0
0
0
0
0
0
0
0
0
0
0
0
0
0
0
0
0
0
0
0
0
0
0
0
0
0
0
0
0
0
0
0
0
0
0
0
0
0
0
0
0
0
0
0
0
0
0
0
0
0
0
0
0
0
0
0
0
0
0
0
0
0
0
0
0
0
0
0
0
0
0
0
0
0
0
0
0
0
0
0
0
0
0
0
0
0
0
0
0
0
0
0
0
0
0
0
0
0
0
0
0
0
0
0
0
0
0
0
0
0
0
0
0
0
0
0
0
0
0
0
0
0
0
0
0
0
0
0
0
0
0
0
0
0
0
0
0
0
0
0
0
0
0
0
0
0
0
0
0
0
0
0
0
0
0
0
0
0
0
0
0
0
0
0
0
0
0
0
0
0
0
0
0
0
0
0
0
0
0
0
0
0
0
0
0
0
0
0
0
0
0
0
0
0
0
0
0
0
0
0
0
0
0
0
0
0
0
0
0
0
0
0
0
0
0
0
0
0
0
0
0
0
0
0
0
0
0
0
0
0
0
0
0
0
0
0
0
0
0
0
0
0
0
0
0
0
0
0
0
0
0
0
0
0
0
0
0
0
0
0
0
0
0
0
0
0
0
0
0
0
0
0
0
0
0
0
0
0
0
0
0
0
0
0
0
0
0
0
0
0
0
0
0
0
0
0
0
0
0
0
0
0
0
0
0
0
0
0
0
0
0
0
0
0
0
0
0
0
0
0
0
0
0
0
0
0
0
0
0
0
0
0
0
0
0
0
0
0
0
0
0
0
0
0
0
0
0
0
0
0
0
0
0
0
0
0
0
0
0
0
0
0
0
0
0
0
0
0
0
0
0
0
0
0
0
0
0
0
0
0
0
0
0
0
0
0
0
0
0
0
0
0
0
0
0
0
0
0
0
0
0
0
0
0
0
0
0
0
0
0
0
0
0
0
0
0
0
0
0
0
0
0
0
0
0
0
0
0
0
0
0
0
0
0
0
0
0
0
0
0
0
0
0
0
0
0
0
0
0
0
0
0
0
0
0
0
0
0
0
0
0
0
0
0
0
0
0
0
0
0
0
0
0
0
0
0
0
0
0
0
0
0
0
0
0
0
0
0
0
0
0
0
0
0
0
0
0
0
0
0
0
0
0
0
0
0
0
0
0
0
0
0
0
0
0
0
0
0
0
0
0
0
0
0
0
0
0
0
0
0
0
0
0
0
0
0
0
0
0
0
0
0
0
0
0
0
0
0
0
0
0
0
0
0
0
0
0
0
0
0
0
0
0
0
0
0
