int
0
0
0
0
0
0
0
2118
0
2224
0
0
0
2077
3959
2114
0
0
0
2048
0
0
0
2110
0
0
0
2073
3955
2088
0
2222
0
0
0
0
0
0
0
2084
2106
2069
2143
0
0
0
0
0
2102
2080
0
0
0
0
0
2065
2098
2139
0
2204
0
0
0
0
2094
0
0
0
0
2200
2149
2135
2122
0
0
3866
0
0
3862
2196
0
3858
0
0
2145
2170
2131
0
2166
2056
0
2162
0
2214
3881
2210
0
2186
0
2156
2174
2127
2218
2262
3877
2258
2254
2250
2246
2152
2242
2238
2234
2230
3873
2194
2190
2182
2178
2052
6159
0
0
0
0
0
0
0
2118
0
2224
0
0
0
2077
3959
2114
0
0
0
2048
0
0
0
2110
0
0
0
2073
3955
2088
0
2222
0
0
0
0
0
0
0
2084
2106
2069
2143
0
0
0
0
0
2102
2080
0
0
0
0
0
2065
2098
2139
0
2204
0
0
0
0
2094
0
0
0
0
2200
2149
2135
2122
0
0
3866
0
0
3862
2196
0
3858
0
0
2145
2170
2131
0
2166
2056
0
2162
0
2214
3881
2210
0
2186
0
2156
2174
2127
2218
2262
3877
2258
2254
2250
2246
2152
2242
2238
2234
2230
3873
2194
2190
2182
2178
2052
6159
0
0
0
0
0
0
0
2223
0
0
0
0
0
2064
2141
3958
2107
0
0
0
0
0
0
0
2103
0
0
2060
2137
3954
0
0
2099
0
0
0
0
0
0
0
2095
2056
2133
3882
0
0
0
0
2123
0
0
0
0
0
0
2052
2129
3878
2119
0
0
0
0
0
0
0
2115
0
0
2048
2125
3874
0
0
2111
0
0
0
0
0
0
0
2227
2088
2077
3866
2239
0
0
0
2235
0
0
0
2231
2201
0
2084
2183
3862
0
2179
0
0
2175
0
2197
2171
0
0
2167
2080
0
3858
2163
0
2211
2153
2187
0
2219
0
2215
2263
2259
2148
2255
2074
2157
2251
2247
2243
2195
2191
0
0
0
0
0
2144
2205
6166
0
0
0
0
0
0
0
0
0
0
0
2152
0
2065
3958
2143
0
0
0
0
0
0
0
2156
0
0
0
2061
3954
2139
0
2220
0
0
0
0
0
0
0
2104
0
2057
3882
2135
0
0
0
2100
0
0
0
0
0
0
0
2096
2053
3878
2131
0
0
0
0
2092
0
0
0
0
0
0
2049
2120
3874
2127
0
0
0
0
0
2116
0
0
0
0
2089
0
3866
2112
2079
0
0
0
0
0
0
2108
0
0
2085
2236
3862
2203
0
2232
0
0
0
2228
0
0
2180
0
2081
2176
3858
2199
2172
0
0
2168
0
0
2164
0
0
2160
2149
2208
2074
2184
2207
2216
0
2212
2260
2256
2252
2248
2244
2240
2192
2188
2145
2070
6323
0
0
0
0
0
0
0
0
0
0
0
2243
0
0
0
0
0
0
0
0
0
0
0
2148
2069
3958
2203
0
0
0
0
0
0
0
0
0
0
0
2199
0
0
0
0
0
0
0
0
2144
2065
3954
2195
0
0
0
0
0
0
0
2223
0
0
0
0
0
0
0
2095
0
0
0
0
2140
2061
3882
2123
0
0
0
0
0
0
0
2119
0
0
0
0
0
0
0
2115
0
0
0
0
2136
2057
3878
2111
0
0
0
0
0
0
0
2107
0
0
0
0
0
0
0
2103
0
0
0
0
2132
2053
3874
2099
0
0
3867
0
0
3863
0
0
2224
3859
0
0
2171
0
0
2167
0
0
2163
0
2188
2049
2130
2211
0
2175
0
2219
0
2215
2263
2259
2184
2255
2239
2235
2231
2183
2179
0
0
0
0
0
2156
2089
2126
0
0
0
0
0
0
0
0
0
2152
0
0
0
0
0
0
0
0
0
0
0
2204
2085
2078
0
0
0
0
0
0
0
0
0
2248
0
0
0
0
0
0
0
0
0
0
0
2244
2081
6170
0
0
0
0
0
0
0
0
0
0
0
2243
0
0
0
0
0
0
0
0
0
0
0
2148
2069
3958
2203
0
0
0
0
0
0
0
0
0
0
0
2199
0
0
0
0
0
0
0
0
2144
2065
3954
2195
0
0
0
0
0
0
0
2223
0
0
0
0
0
0
0
2095
0
0
0
0
2140
2061
3882
2123
0
0
0
0
0
0
0
2119
0
0
0
0
0
0
0
2115
0
0
0
0
2136
2057
3878
2111
0
0
0
0
0
0
0
2107
0
0
0
0
0
0
0
2103
0
0
0
0
2132
2053
3874
2099
0
0
3867
0
0
3863
0
0
2224
3859
0
0
2171
0
0
2167
0
0
2163
0
2188
2049
2130
2211
0
2175
0
2219
0
2215
2263
2259
2184
2255
2239
2235
2231
2183
2179
0
0
0
0
0
2156
2089
2126
0
0
0
0
0
0
0
0
0
2152
0
0
0
0
0
0
0
0
0
0
0
2204
2085
2078
0
0
0
0
0
0
0
0
0
2248
0
0
0
0
0
0
0
0
0
0
0
2244
2081
6170
0
0
0
0
0
0
0
0
0
0
0
0
2195
0
0
0
0
0
0
0
0
0
0
0
0
2251
0
2148
2069
3958
0
0
0
0
0
0
0
0
2247
0
0
0
0
0
0
0
0
0
0
0
0
2243
0
0
0
2144
2065
3954
0
0
0
0
0
0
2155
0
0
0
0
0
0
0
0
0
0
0
0
2187
0
0
0
0
0
2140
2061
3882
0
0
0
0
2207
0
0
0
0
0
0
0
0
0
0
2191
0
0
0
0
0
0
0
0
0
2136
2057
3878
2203
0
0
0
0
0
0
0
0
0
2227
0
0
0
0
0
0
0
2119
0
0
0
0
0
0
2132
2053
3874
2115
0
0
0
0
0
0
0
2111
0
0
0
0
0
0
0
2107
0
0
0
0
0
0
0
2103
2128
2049
3866
0
0
0
0
2099
0
0
0
0
0
0
0
2223
0
0
0
0
0
0
0
2095
0
0
0
0
2124
2089
3862
2123
0
0
0
2239
0
0
0
2235
0
0
0
2231
0
0
2183
0
0
2179
0
0
2175
0
0
2171
2076
2085
3858
2167
0
0
2163
0
2219
0
2215
0
2211
2156
2263
2259
2255
0
0
0
0
0
0
0
0
0
2196
0
0
2081
6170
0
0
0
0
0
0
0
0
0
0
0
0
0
0
2152
0
0
0
0
0
0
0
0
0
0
0
0
2149
2070
2204
3959
0
0
0
0
0
0
0
0
0
0
0
0
0
2244
0
0
0
0
0
0
0
0
0
0
2145
2066
0
3955
2240
0
0
0
0
0
0
0
0
0
0
0
0
0
0
2200
0
0
0
0
0
0
0
0
2141
2062
0
3883
0
0
2196
0
0
0
0
0
0
0
0
0
0
0
0
0
0
2192
0
0
0
0
0
0
2137
2058
0
3879
0
0
0
0
2224
0
0
0
0
0
0
0
0
0
0
0
0
0
0
2188
0
0
0
0
2133
2054
0
3875
0
0
0
0
0
2248
0
0
0
0
0
0
0
2116
0
0
0
0
0
0
0
2112
0
0
2129
2050
0
3867
0
2108
0
0
0
0
0
0
0
2104
0
0
0
0
0
0
0
2100
0
0
0
0
0
0
2125
2096
2090
3863
0
0
0
0
0
2220
0
0
0
0
0
0
0
2092
0
0
0
0
0
0
0
2120
0
0
2077
2236
2086
3859
0
2232
0
0
0
2228
0
0
2180
0
0
2176
2185
0
2172
0
0
2168
0
0
2164
0
0
2160
0
2216
2082
2212
2157
2208
2260
2256
2252
6171
0
0
0
0
0
0
0
0
0
0
0
0
2218
2124
0
0
0
2113
2087
0
0
0
0
0
0
2262
0
2076
0
0
0
0
0
0
0
2109
2083
0
2258
0
0
2072
0
0
0
0
0
0
0
0
0
2254
0
3881
2055
2068
0
0
0
0
0
0
0
0
2214
0
0
0
0
2064
0
3877
2051
0
0
0
0
2210
0
0
0
0
0
2060
0
0
0
0
0
3873
2206
2059
0
0
0
0
0
2148
0
0
0
0
0
2202
0
0
0
2105
0
2123
0
2144
0
0
0
0
2198
0
0
0
0
0
0
0
0
2140
2101
2119
0
2154
0
0
0
0
0
0
0
2222
0
2136
3866
3959
0
3862
2097
0
3858
0
0
2170
0
0
2166
2132
0
2162
3955
2186
0
2174
2250
2246
2093
2242
2238
2234
2224
2230
2194
2190
2182
2178
2131
0
0
0
0
0
0
2156
6185
0
0
0
0
0
0
0
0
0
0
0
0
2218
2124
0
0
0
2113
2087
0
0
0
0
0
0
2262
0
2076
0
0
0
0
0
0
0
2109
2083
0
2258
0
0
2072
0
0
0
0
0
0
0
0
0
2254
0
3881
2055
2068
0
0
0
0
0
0
0
0
2214
0
0
0
0
2064
0
3877
2051
0
0
0
0
2210
0
0
0
0
0
2060
0
0
0
0
0
3873
2206
2059
0
0
0
0
0
2148
0
0
0
0
0
2202
0
0
0
2105
0
2123
0
2144
0
0
0
0
2198
0
0
0
0
0
0
0
0
2140
2101
2119
0
2154
0
0
0
0
0
0
0
2222
0
2136
3866
3959
0
3862
2097
0
3858
0
0
2170
0
0
2166
2132
0
2162
3955
2186
0
2174
2250
2246
2093
2242
2238
2234
2224
2230
2194
2190
2182
2178
2131
0
0
0
0
0
0
2156
6185
0
0
0
0
0
0
0
0
0
0
0
0
0
2210
3959
0
0
0
0
0
0
2084
2101
0
0
0
0
2206
3955
0
0
0
0
0
0
0
0
0
0
0
0
2142
2263
2080
2097
0
0
0
0
0
0
0
0
0
0
2198
2259
0
0
0
0
0
0
0
0
2052
3881
0
0
2138
2255
0
0
0
0
0
0
0
0
0
0
0
0
2134
2079
0
0
2048
3877
0
0
0
0
0
0
0
0
2130
2075
0
0
0
0
0
0
0
0
0
0
2056
3873
2126
2071
0
0
0
0
0
0
0
0
0
0
2226
0
0
2067
0
0
0
0
2120
3865
0
0
2202
0
0
0
0
2063
0
0
0
0
0
0
2214
0
0
0
0
0
2116
3861
2222
2159
0
0
2238
0
0
0
2234
0
0
0
2230
0
0
2182
2155
0
2178
0
2112
3857
2174
0
0
2170
0
0
2166
0
2151
2162
0
2186
2250
2246
2242
2194
2190
0
0
0
2108
2093
2219
0
0
0
0
0
0
0
0
0
0
0
0
0
2147
0
0
0
0
0
2104
6185
0
0
0
0
0
0
0
0
0
0
0
0
0
2071
0
2200
0
0
0
0
0
2085
2102
0
0
0
0
2067
0
0
0
2196
0
0
0
0
0
0
0
0
0
2063
0
2081
2098
0
0
2260
0
0
0
0
0
0
0
2151
0
0
0
0
0
0
0
2256
0
2053
3882
0
0
2147
0
0
0
0
0
0
0
0
0
2252
0
0
0
2143
0
0
0
2049
3878
0
0
0
0
0
0
2152
0
2211
0
0
0
0
0
0
0
0
0
0
0
2057
3874
2216
2139
0
0
0
0
0
0
0
0
0
0
0
0
0
2135
2212
0
0
0
2121
3866
0
0
0
0
0
0
0
2131
0
0
2156
0
0
0
0
0
0
0
0
0
2117
3862
2127
0
0
0
2204
0
0
0
0
0
0
0
0
0
2079
0
0
0
0
2224
2113
3858
2223
0
0
0
2239
0
0
0
2235
0
0
3956
2231
0
0
2183
0
0
2179
0
2109
2094
2175
0
0
3952
2171
0
0
2167
0
0
2163
0
2187
2251
2247
2243
2195
2072
2191
0
2105
6186
0
0
0
0
0
0
0
0
0
0
0
0
0
0
0
0
0
0
0
0
0
0
0
0
0
0
0
0
0
0
0
2068
2109
2150
3959
0
0
0
0
0
0
0
0
0
0
0
2200
0
0
0
0
0
0
0
0
0
0
0
0
0
0
2196
0
0
2105
2146
3955
0
0
0
0
0
0
0
0
0
2192
0
0
0
0
0
0
0
0
0
0
0
0
0
0
2260
0
0
0
0
2101
2142
3883
0
0
0
0
0
0
0
2256
0
0
0
0
0
0
0
0
0
0
0
0
0
0
2252
0
0
0
0
0
0
2097
2138
3879
0
0
0
0
0
2248
0
0
0
0
0
0
0
0
0
0
0
0
0
0
2244
0
0
0
0
0
0
0
0
2093
2134
3875
0
0
0
2240
0
0
0
0
0
0
0
0
0
0
0
0
0
0
2188
0
0
0
0
0
0
0
0
0
0
2089
2130
2067
0
2184
0
0
0
0
0
0
0
0
0
0
0
0
0
0
2156
0
0
0
0
0
0
0
0
0
0
0
0
2085
2126
2224
2063
0
0
0
0
0
0
0
0
0
0
0
0
0
2152
0
0
0
0
0
0
0
0
0
0
0
0
0
0
2216
2081
2122
2059
0
0
0
0
0
0
0
0
0
0
0
2212
0
0
0
0
0
0
0
0
0
0
0
0
0
0
2208
0
0
2077
2118
2055
0
0
0
0
0
0
0
0
0
2204
0
0
0
0
0
0
0
2220
0
0
3864
0
0
3860
0
0
3856
0
0
2168
2073
2114
2164
2051
0
2160
0
2172
2236
2232
2228
2180
6272
0
0
0
0
0
0
0
0
0
0
0
0
0
0
0
0
0
0
0
0
0
0
0
0
0
0
0
0
0
0
0
2068
2109
2150
3959
0
0
0
0
0
0
0
0
0
0
0
2204
0
0
0
0
0
0
0
0
0
0
0
0
0
0
2200
0
0
2105
2146
3955
0
0
0
0
0
0
0
0
0
2188
0
0
0
0
0
0
0
0
0
0
0
0
0
0
2216
0
0
0
0
2101
2142
3883
0
0
0
0
0
0
0
2256
0
0
0
0
0
0
0
0
0
0
0
0
0
0
2252
0
0
0
0
0
0
2097
2138
3879
0
0
0
0
0
2248
0
0
0
0
0
0
0
0
0
0
0
0
0
0
2244
0
0
0
0
0
0
0
0
2093
2134
3875
0
0
0
2240
0
0
0
0
0
0
0
0
0
0
0
0
0
0
2192
0
0
0
0
0
0
0
0
0
0
2089
2130
2067
0
2208
0
0
0
0
0
0
0
0
0
0
0
0
0
2152
0
0
0
0
0
0
0
0
0
0
0
0
0
2224
2085
2126
2063
0
0
0
0
0
0
0
0
0
2196
0
0
0
0
0
0
0
0
0
0
0
0
2184
0
0
0
0
0
0
2081
2122
2059
0
0
0
2156
0
0
0
0
0
0
0
0
0
0
0
2260
0
0
0
0
0
0
0
0
0
0
2212
0
0
2077
2118
2055
0
0
2220
0
0
3864
0
0
3860
0
0
3856
0
0
2168
0
0
2164
0
0
2160
0
2172
2236
2232
2228
2180
2176
0
2073
2114
6147
0
0
0
0
0
0
0
0
0
0
0
0
0
0
0
0
0
0
0
0
0
0
0
0
0
0
0
0
0
0
0
0
0
0
0
2100
2145
3958
2059
0
0
0
0
0
0
0
0
0
0
0
0
0
0
0
2263
0
0
0
0
0
0
0
0
0
0
0
0
0
0
0
2259
2096
2141
3954
0
0
0
0
0
0
0
0
0
0
0
0
2255
0
0
0
0
0
0
0
0
0
0
0
0
0
0
0
2251
0
0
0
0
2092
2137
3882
0
0
0
0
0
0
0
0
2247
0
0
0
0
0
0
0
0
0
0
0
0
0
0
0
2243
0
0
0
0
0
0
0
0
2088
2133
3878
0
0
0
0
2159
0
0
0
0
0
0
0
0
0
0
0
0
0
0
0
2199
0
0
0
0
0
0
0
0
0
0
0
0
2084
2129
3874
2195
0
0
0
0
0
0
0
0
0
0
0
0
0
0
0
2227
0
0
0
0
0
0
0
0
0
0
0
0
0
0
0
2191
2080
2125
3866
0
0
0
0
0
0
0
0
0
0
0
0
2187
0
0
0
0
0
0
0
0
0
0
0
0
0
0
0
2215
0
0
0
0
2076
2121
3862
0
0
0
0
0
0
0
0
2211
0
0
0
0
0
0
0
0
0
0
0
0
0
0
0
2207
0
0
0
0
0
0
0
0
2072
2117
3858
0
0
2219
0
0
0
0
0
0
0
0
0
0
0
0
2203
0
0
0
0
0
0
0
0
0
0
0
0
2155
0
0
0
0
2068
2113
2054
2223
0
0
0
2239
0
0
0
2235
0
0
0
2231
0
0
2183
0
0
2179
0
0
2175
0
0
2171
0
0
2167
0
0
2163
0
0
2064
2109
2050
0
0
0
0
0
0
0
0
0
0
0
0
0
0
0
0
0
0
0
0
0
0
0
0
0
0
0
0
0
0
0
0
0
2060
2105
6246
0
0
0
0
0
0
0
0
0
0
0
0
0
0
0
0
0
0
0
0
0
0
0
0
0
0
0
0
0
0
0
0
0
0
0
2100
2145
3958
2059
0
0
0
0
0
0
0
0
0
0
0
0
0
0
0
2263
0
0
0
0
0
0
0
0
0
0
0
0
0
0
0
2215
2096
2141
3954
0
0
0
0
0
0
0
0
0
0
0
0
2255
0
0
0
0
0
0
0
0
0
0
0
0
0
0
0
2251
0
0
0
0
2092
2137
3882
0
0
0
0
0
0
0
0
2247
0
0
0
0
0
0
0
0
0
0
0
0
0
0
0
2243
0
0
0
0
0
0
0
0
2088
2133
3878
0
0
0
0
2211
0
0
0
0
0
0
0
0
0
0
0
0
0
0
0
2207
0
0
0
0
0
0
0
0
0
0
0
0
2084
2129
3874
2203
0
0
0
0
0
0
0
0
0
0
0
0
0
0
0
2191
0
0
0
0
0
0
0
0
0
0
0
0
0
0
0
2195
2080
2125
3866
0
0
0
0
0
0
0
0
0
0
0
0
2219
0
0
0
0
0
0
0
0
0
0
0
0
0
0
2227
0
0
0
0
0
2076
2121
3862
0
0
0
0
0
0
2155
0
0
0
0
0
0
0
0
0
0
0
0
0
2187
0
0
0
0
0
0
0
0
0
0
0
0
2072
2117
3858
2199
0
0
0
0
0
0
0
0
0
0
0
0
2259
0
0
0
0
0
0
0
0
0
0
0
0
2159
0
0
0
0
0
0
2068
2113
2054
2223
0
0
0
2239
0
0
0
2235
0
0
0
2231
0
0
2183
0
0
2179
0
0
2175
0
0
2171
0
0
2167
0
0
2163
0
0
2064
2109
2050
0
0
0
0
0
0
0
0
0
0
0
0
0
0
0
0
0
0
0
0
0
0
0
0
0
0
0
0
0
0
0
0
0
2060
2105
6246
0
0
0
0
0
0
0
0
0
0
0
0
0
0
0
0
0
0
0
0
0
0
0
0
0
0
0
0
0
0
0
0
0
0
0
0
0
0
0
0
0
0
0
0
0
0
0
0
0
0
0
0
0
0
0
0
0
0
0
0
0
0
0
0
0
0
0
0
0
0
0
0
0
0
0
0
0
0
0
0
0
0
0
0
0
0
0
0
0
0
0
0
0
0
0
0
0
0
0
0
0
0
0
0
0
0
0
0
0
0
0
0
0
0
0
0
0
0
0
0
0
0
0
0
0
0
0
0
0
0
0
0
0
0
0
0
0
0
0
0
0
0
0
0
0
0
0
0
0
0
0
0
0
0
0
0
0
0
0
0
0
0
0
0
0
0
0
0
0
0
0
0
0
0
0
0
0
0
0
0
0
0
0
0
0
0
0
0
0
0
0
0
0
0
0
0
0
0
0
0
0
0
0
0
0
0
0
0
0
0
0
0
0
0
0
0
0
0
0
0
0
0
0
0
0
0
0
0
0
0
0
0
0
0
0
0
0
0
0
0
0
0
0
0
0
0
0
0
0
0
0
0
0
0
0
0
0
0
0
0
0
0
0
0
0
0
0
0
0
0
0
0
0
0
0
0
0
0
0
0
0
0
0
0
0
0
0
0
0
0
0
0
0
0
0
0
0
0
0
0
0
0
0
0
0
0
0
0
0
0
0
0
0
0
0
0
0
0
0
0
0
0
0
0
0
0
0
0
0
0
0
0
0
0
0
0
0
0
0
0
0
0
0
0
0
0
0
0
0
0
0
0
0
0
0
0
0
