int
0
0
0
2175
0
0
2207
0
0
2147
0
0
2084
2049
3930
2143
0
0
2123
0
0
2119
0
0
2151
2080
2101
3926
2071
0
2067
0
2063
0
2131
0
2127
0
2076
2097
3922
2191
0
2171
2109
2167
0
2163
0
2113
2107
2072
3915
2094
2185
3911
3907
3851
3847
2181
3843
2231
2227
2223
2052
2177
2090
2219
2215
2211
2203
2199
2195
2159
2155
2139
2135
6155
0
0
0
2171
0
0
0
2175
0
0
2207
0
2084
2049
3930
2143
0
0
2123
0
0
2119
0
0
2151
2080
2101
3926
2147
0
2063
0
2059
0
2131
0
2127
0
2076
2097
3922
2107
0
2191
2109
2167
0
2071
0
2113
2067
2072
2155
2094
2185
3915
3911
3907
3851
2181
3847
3843
2231
2227
2052
2177
2090
2223
2219
2215
2211
2203
2199
2195
2163
2159
2139
6231
0
0
2123
0
0
2199
0
0
2119
0
0
2151
0
0
2096
2073
3930
2147
0
2127
0
2155
0
2071
0
2207
0
2203
0
2092
2053
3926
2067
0
2191
0
2167
0
2131
3915
3911
3907
3851
3847
2088
2049
3922
3843
2231
2227
2223
2219
2169
2215
2211
2195
2163
2105
2159
2084
2139
2062
2109
2135
0
0
0
2185
0
0
0
0
2181
0
2080
0
2058
2177
0
0
0
2113
0
0
0
2173
0
0
2141
2076
0
6198
0
0
0
0
2187
0
0
0
0
2183
0
0
0
0
2072
2097
3930
2179
0
0
0
2207
0
0
0
2175
0
0
2143
2052
2093
3926
2123
0
0
2119
0
0
2151
0
0
2147
0
2167
2048
2089
3922
2131
0
2127
0
2155
2200
2071
0
2067
0
2191
3915
2108
2085
2062
3911
3907
3851
3847
2168
3843
2231
2227
2223
2219
2215
2104
2211
2081
2058
2195
2163
2159
2196
2139
2135
0
0
0
0
2112
0
0
2077
6198
0
0
0
0
0
2131
0
0
0
0
0
2219
0
0
0
0
2096
3929
2074
2183
0
0
0
0
2179
0
0
0
0
2115
0
0
0
2092
3925
2070
2111
0
0
0
0
2187
0
0
2143
0
0
2207
0
0
2088
3921
2066
2151
0
0
2147
0
2214
2191
0
2171
0
2167
2210
2163
0
2084
2053
2107
2126
2063
3915
3911
3907
3851
2174
3847
3843
2231
2227
2223
2122
2203
2080
2049
2199
2195
2118
2159
2155
2059
0
0
2138
0
0
0
0
0
2134
2076
6197
0
0
0
0
0
2131
0
0
0
0
0
2219
0
0
0
0
2096
3929
2074
2183
0
0
0
0
2179
0
0
0
0
2115
0
0
0
2092
3925
2070
2111
0
0
0
0
2187
0
0
0
2171
0
0
2151
0
2088
3921
2066
2207
0
0
2147
0
2214
2143
0
2191
0
2167
2210
2063
0
2084
2053
2059
2126
2155
0
2107
3915
3911
2174
3907
3851
3847
3843
2231
2122
2227
2080
2049
2223
2203
2118
2199
2195
2163
2159
0
2138
0
0
0
0
0
2134
2076
6197
0
0
0
0
0
2121
0
0
0
0
0
2173
0
0
0
0
0
2117
2048
2074
3931
0
0
2137
0
0
0
0
0
2133
0
0
0
0
0
2129
0
2100
2070
3927
0
2125
0
0
0
0
0
2217
0
0
0
0
2181
0
0
0
2096
2177
2066
3923
0
0
2109
0
0
0
0
2105
0
0
0
0
2185
0
0
2092
2113
2062
2087
2149
0
0
2145
0
0
2141
0
0
2197
0
2201
0
2153
0
2088
2189
2058
2165
2083
2205
3913
2168
3909
3905
3849
3845
3841
2212
2229
2225
2221
2193
2161
2208
2157
2054
0
6175
0
0
0
0
0
0
2104
0
0
0
0
0
0
2196
0
0
0
0
2049
2074
2112
3931
0
0
0
0
2212
0
0
0
0
0
2208
0
0
0
0
2101
2116
2070
3927
0
0
0
2136
0
0
0
0
0
2132
0
0
0
0
0
2128
2097
2066
3923
0
0
2124
0
0
0
0
0
2120
0
0
0
0
0
2172
0
2093
2062
2087
0
2216
0
0
0
0
2184
0
0
0
0
2180
0
0
0
0
2176
2089
2058
2083
2204
0
0
2148
0
2201
2144
0
0
2140
0
2152
2109
2188
0
2164
3912
3908
3904
3848
3844
3840
2228
2224
2220
2192
2160
2156
2169
2054
6175
0
0
2158
0
0
2180
2154
0
0
2085
2150
2176
2051
2146
0
0
2142
2184
0
2081
2122
0
2168
2118
2103
0
3928
2162
0
2077
3924
2126
0
2114
3920
2110
2099
2106
2220
2073
2190
0
2172
2166
0
2070
2228
2066
2095
2053
2224
2130
3914
3910
3906
3850
3846
3842
2218
2214
2210
2206
2202
2198
2194
2138
2134
2062
2058
6187
0
0
0
2230
0
0
0
3924
2226
2073
2179
2158
0
0
2154
3920
0
2150
0
2053
2146
2095
0
2060
2142
0
0
2122
0
2049
2118
2056
2091
2162
0
2126
0
2114
0
2220
2101
2110
2087
2106
0
2184
2190
0
2166
0
2097
2180
2070
2083
2066
2172
2130
3914
3929
2168
3910
3906
3850
3846
3842
2218
2214
2210
2206
2202
2198
2194
2138
2134
6175
0
0
0
2175
0
0
0
2199
0
0
0
2111
0
0
0
2115
0
2096
3929
2074
2155
0
0
2151
0
0
2147
0
0
2143
0
0
2123
0
0
2092
3925
2054
2119
0
0
2163
0
0
2159
0
2131
0
2207
0
2203
0
2127
2088
3921
2050
2191
0
2167
0
2071
0
2067
3915
3911
2178
3907
3851
3847
3843
2219
2084
2061
2222
2215
2211
2195
2139
2135
0
2170
0
0
0
0
0
2106
0
0
2080
2057
0
2186
0
0
0
0
0
2182
0
0
0
2230
0
0
0
2226
2076
6197
0
0
0
0
0
0
2207
0
0
0
0
0
2187
0
0
0
0
2072
2097
3930
2183
0
0
0
2175
0
0
0
2203
0
0
0
2231
0
0
2052
2093
3926
2227
0
0
2147
0
0
2143
0
0
2123
0
0
2119
0
0
2048
2089
3922
2163
0
0
2159
0
0
2155
2176
0
2151
0
2071
0
2067
0
2220
2085
2062
2131
0
2127
0
2112
2191
0
2167
3915
3911
3907
2196
3851
3847
3843
2219
2081
2058
2108
2215
2211
2195
2139
2135
0
2168
0
0
0
0
0
0
2104
0
2077
6198
0
0
0
3931
0
2213
0
3927
0
0
0
2209
3923
2096
2074
0
2231
2117
0
0
2227
0
0
2137
2223
0
0
2092
2070
2133
2163
0
0
2159
0
2129
2155
0
0
2151
0
2088
2125
2066
2147
0
0
2143
2185
2191
0
2167
0
2115
2181
2084
2111
2054
2107
3915
2177
3911
3907
3851
3847
3843
2173
2207
2203
2080
2199
2050
2121
2195
2063
2059
0
0
2217
0
0
0
0
2076
2169
6198
0
0
0
0
0
2181
0
0
0
2176
0
2173
0
2098
2075
0
0
3928
2121
0
0
0
0
0
2217
3924
0
2094
2071
0
2213
0
0
3920
0
0
2209
0
0
0
0
2060
2117
2090
2067
0
2229
0
0
2056
2225
0
0
0
2169
0
0
2220
2161
2086
2055
2157
0
2136
2153
0
0
2149
0
2132
2145
0
0
2141
2082
2128
2189
2051
2165
0
2113
2124
2109
0
2105
3913
3909
2184
3905
3849
3845
3841
2205
2201
2197
2193
2078
6199
0
0
0
0
0
2121
0
0
0
0
0
2117
0
0
0
0
0
2105
0
0
0
2048
2074
2185
3931
0
0
0
0
2181
0
0
0
0
0
2173
0
0
0
0
0
2137
0
2100
2070
0
3927
2133
0
0
0
0
0
2217
0
0
0
0
0
2213
0
0
0
0
0
2096
2209
2066
3923
0
0
0
2129
0
0
0
0
0
2125
0
0
0
2197
0
0
0
2229
2092
0
2062
2225
2087
0
0
2109
0
0
0
2113
0
0
2157
0
0
2153
0
0
2149
0
2088
2145
2058
0
2141
2083
0
2161
0
2165
2176
2189
0
2205
0
2201
3913
3909
2220
3905
3849
3845
3841
2193
2054
2168
0
6175
0
0
0
0
0
0
2196
0
0
0
0
0
0
2108
0
0
0
0
0
0
2168
2049
2074
3931
0
0
0
2104
0
0
0
0
0
0
2112
0
0
0
0
0
2124
0
0
2101
2070
3927
2120
0
0
0
0
0
2184
0
0
0
0
0
2180
0
0
0
0
0
2172
2097
2066
3923
0
0
2116
0
0
0
0
0
2136
0
0
0
0
0
2132
0
0
0
0
2093
2216
2062
2087
0
0
0
2212
0
0
0
0
0
2208
0
0
0
0
0
2128
0
0
2089
2228
2058
2083
0
2224
0
0
0
2204
2177
0
2148
0
0
2144
0
0
2140
2221
0
2160
0
0
2156
2054
2201
2152
2079
2164
0
2188
3912
3908
3904
3848
3844
3840
6288
0
0
0
0
0
0
0
0
0
0
0
0
0
0
0
0
0
0
0
0
0
0
0
0
0
0
0
0
0
0
0
0
0
0
0
0
0
0
0
0
0
0
0
0
0
0
0
0
0
0
0
0
0
0
0
0
0
0
0
0
0
0
0
0
0
0
0
0
0
0
0
0
0
0
0
0
0
0
0
0
0
0
0
0
0
0
0
0
0
0
0
0
0
0
0
0
0
0
0
0
0
0
0
0
0
0
0
0
0
0
0
0
0
0
0
0
0
0
0
0
0
0
0
0
0
0
0
0
0
0
0
0
0
0
0
0
0
0
0
0
0
0
0
0
0
0
0
0
0
0
0
0
0
0
0
0
0
0
0
0
0
0
0
0
0
0
0
0
0
0
0
0
0
0
0
0
0
0
0
0
0
0
0
0
0
0
0
0
0
0
0
0
0
0
0
0
0
0
0
0
0
0
0
0
0
0
0
0
0
0
0
0
0
0
0
0
0
0
0
0
0
0
0
0
0
0
0
0
0
0
0
0
0
0
0
0
0
0
0
0
0
0
0
0
0
0
0
0
0
0
0
0
0
0
0
0
0
0
0
0
0
0
0
0
0
0
0
0
0
0
0
0
0
0
0
0
0
0
0
0
0
0
0
0
0
0
0
0
0
0
0
0
0
0
0
0
0
0
0
0
0
0
0
0
0
0
0
0
0
0
0
0
0
0
0
0
0
0
0
0
0
0
0
0
0
0
0
0
0
0
0
0
0
0
0
0
0
0
0
0
0
0
0
0
0
0
0
0
0
0
0
0
0
0
0
0
0
0
0
0
0
0
0
0
0
0
0
0
0
0
0
0
0
0
0
0
0
0
0
0
0
0
0
0
0
0
0
0
0
0
0
0
0
0
0
0
0
0
0
0
0
0
0
0
0
0
0
0
0
0
0
0
0
0
0
0
0
0
0
0
0
0
0
0
0
0
0
0
0
0
0
0
0
0
0
0
0
0
0
0
0
0
0
0
0
0
0
0
0
0
0
0
0
0
0
0
0
0
0
0
0
0
0
0
0
0
0
0
0
0
0
0
0
0
0
0
0
0
0
0
0
0
0
0
0
0
0
0
0
0
0
0
0
0
0
0
0
0
0
0
0
0
0
0
0
0
0
0
0
0
0
0
0
0
0
0
0
0
0
0
0
0
0
0
0
0
0
0
0
0
0
0
0
0
0
0
0
0
0
0
0
0
0
0
0
0
0
0
0
0
0
0
0
0
0
0
0
0
0
0
0
0
0
0
0
0
0
0
0
0
0
0
0
0
0
0
0
0
0
0
0
0
0
0
0
0
0
0
0
0
0
0
0
0
0
0
0
0
0
0
0
0
0
0
0
0
0
0
0
0
0
0
0
0
0
0
0
0
0
0
0
0
0
0
0
0
0
0
0
0
0
0
0
0
0
0
0
0
0
0
0
0
0
0
0
0
0
0
0
0
0
0
0
0
0
0
0
0
0
0
0
0
0
0
0
0
0
0
0
0
0
0
0
0
0
0
0
0
0
0
0
0
0
0
0
0
0
0
0
0
0
0
0
0
0
0
0
0
0
0
0
0
0
0
0
0
0
0
0
0
0
0
0
0
0
0
0
0
0
0
0
0
0
0
0
0
0
0
0
0
0
0
0
0
0
0
0
0
0
0
0
0
0
0
0
0
0
0
0
0
0
0
0
0
0
0
0
0
0
0
0
0
0
0
0
0
0
0
0
0
0
0
0
0
0
0
0
0
0
0
0
0
0
0
0
0
0
0
0
0
0
0
0
0
0
0
0
0
0
0
0
0
0
0
0
0
0
0
0
0
0
0
0
0
0
0
0
0
0
0
0
0
0
0
0
0
0
0
0
0
0
0
0
0
0
0
0
0
0
0
0
0
0
0
0
0
0
0
0
0
0
0
0
0
0
0
0
0
0
0
0
0
0
0
0
0
0
0
0
0
0
0
0
0
0
0
0
0
0
0
0
0
0
0
0
0
0
0
0
0
0
0
0
0
0
0
0
0
0
0
0
0
0
0
0
0
0
0
0
0
0
0
0
0
0
0
0
0
0
0
0
0
0
0
0
0
0
0
0
0
0
0
0
0
0
0
0
0
0
0
0
0
0
0
0
0
0
0
0
0
0
0
0
0
0
0
0
0
0
0
0
0
0
0
0
0
0
0
0
0
0
0
0
0
0
0
0
0
0
0
0
0
0
0
0
0
0
0
0
0
0
0
0
0
0
0
0
0
0
0
0
0
0
0
0
0
0
0
0
0
0
0
0
0
0
0
0
0
0
0
0
0
0
0
0
0
0
0
0
0
0
0
0
0
0
0
0
0
0
0
0
0
0
0
0
0
0
0
0
0
0
0
0
0
0
0
0
0
0
0
0
0
0
0
0
0
0
0
0
0
0
0
0
0
0
0
0
0
0
0
0
0
0
0
0
0
0
0
0
0
0
0
0
0
0
0
0
0
0
0
0
0
0
0
0
0
0
0
0
0
0
0
0
0
0
0
0
0
0
0
0
0
0
0
0
0
0
0
0
0
0
0
0
0
0
0
0
0
0
0
0
0
0
0
0
0
0
0
0
0
0
0
0
0
0
0
0
0
0
0
0
0
0
0
0
0
0
0
0
0
0
0
0
0
0
0
0
0
0
0
0
0
0
0
0
0
0
0
0
0
0
0
0
0
0
0
0
0
0
0
0
0
0
0
0
0
0
0
0
0
0
0
0
0
0
0
0
0
0
0
0
0
0
0
0
0
0
0
0
0
0
0
0
0
0
0
0
0
0
0
0
0
0
0
0
0
0
0
0
0
0
0
0
0
0
0
0
0
0
0
0
0
0
0
0
0
0
0
0
0
0
0
0
0
0
0
0
0
0
0
0
0
0
0
0
0
0
0
0
0
0
0
0
0
0
0
0
0
0
0
0
0
0
0
0
0
0
0
0
0
0
0
0
0
0
0
0
0
0
0
0
0
0
0
0
0
0
0
0
0
0
0
0
0
0
0
0
0
0
0
0
0
0
0
0
0
0
0
0
0
0
0
0
0
0
0
0
0
0
0
0
0
0
0
0
0
0
0
0
0
0
0
0
0
0
0
0
0
0
0
0
0
0
0
0
0
0
0
0
0
0
0
0
0
0
0
0
0
0
0
0
0
0
0
0
0
0
0
0
0
0
0
0
0
0
0
0
0
0
0
0
0
0
0
0
0
0
0
0
0
0
0
0
0
0
0
0
0
0
0
0
0
0
0
0
0
0
0
0
0
0
0
0
0
0
0
0
0
0
0
0
0
0
0
0
0
0
0
0
0
0
0
0
0
0
0
0
0
0
0
0
0
0
0
0
0
0
0
0
0
0
0
0
0
0
0
0
0
0
0
0
0
0
0
0
0
0
0
0
0
0
0
0
0
0
0
0
0
0
0
0
0
0
0
0
0
0
0
0
0
0
0
0
0
0
0
0
0
0
0
0
0
0
0
0
0
0
0
0
0
0
0
0
0
0
0
0
0
0
0
0
0
0
0
0
0
0
0
0
0
0
0
0
0
0
0
0
0
0
0
0
0
0
0
0
0
0
0
0
0
0
0
0
0
0
0
0
0
0
0
0
0
0
0
0
0
0
0
0
0
0
0
0
0
0
0
0
0
0
0
0
0
0
0
0
0
0
0
0
0
0
0
0
0
0
0
0
0
0
0
0
0
0
0
0
0
0
0
0
0
0
0
0
0
0
0
0
0
0
0
0
0
0
0
0
0
0
0
0
0
0
0
0
0
0
0
0
0
0
0
0
0
0
0
0
0
0
0
0
0
0
0
0
0
0
0
0
0
0
0
0
0
0
0
0
0
0
0
0
0
0
0
0
0
0
0
0
0
0
0
0
0
0
0
0
0
0
0
0
0
0
0
0
0
0
0
0
0
0
0
0
0
0
0
0
0
0
0
0
0
0
0
0
0
0
0
0
0
0
0
0
0
0
0
0
0
0
0
0
0
0
0
0
0
0
0
0
0
0
0
0
0
0
0
0
0
0
0
0
0
0
0
0
0
0
0
0
0
0
0
0
0
0
0
0
0
0
0
0
0
0
0
0
0
0
0
0
0
0
0
0
0
0
0
0
0
0
0
0
0
0
0
0
0
0
0
0
0
0
0
0
0
0
0
0
0
0
0
0
0
0
0
0
0
0
0
0
0
0
0
0
0
0
0
0
0
0
0
0
0
0
0
0
0
0
0
0
0
0
0
0
0
0
0
0
0
0
0
0
0
0
0
0
0
0
0
0
0
0
0
0
0
0
0
0
0
0
0
0
0
0
0
0
0
0
0
0
0
0
0
0
0
0
0
0
0
0
0
0
0
0
0
0
0
0
0
0
0
0
0
0
0
0
0
0
0
0
0
0
0
0
0
0
0
0
0
0
0
0
0
0
0
0
0
0
0
0
0
0
0
0
0
0
0
0
0
0
0
0
0
0
0
0
0
0
0
0
0
0
0
0
0
0
0
0
0
0
0
0
0
0
0
0
0
0
0
0
0
0
0
0
0
0
0
0
0
0
0
0
0
0
0
0
0
0
0
0
0
0
0
0
0
0
0
0
0
0
0
0
0
0
0
0
0
0
0
0
0
0
0
0
0
0
0
0
0
0
0
0
0
0
0
0
0
0
0
0
0
0
0
0
0
0
0
0
0
0
0
0
0
0
0
0
0
0
0
0
0
0
0
0
0
0
0
0
0
0
0
0
0
0
0
0
0
0
0
0
0
0
0
0
0
0
0
0
0
0
0
0
0
0
0
0
0
0
0
0
0
0
0
0
0
0
0
0
0
0
0
0
0
0
0
0
0
0
0
0
0
0
0
0
0
0
0
0
0
0
0
0
0
0
0
0
0
0
0
0
0
0
0
0
0
0
0
0
0
0
0
0
0
0
0
0
0
0
0
0
0
0
0
0
0
0
0
0
0
0
0
0
0
0
0
0
0
0
0
0
0
0
0
0
0
0
0
0
0
0
0
0
0
0
0
0
0
0
0
0
0
0
0
0
0
0
0
0
0
0
0
0
0
0
0
0
0
0
0
0
0
0
0
0
0
0
0
0
0
0
0
0
0
0
0
0
0
0
0
0
0
0
0
0
0
0
0
0
0
0
0
0
0
0
0
0
0
0
0
0
0
0
0
0
0
0
0
0
0
0
0
0
0
0
0
0
0
0
0
0
0
0
0
0
0
0
0
0
0
0
0
0
0
0
0
0
0
0
0
0
0
0
0
0
0
0
0
0
0
0
0
0
0
0
0
0
0
0
0
0
0
0
0
0
0
0
0
0
0
0
0
0
0
0
0
0
0
0
0
0
0
0
0
0
0
0
0
0
0
0
0
0
0
0
0
0
0
0
0
0
0
0
0
0
0
0
0
0
0
0
0
0
0
0
0
0
0
0
0
0
0
0
0
0
0
0
0
0
0
0
0
0
0
0
0
0
0
0
0
0
0
0
0
0
0
0
0
0
0
0
0
0
0
0
0
0
0
0
0
0
0
0
0
0
0
0
0
0
0
0
0
0
0
0
0
0
0
0
0
0
0
0
