int
0
0
0
0
0
2087
0
0
0
0
0
2083
2108
2133
3946
2151
0
2147
0
2183
0
2179
0
2175
0
2056
2129
3942
2171
0
2075
0
2071
0
2159
0
2155
0
2052
2125
3938
2203
0
2199
2076
2195
3915
3911
3907
2231
2104
2227
2121
2050
2223
2219
2100
2215
2211
2207
2191
2187
2096
2167
2163
2117
2142
2067
2092
2063
0
0
0
0
2088
0
0
0
2113
6234
0
0
0
0
0
0
0
0
0
0
2083
0
2128
2053
3946
0
0
0
0
0
0
2079
0
0
3913
2124
0
3942
0
0
0
0
2107
0
0
3909
0
0
2120
0
3938
0
0
2103
0
2179
3905
2175
0
2171
0
2116
2075
2050
2071
0
2159
2097
2155
0
2203
0
2199
0
2112
2195
2142
2151
2093
2147
0
2183
2231
2227
2223
2219
2215
2108
2211
2089
2138
2207
2191
2187
2167
2163
2067
2063
0
0
2056
2085
0
6230
0
0
0
0
0
2079
2052
2133
0
0
0
2107
3914
2048
2129
0
0
2103
0
2179
2140
2125
2175
0
2171
3910
2075
2136
2121
2071
0
2159
0
2096
2155
2117
2203
0
3906
2092
2199
0
2113
2195
0
2088
3946
2151
0
2109
2147
2084
2183
3942
2231
2227
2057
2080
2223
2219
3938
2215
2211
2207
2191
2187
2167
2163
2067
6159
0
0
0
0
0
0
3945
2059
0
0
2078
0
0
3941
2055
0
0
0
0
0
3912
3937
2106
2143
0
0
0
0
2133
0
2139
0
2179
2102
2175
2129
2171
0
2075
0
2071
3908
2125
2159
2098
2155
0
2203
0
2121
2199
0
2195
0
2151
2094
2117
2147
0
2183
2231
2227
3904
2113
2223
2219
2090
2215
2211
2207
2109
2191
2187
2080
2167
2163
2067
2049
2086
6159
0
0
0
0
0
0
0
2091
0
0
0
2155
2128
3945
2054
2151
0
0
0
2147
0
0
2086
2179
0
2124
3941
2175
0
0
2082
2171
0
0
0
2219
0
0
2120
3937
2078
2215
0
0
0
2211
0
0
2066
2167
0
2116
2049
2163
0
0
2062
2199
0
0
0
2159
0
2071
2112
2141
2106
2183
0
2203
0
2195
0
2075
2102
3915
3911
2108
2137
3907
2231
2227
2098
2223
2207
2191
2187
0
0
0
2056
2133
6190
0
0
0
0
0
0
0
0
0
0
0
0
2092
2129
3946
2059
0
0
0
2179
0
0
0
2175
0
2088
2125
3942
2171
0
0
0
2219
0
0
0
2215
0
2084
2121
3938
2211
0
0
0
2167
0
0
0
2163
0
2080
2117
3914
2199
0
0
0
2159
0
0
0
2155
0
2076
2113
3910
2151
0
0
0
2147
0
2195
0
2075
0
2052
2109
3906
2071
0
2183
0
2203
2231
2227
2223
2207
2191
2048
2105
2142
2187
0
0
0
0
0
0
0
0
0
2064
2101
2138
0
0
0
0
0
0
0
0
0
0
2060
2097
6230
0
0
0
0
0
0
2137
2104
2130
0
2177
0
3915
0
2173
2100
2126
0
2169
0
0
0
2217
2096
2122
3911
2213
0
0
0
2209
2092
2118
0
2165
0
0
0
2161
2088
2114
3907
2197
0
0
0
2157
2084
2110
2083
2153
0
0
0
3944
2149
2054
2079
0
2145
0
3940
2193
2050
2073
2067
2069
0
3936
2181
2058
2201
2229
2225
2221
2132
2205
2189
2185
2142
6159
0
0
0
0
0
0
2048
0
0
0
0
0
2085
2056
2066
0
0
0
0
3945
2140
0
3915
0
0
0
3941
2136
2062
0
0
2176
0
3937
0
2172
0
0
0
2168
2133
2106
0
2216
0
3911
0
2212
2129
0
0
2208
0
0
2102
2164
2125
0
0
2160
0
0
0
2196
2121
0
0
2156
2098
3907
0
2152
2117
0
0
2148
0
0
0
2144
2113
2192
2094
2072
2083
2068
0
2180
2109
2200
2228
2224
2220
2204
2188
2184
2053
2090
6175
0
0
0
0
0
0
0
0
0
2094
0
0
2052
2129
3947
0
0
0
0
2090
0
0
2084
2190
0
0
2125
2186
3943
0
0
2182
2080
0
0
2230
0
0
0
2121
2226
3939
2076
0
2222
0
0
0
2178
0
0
0
2072
2117
2174
2051
0
0
2170
0
0
0
2068
2154
0
0
2113
2150
2143
0
0
2198
2104
0
0
2146
0
2158
0
2109
2202
2139
2100
2194
3914
3910
3906
2218
2214
2210
2206
2166
2096
2057
2162
2066
2062
6231
0
0
0
0
0
0
0
0
0
0
0
0
2049
3938
2104
2083
0
0
0
0
0
0
0
0
0
2057
2134
0
0
2100
2079
0
0
0
0
0
0
0
2141
2130
0
0
0
0
2096
2075
0
0
0
0
0
2137
2126
0
0
2229
0
0
0
2092
2225
3915
0
0
2221
2122
0
0
2177
0
0
0
2173
0
2088
0
2169
3911
2118
0
2153
0
0
0
2149
0
0
0
2197
2084
0
2114
2145
3907
0
0
2189
0
0
0
2185
0
3944
0
2181
2110
2157
0
2201
2071
2193
2217
2213
2209
2205
3940
2165
2161
2065
2061
6150
0
0
0
0
0
0
3936
2141
0
2106
0
0
3915
2132
2137
0
0
0
2229
2102
2128
0
2225
0
0
3911
2221
2124
0
2098
2177
0
0
0
2120
2173
0
0
3907
2169
2094
2116
0
2153
0
0
0
2149
2112
2083
2090
2197
0
0
0
2108
2145
0
0
2079
2189
2086
2052
0
2185
0
0
0
2181
2048
2157
3946
2201
2075
2193
2217
2056
2213
2209
2205
2165
2161
2065
2061
3942
6167
0
0
0
0
0
0
2059
0
0
0
0
0
0
2143
2085
2074
0
0
0
0
2139
3945
0
0
3912
2231
0
0
3941
2227
2070
0
0
2223
0
3937
0
2179
0
0
0
2175
2133
0
0
2106
2171
0
0
3908
2129
2155
0
0
0
2151
0
2125
0
2199
2102
0
0
2147
2121
0
0
2191
0
0
0
2117
2187
0
3904
2098
2183
0
2113
2159
0
2203
0
2195
2219
2109
2215
2211
2207
2080
2094
2167
2053
2163
2067
2063
0
0
0
2049
0
0
0
0
2076
6186
0
0
0
0
0
2173
0
0
0
0
0
2096
2169
2122
3947
0
0
0
2229
0
0
0
0
2092
2225
0
2118
3943
0
0
2221
0
0
0
0
2088
2217
0
0
2114
3939
0
2213
0
0
0
0
2084
2209
0
0
0
2110
2051
2165
0
0
0
0
2080
2161
0
0
0
0
2058
2197
2143
0
0
0
2076
2157
0
0
0
0
0
2189
2054
2139
0
0
2072
2185
0
0
0
0
0
2181
2062
0
2135
0
2068
2145
0
0
0
2149
0
0
2153
2106
2201
2131
2064
2193
3913
3909
3905
2205
2176
0
0
2102
0
0
6223
0
0
0
0
0
0
0
0
0
0
0
0
2141
3938
0
0
2076
2099
0
0
0
0
0
0
0
2137
2134
0
0
0
0
2229
0
2072
2095
0
0
2225
0
2130
0
0
0
2221
0
0
0
0
0
2217
2068
2091
2126
0
0
2213
0
0
0
0
0
2209
0
0
0
2122
0
2064
2165
3915
0
0
0
0
2161
0
0
0
2118
0
2197
0
0
0
2060
0
2157
3911
0
0
0
2114
2189
0
0
0
0
0
2185
0
0
2104
0
0
2181
2110
3907
0
0
0
2177
0
0
0
0
0
2173
0
2100
2058
0
0
2169
2087
0
0
0
2145
0
0
0
3944
2149
2054
0
2153
0
2193
0
2201
2205
2083
0
0
3940
0
6146
0
0
0
0
0
2220
3937
0
0
0
0
2216
3914
2133
2079
0
0
2212
0
0
2129
0
0
2208
0
3910
2075
2125
0
2160
0
0
0
0
2121
2156
0
0
3906
2071
0
2196
2117
0
0
0
0
2152
0
2113
2098
2067
0
2188
0
0
2109
0
0
2184
0
0
2094
2057
2063
2180
0
0
0
0
2053
2176
0
0
2090
0
2107
2172
2049
0
0
0
0
2168
0
2141
2086
0
2103
2164
0
0
2137
0
2144
3947
0
0
2148
2229
2192
2082
2200
2204
3943
6321
0
0
0
0
0
0
2142
0
0
0
0
0
0
2138
0
0
2084
2107
0
2230
0
0
0
0
0
2226
3913
0
0
0
0
2222
0
2080
2103
0
0
2218
0
0
0
3947
0
2214
0
0
0
0
3943
2210
2076
0
0
3909
0
2162
3939
0
0
0
0
2158
0
2135
0
0
0
2072
2198
0
2131
0
0
0
2146
0
0
2127
0
0
3905
2190
0
0
2068
2123
0
2186
0
0
0
0
2119
2182
0
0
0
2097
0
2178
2115
2064
0
0
0
2174
0
2111
0
0
0
2170
0
0
2093
2059
0
2166
2060
0
0
2150
2055
0
2154
0
2194
0
2202
2206
2051
6185
0
0
0
0
0
0
0
0
0
0
0
0
0
0
0
0
0
0
0
0
0
0
0
0
0
0
0
0
0
0
0
0
0
0
0
0
0
0
0
0
0
0
0
0
0
0
0
0
0
0
0
0
0
0
0
0
0
0
0
0
0
0
0
0
0
0
0
0
0
0
0
0
0
0
0
0
0
0
0
0
0
0
0
0
0
0
0
0
0
0
0
0
0
0
0
0
0
0
0
0
0
0
0
0
0
0
0
0
0
0
0
0
0
0
0
0
0
0
0
0
0
0
0
0
0
0
0
0
0
0
0
0
0
0
0
0
0
0
0
0
0
0
0
0
0
0
0
0
0
0
0
0
0
0
0
0
0
0
0
0
0
0
0
0
0
0
0
0
0
0
0
0
0
0
0
0
0
0
0
0
0
0
0
0
0
0
0
0
0
0
0
0
0
0
0
0
0
0
0
0
0
0
0
0
0
0
0
0
0
0
0
0
0
0
0
0
0
0
0
0
0
0
0
0
0
0
0
0
0
0
0
0
0
0
0
0
0
0
0
0
0
0
0
0
0
0
0
0
0
0
0
0
0
0
0
0
0
0
0
0
0
0
0
0
0
0
0
0
0
0
0
0
0
0
0
0
0
0
0
0
0
0
0
0
0
0
0
0
0
0
0
0
0
0
0
0
0
0
0
0
0
0
0
0
0
0
0
0
0
0
0
0
0
0
0
0
0
0
0
0
0
0
0
0
0
0
0
0
0
0
0
0
0
0
0
0
0
0
0
0
0
0
0
0
0
0
0
0
0
0
0
0
0
0
0
0
0
0
0
0
0
0
0
0
0
0
0
0
0
0
0
0
0
0
0
0
0
0
0
0
0
0
0
0
0
0
0
0
0
0
0
0
0
0
0
0
0
0
0
0
0
0
0
0
0
0
0
0
0
0
0
0
0
0
0
0
0
0
0
0
0
0
0
0
0
0
0
0
0
0
0
0
0
0
0
0
0
0
0
0
0
0
0
0
0
0
0
0
0
0
0
0
0
0
0
0
0
0
0
0
0
0
0
0
0
0
0
0
0
0
0
0
0
0
0
0
0
0
0
0
0
0
0
0
0
0
0
0
0
0
0
0
0
0
0
0
0
0
0
0
0
0
0
0
0
0
0
0
0
0
0
0
0
0
0
0
0
0
0
0
0
0
0
0
0
0
0
0
0
0
0
0
0
0
0
0
0
0
0
0
0
0
0
0
0
0
0
0
0
0
0
0
0
0
0
0
0
0
0
0
0
0
0
0
0
0
0
0
0
0
0
0
0
0
0
0
0
0
0
0
0
0
0
0
0
0
0
0
0
0
0
0
0
0
0
0
0
0
0
0
0
0
0
0
0
0
0
0
0
0
0
0
0
0
0
0
0
0
0
0
0
0
0
0
0
0
0
0
0
0
0
0
0
0
0
0
0
0
0
0
0
0
0
0
0
0
0
0
0
0
0
0
0
0
0
0
0
0
0
0
0
0
0
0
0
0
0
0
0
0
0
0
0
0
0
0
0
0
0
0
0
0
0
0
0
0
0
0
0
0
0
0
0
0
0
0
0
0
0
0
0
0
0
0
0
0
0
0
0
0
0
0
0
0
0
0
0
0
0
0
0
0
0
0
0
0
0
0
0
0
0
0
0
0
0
0
0
0
0
0
0
0
0
0
0
0
0
0
0
0
0
0
0
0
0
0
0
0
0
0
0
0
0
0
0
0
0
0
0
0
0
0
0
0
0
0
0
0
0
0
0
0
0
0
0
0
0
0
0
0
0
0
0
0
0
0
0
0
0
0
0
0
0
0
0
0
0
0
0
0
0
0
0
0
0
0
0
0
0
0
0
0
0
0
0
0
0
0
0
0
0
0
0
0
0
0
0
0
0
0
0
0
0
0
0
0
0
0
0
0
0
0
0
0
0
0
0
0
0
0
0
0
0
0
0
0
0
0
0
0
0
0
0
0
0
0
0
0
0
0
0
0
0
0
0
0
0
0
0
0
0
0
0
0
0
0
0
0
0
0
0
0
0
0
0
0
0
0
0
0
0
0
0
0
0
0
0
0
0
0
0
0
0
0
0
0
0
0
0
0
0
0
0
0
0
0
0
0
0
0
0
0
0
0
0
0
0
0
0
0
0
0
0
0
0
0
0
0
0
0
0
0
0
0
0
0
0
0
0
0
0
0
0
0
0
0
0
0
0
0
0
0
0
0
0
0
0
0
0
0
0
0
0
0
0
0
0
0
0
0
0
0
0
0
0
0
0
0
0
0
0
0
0
0
0
0
0
0
0
0
0
0
0
0
0
0
0
0
0
0
0
0
0
0
0
0
0
0
0
0
0
0
0
0
0
0
0
0
0
0
0
0
0
0
0
0
0
0
0
0
0
0
0
0
0
0
0
0
0
0
0
0
0
0
0
0
0
0
0
0
0
0
0
0
0
0
0
0
0
0
0
0
0
0
0
0
0
0
0
0
0
0
0
0
0
0
0
0
0
0
0
0
0
0
0
0
0
0
0
0
0
0
0
0
0
0
0
0
0
0
0
0
0
0
0
0
0
0
0
0
0
0
0
0
0
0
0
0
0
0
0
0
0
0
0
0
0
0
0
0
0
0
0
0
0
0
0
0
0
0
0
0
0
0
0
0
0
0
0
0
0
0
0
0
0
0
0
0
0
0
0
0
0
0
0
0
0
0
0
0
0
0
0
0
0
0
0
0
0
0
0
0
0
0
0
0
0
0
0
0
0
0
0
0
0
0
0
0
0
0
0
0
0
0
0
0
0
0
0
0
0
0
0
0
0
0
0
0
0
0
0
0
0
0
0
0
0
0
0
0
0
0
0
0
0
0
0
0
0
0
0
0
0
0
0
0
0
0
0
0
0
0
0
0
0
0
0
0
0
0
0
0
0
0
0
0
0
0
0
0
0
0
0
0
0
0
0
0
0
0
0
0
0
0
0
0
0
0
0
0
0
0
0
0
0
0
0
0
0
0
0
0
0
0
0
0
0
0
0
0
0
0
0
0
0
0
0
0
0
0
0
0
0
0
0
0
0
0
0
0
0
0
0
0
0
0
0
0
0
0
0
0
0
0
0
0
0
0
0
0
0
0
0
0
0
0
0
0
0
0
0
0
0
0
0
0
0
0
0
0
0
0
0
0
0
0
0
0
0
0
0
0
0
0
0
0
0
0
0
0
0
0
0
0
0
0
0
0
0
0
0
0
0
0
0
0
0
0
0
0
0
0
0
0
0
0
0
0
0
0
0
0
0
0
0
0
0
0
0
0
0
0
0
0
0
0
0
0
0
0
0
0
0
0
0
0
0
0
0
0
0
0
0
0
0
0
0
0
0
0
0
0
0
0
0
0
0
0
0
0
0
0
0
0
0
0
0
0
0
0
0
0
0
0
0
0
0
0
0
0
0
0
0
0
0
0
0
0
0
0
0
0
0
0
0
0
0
0
0
0
0
0
0
0
0
0
0
0
0
0
0
0
0
0
0
0
0
0
0
0
0
0
0
0
0
0
0
0
0
0
0
0
0
0
0
0
0
0
0
0
0
0
0
0
0
0
0
0
0
0
0
0
0
0
0
0
0
0
0
0
0
0
0
0
0
0
0
0
0
0
0
0
0
0
0
0
0
0
0
0
0
0
0
0
0
0
0
0
0
0
0
0
0
0
0
0
0
0
0
0
0
0
0
0
0
0
0
0
0
0
0
0
0
0
0
0
0
0
0
0
0
0
0
0
0
0
0
0
0
0
0
0
0
0
0
0
0
0
0
0
0
0
0
0
0
0
0
0
0
0
0
0
0
0
0
0
0
0
0
0
0
0
0
0
0
0
0
0
0
0
0
0
0
0
0
0
0
0
0
0
0
0
0
0
0
0
0
0
0
0
0
0
0
0
0
0
0
0
0
0
0
0
0
0
0
0
0
0
0
0
0
0
0
0
0
0
0
0
0
0
0
0
0
0
0
0
0
0
0
0
0
0
0
0
0
0
0
0
0
0
0
0
0
0
0
0
0
0
0
0
0
0
0
0
0
0
0
0
0
0
0
0
0
0
0
0
0
0
0
0
0
0
0
0
0
0
0
0
0
0
0
0
0
0
0
0
0
0
0
0
0
0
0
0
0
0
0
0
0
0
0
0
0
0
0
0
0
0
0
0
0
0
0
0
0
0
0
0
0
0
0
0
0
0
0
0
0
0
0
0
0
0
0
0
0
0
0
0
0
0
0
0
0
0
0
0
0
0
0
0
0
0
0
0
0
0
0
0
0
0
0
0
0
0
0
0
0
0
0
0
0
0
0
0
0
0
0
0
0
0
0
0
0
0
0
0
0
0
0
0
0
0
0
0
0
0
0
0
0
0
0
0
0
0
0
0
0
0
0
0
0
0
0
0
0
0
0
0
0
0
0
0
0
0
0
0
0
0
0
0
0
0
0
0
0
0
0
0
0
0
0
0
0
0
0
0
0
0
0
0
0
0
0
0
0
0
0
0
0
0
0
0
0
0
0
0
0
0
0
0
0
0
0
0
0
0
0
0
0
0
0
0
0
0
0
0
0
0
0
0
0
0
0
0
0
0
0
0
0
0
0
0
0
0
0
0
0
0
0
0
0
0
0
0
0
0
0
0
0
0
0
0
0
0
0
0
0
0
0
0
0
0
0
0
0
0
0
0
0
0
0
0
0
0
0
0
0
0
0
0
0
0
0
0
0
0
0
0
0
0
0
0
0
0
0
0
0
0
0
0
0
0
0
0
0
0
0
0
0
0
0
0
0
0
0
0
0
0
0
0
0
0
0
0
0
0
0
0
0
0
0
0
0
0
0
0
0
0
0
0
0
0
0
0
0
0
0
0
0
0
0
0
0
0
0
0
0
0
0
0
0
0
0
0
0
0
0
0
0
0
0
0
0
0
0
0
0
0
0
0
0
0
0
0
0
0
0
0
0
0
0
0
0
0
0
0
0
0
0
0
0
0
0
0
0
0
0
0
0
0
0
0
0
0
0
0
0
0
0
0
0
0
0
0
0
0
0
0
0
0
0
0
0
0
0
0
0
0
0
0
0
0
0
0
0
0
0
0
0
0
0
0
0
0
0
0
0
0
0
0
0
0
0
0
0
0
0
0
0
0
0
0
0
0
0
0
0
0
0
0
0
0
0
0
0
0
0
0
0
0
0
0
0
0
0
0
0
0
0
0
0
0
0
0
0
0
0
0
0
0
0
0
0
0
0
0
0
0
0
0
0
0
0
0
0
0
0
0
0
0
0
0
0
0
0
0
0
0
0
0
0
0
0
0
0
0
0
0
0
0
0
0
0
0
0
0
0
0
0
0
0
0
0
0
0
0
0
0
0
0
0
0
0
0
0
0
0
0
0
0
0
0
0
0
0
0
0
0
0
0
0
0
0
0
0
0
0
0
0
0
0
0
0
0
0
0
0
0
0
0
0
0
0
0
0
0
0
0
0
0
0
0
0
0
0
0
0
0
0
0
0
0
0
0
0
0
0
0
0
0
0
0
0
0
0
0
0
0
0
0
0
0
0
0
