int
0
0
0
0
0
0
2206
3888
0
0
0
0
2109
2130
2067
2180
0
0
0
0
2126
0
0
2048
0
2105
0
2134
2063
0
0
2056
0
2142
0
0
0
0
2101
2088
2138
2071
0
3866
0
0
3862
2084
0
3858
0
2097
2166
0
2123
2080
2162
0
0
2158
0
2198
0
2052
2093
2194
0
2170
2119
2146
0
2188
3897
2202
2242
2238
2234
2230
2226
2184
3893
2222
2218
2214
2210
2178
2174
2154
2150
2078
2074
6211
0
0
0
0
0
0
0
2086
2132
0
0
0
0
0
2061
2082
2111
2144
0
0
0
0
0
2058
0
0
2128
0
0
2077
0
2214
2107
0
3896
0
0
0
0
2054
0
0
3892
0
2073
0
0
2154
2103
0
3888
0
0
0
2210
0
0
0
2148
2121
0
2218
0
2099
0
0
2048
2142
0
0
3866
0
0
3862
2188
2117
3858
0
2095
2166
0
0
2184
2162
0
0
2158
0
2194
0
2180
2113
2170
2071
2202
0
2198
2242
2136
2238
2205
2234
2230
2226
2222
2178
2088
2174
2067
6221
0
0
0
0
0
0
0
0
2187
0
0
3856
2101
2066
0
2207
0
0
0
0
0
0
2127
2088
0
2097
2062
0
0
2131
0
0
0
0
0
2084
2139
0
2093
2070
0
0
2143
0
0
0
2227
2080
0
0
3897
2223
2122
0
0
2135
0
0
0
2052
2231
0
3893
2167
0
2118
2163
0
0
2159
0
2048
2179
0
3889
2175
0
0
2114
2171
0
2195
0
2056
2147
0
3865
2203
0
2199
2243
2110
2180
2239
2235
2219
2215
2211
3861
2155
2151
2188
2079
2075
6202
0
0
0
0
0
0
0
0
2124
0
0
3861
0
0
2078
2111
0
2132
0
0
0
0
0
3857
0
0
2188
0
0
2074
2107
0
0
0
0
2184
2089
0
0
0
0
0
0
0
2180
2122
2103
0
2085
0
0
0
2152
0
0
0
0
0
0
0
2136
2081
2118
2099
0
0
0
2148
0
0
0
0
0
2208
2057
0
0
2114
2095
2140
0
0
0
0
0
2216
2053
0
0
3898
0
2212
0
2071
0
2228
0
0
2049
2224
0
3894
0
2220
0
0
2176
2145
2067
2172
0
0
2168
3890
0
2164
2205
0
2160
0
0
2156
0
2200
2063
2196
2129
2192
2240
2236
2232
7962
0
0
0
0
0
0
0
0
0
0
2194
0
0
0
0
0
0
0
0
0
2048
2101
2242
3899
0
0
0
0
0
0
0
0
0
2238
0
0
0
0
0
0
0
2068
2097
0
2234
3895
0
0
0
0
0
0
0
0
0
2190
0
0
0
0
0
0
2064
2093
0
0
2186
3891
0
0
0
0
0
0
0
2198
0
0
0
0
0
0
2206
2060
2089
0
0
0
2119
2130
0
0
0
0
0
0
2126
0
0
0
0
0
2142
0
2056
2085
0
0
2138
2115
0
0
2134
0
0
3866
0
0
3862
0
0
3858
0
0
2166
2120
2081
2162
0
0
2158
2111
2170
0
2146
2230
2200
2226
2222
2218
2214
2210
2178
2174
2154
2150
2078
2180
2053
2074
0
0
6203
0
0
0
0
0
0
0
0
0
0
2239
0
0
0
0
0
0
0
0
0
0
2235
2048
2081
3898
0
0
0
0
0
0
0
2183
0
0
0
0
0
0
0
0
0
0
2203
0
2120
2077
3894
0
0
0
0
0
0
2199
0
0
0
0
0
0
0
0
2131
0
0
0
0
2116
2073
3890
0
2127
0
0
0
0
0
0
0
0
2155
0
0
0
0
0
0
0
0
2151
2112
2069
2102
0
0
0
0
0
2207
0
0
0
0
0
0
0
2139
0
0
0
0
0
0
2108
2065
2098
2215
0
0
0
0
0
0
0
2143
0
0
0
0
0
0
2135
0
0
0
0
2104
2061
2094
2219
0
0
0
0
0
2211
0
2192
0
0
0
2147
0
0
3867
0
0
3863
2188
0
2057
2090
3859
0
0
2167
0
0
2163
2184
0
2159
0
2171
2231
2227
2223
2179
2175
0
2240
0
0
2053
6182
0
0
0
0
0
0
0
0
0
0
0
2235
0
0
0
0
0
0
0
0
0
0
0
2183
2064
2097
3898
0
0
0
0
0
0
0
0
2203
0
0
0
0
0
0
0
0
0
0
0
2199
0
2060
2093
3894
0
0
0
0
0
0
0
2195
0
0
0
0
0
0
0
0
0
0
0
2191
0
0
2056
2089
3890
0
0
0
0
0
0
2187
0
0
0
0
0
0
2139
0
0
0
0
0
0
2127
0
2120
2085
3866
0
0
2207
0
0
0
0
0
0
2131
0
0
0
0
0
2143
0
0
0
2231
0
0
2116
2081
3862
2227
0
0
0
2223
0
0
0
2135
0
0
2167
0
0
2163
0
0
2159
0
0
2179
0
2112
2053
3858
2175
0
0
2171
0
2147
2219
2215
2211
2155
2151
2079
2075
0
0
0
0
0
0
0
0
0
2108
2049
2106
0
0
0
0
0
0
0
0
0
2240
0
0
0
0
0
0
0
0
0
0
0
2236
0
2069
6198
0
0
0
0
0
0
0
0
0
0
0
2202
0
0
0
0
0
0
0
0
0
0
0
2198
0
0
2076
3897
2119
0
0
0
0
0
0
2194
0
0
0
0
0
0
0
0
0
0
0
2190
0
0
0
0
0
2072
3893
2115
0
0
0
2186
0
0
0
0
0
0
0
0
2126
0
0
0
0
0
0
0
0
2134
0
0
2068
3889
2111
0
0
0
2206
0
0
0
0
0
0
0
0
2130
0
0
0
0
0
0
0
2154
0
0
0
2064
3865
2107
0
2150
0
0
0
0
0
0
0
2142
0
0
0
0
0
2210
0
0
0
0
0
2146
0
0
2060
3861
2103
2138
0
0
0
0
0
2218
0
0
0
0
0
2214
0
0
0
2230
0
0
0
2226
0
0
0
2056
3857
2222
2099
0
2178
0
0
2174
0
0
2170
0
0
2166
0
0
2162
0
0
2158
0
0
0
0
0
0
2052
2089
0
2095
0
0
0
0
0
0
0
0
0
0
0
2243
0
0
0
0
0
0
0
0
0
0
0
2048
2085
2239
0
0
0
0
0
0
0
0
0
0
0
2235
0
0
0
0
0
0
0
0
0
0
0
2183
2120
6177
0
0
0
0
0
0
0
0
0
0
0
0
0
0
0
0
0
0
0
0
0
0
0
0
0
0
0
0
0
0
0
0
0
0
0
0
0
0
0
0
0
0
0
0
0
0
0
0
0
0
0
0
0
0
0
0
0
0
0
0
0
0
0
0
0
0
0
0
0
0
0
0
0
0
0
0
0
0
0
0
0
0
0
0
0
0
0
0
0
0
0
0
0
0
0
0
0
0
0
0
0
0
0
0
0
0
0
0
0
0
0
0
0
0
0
0
0
0
0
0
0
0
0
0
0
0
0
0
0
0
0
0
0
0
0
0
0
0
0
0
0
0
0
0
0
0
0
0
0
0
0
0
0
0
0
0
0
0
0
0
0
0
0
0
0
0
0
0
0
0
0
0
0
0
0
0
0
0
0
0
0
0
0
0
0
0
0
0
0
0
0
0
0
0
0
0
0
0
0
0
0
0
0
0
0
0
0
0
0
0
0
0
0
0
0
0
0
0
0
0
0
0
0
0
0
0
0
0
0
0
0
0
0
0
0
0
0
0
0
0
0
0
0
0
0
0
0
0
0
0
0
0
0
0
0
0
0
0
0
0
0
0
0
0
0
0
0
0
0
0
0
0
0
0
0
0
0
0
0
0
0
0
0
0
0
0
0
0
0
0
0
0
0
0
0
0
0
0
0
0
0
0
0
0
0
0
0
0
0
0
0
0
0
0
0
0
0
0
0
0
0
0
0
0
0
0
0
0
0
0
0
0
0
0
0
0
0
0
0
0
0
0
0
0
0
0
0
0
0
0
0
0
0
0
0
0
0
0
0
0
0
0
0
0
0
0
0
0
0
0
0
0
0
0
0
0
0
0
0
0
0
0
0
0
0
0
0
0
0
0
0
0
0
0
0
0
0
0
0
0
0
0
0
0
0
0
0
0
0
0
0
0
0
0
0
0
0
0
0
0
0
0
0
0
0
0
0
0
0
0
0
0
0
0
0
0
0
0
0
0
0
0
0
0
0
0
0
0
0
0
0
0
0
0
0
0
0
0
0
0
0
0
0
0
0
0
0
0
0
0
0
0
0
0
0
0
0
0
0
0
0
0
0
0
0
0
0
0
0
0
0
0
0
0
0
0
0
0
0
0
0
0
0
0
0
0
0
0
0
0
0
0
0
0
0
0
0
0
0
0
0
0
0
0
0
0
0
0
0
0
0
0
0
0
0
0
0
0
0
0
0
0
0
0
0
0
0
0
0
0
0
0
0
0
0
0
0
0
0
0
0
0
0
0
0
0
0
0
0
0
0
0
0
0
0
0
0
0
0
0
0
0
0
0
0
0
0
0
0
0
0
0
0
0
0
0
0
0
0
0
0
0
0
0
0
0
0
0
0
0
0
0
0
0
0
0
0
0
0
0
0
0
0
0
0
0
0
0
0
0
0
0
0
0
0
0
0
0
0
0
0
0
0
0
0
0
0
0
0
0
0
0
0
0
0
0
0
0
0
0
0
0
0
0
0
0
0
0
0
0
0
0
0
0
0
0
0
0
0
0
0
0
0
0
0
0
0
0
0
0
0
0
0
0
0
0
0
0
0
0
0
0
0
0
0
0
0
0
0
0
0
0
0
0
0
0
0
0
0
0
0
0
0
0
0
0
0
0
0
0
0
0
0
0
0
0
0
0
0
0
0
0
0
0
0
0
0
0
0
0
0
0
0
0
0
0
0
0
0
0
0
0
0
0
0
0
0
0
0
0
0
0
0
0
0
0
0
0
0
0
0
0
0
0
0
0
0
0
0
0
0
0
0
0
0
0
0
0
0
0
0
0
0
0
0
0
0
0
0
0
0
0
0
0
0
0
0
0
0
0
0
0
0
0
0
0
0
0
0
0
0
0
0
0
0
0
0
0
0
0
0
0
0
0
0
0
0
0
0
0
0
0
0
0
0
0
0
0
0
0
0
0
0
0
0
0
0
0
0
0
0
0
0
0
0
0
0
0
0
0
0
0
0
0
0
0
0
0
0
0
0
0
0
0
0
0
0
0
0
0
0
0
0
0
0
0
0
0
0
0
0
0
0
0
0
0
0
0
0
0
0
0
0
0
0
0
0
0
0
0
0
0
0
0
0
0
0
0
0
0
0
0
0
0
0
0
0
0
0
0
0
0
0
0
0
0
0
0
0
0
0
0
0
0
0
0
0
0
0
0
0
0
0
0
0
0
0
0
0
0
0
0
0
0
0
0
0
0
0
0
0
0
0
0
0
0
0
0
0
0
0
0
0
0
0
0
0
0
0
0
0
0
0
0
0
0
0
0
0
0
0
0
0
0
0
0
0
0
0
0
0
0
0
0
0
0
0
0
0
0
0
0
0
0
0
0
0
0
0
0
0
0
0
0
0
0
0
0
0
0
0
0
0
0
0
0
0
0
0
0
0
0
0
0
0
0
0
0
0
0
0
0
0
0
0
0
0
0
0
0
0
0
0
0
0
0
0
0
0
0
0
0
0
0
0
0
0
0
0
0
0
0
0
0
0
0
0
0
0
0
0
0
0
0
0
0
0
0
0
0
0
0
0
0
0
0
0
0
0
0
0
0
0
0
0
0
0
0
0
0
0
0
0
0
0
0
0
0
0
0
0
0
0
0
0
0
0
0
0
0
0
0
0
0
0
0
0
0
0
0
0
0
0
0
0
0
0
0
0
0
0
0
0
0
0
0
0
0
0
0
0
0
0
0
0
0
0
0
0
0
0
0
0
0
0
0
0
0
0
0
0
0
0
0
0
0
0
0
0
0
0
0
0
0
0
0
0
0
0
0
0
0
0
0
0
0
0
0
0
0
0
0
0
0
0
0
0
0
0
0
0
0
0
0
0
0
0
0
0
0
0
0
0
0
0
0
0
0
0
0
0
0
0
0
0
0
0
0
0
0
0
0
0
0
0
0
0
0
0
0
0
0
0
0
0
0
0
0
0
0
0
0
0
0
0
0
0
0
0
0
0
0
0
0
0
0
0
0
0
0
0
0
0
0
0
0
0
0
0
0
0
0
0
0
0
0
0
0
0
0
0
0
0
0
0
0
0
0
0
0
0
0
0
0
0
0
0
0
0
0
0
0
0
0
0
0
0
0
0
0
0
0
0
0
0
0
0
0
0
0
0
0
0
0
0
0
0
0
0
0
0
0
0
0
0
0
0
0
0
0
0
0
0
0
0
0
0
0
0
0
0
0
0
0
0
0
0
0
0
0
0
0
0
0
0
0
0
0
0
0
0
0
0
0
0
0
0
0
0
0
0
0
0
0
0
0
0
0
0
0
0
0
0
0
0
0
0
0
0
0
0
0
0
0
0
0
0
0
0
0
0
0
0
0
0
0
0
0
0
0
0
0
0
0
0
0
0
0
0
0
0
0
0
0
0
0
0
0
0
0
0
0
0
0
0
0
0
0
0
0
0
0
0
0
0
0
0
0
0
0
0
0
0
0
0
0
0
0
0
0
0
0
0
0
0
0
0
0
0
0
0
0
0
0
0
0
0
0
0
0
0
0
0
0
0
0
0
0
0
0
0
0
0
0
0
0
0
0
0
0
0
0
0
0
0
0
0
0
0
0
0
0
0
0
0
0
0
0
0
0
0
0
0
0
0
0
0
0
0
0
0
0
0
0
0
0
0
0
0
0
0
0
0
0
0
0
0
0
0
0
0
0
0
0
0
0
0
0
0
0
0
0
0
0
0
0
0
0
0
0
0
0
0
0
0
0
0
0
0
0
0
0
0
0
0
0
0
0
0
0
0
0
0
0
0
0
0
0
0
0
0
0
0
0
0
0
0
0
0
0
0
0
0
0
0
0
0
0
0
0
0
0
0
0
0
0
0
0
0
0
0
0
0
0
0
0
0
0
0
0
0
0
0
0
0
0
0
0
0
0
0
0
0
0
0
0
0
0
0
0
0
0
0
0
0
0
0
0
0
0
0
0
0
0
0
0
0
0
0
0
0
0
0
0
0
0
0
0
0
0
0
0
0
0
0
0
0
0
0
0
0
0
0
0
0
0
0
0
0
0
0
0
0
0
0
0
0
0
0
0
0
0
0
0
0
0
0
0
0
0
0
0
0
0
0
0
0
0
0
0
0
0
0
0
0
0
0
0
0
0
0
0
0
0
0
0
0
0
0
0
0
0
0
0
0
0
0
0
0
0
0
0
0
0
0
0
0
0
0
0
0
0
0
0
0
0
0
0
0
0
0
0
0
0
0
0
0
0
0
0
0
0
0
0
0
0
0
0
0
0
0
0
0
0
0
0
0
0
0
0
0
0
0
0
0
0
0
0
0
0
0
0
0
0
0
0
0
0
0
0
0
0
0
0
0
0
0
0
0
0
0
0
0
0
0
0
0
0
0
0
0
0
0
0
0
0
0
0
0
0
0
0
0
0
0
0
0
0
0
0
0
0
0
0
0
0
0
0
0
0
0
0
0
0
0
0
0
0
0
0
0
0
0
0
0
0
0
0
0
0
0
0
0
0
0
0
0
0
0
0
0
0
0
0
0
0
0
0
0
0
0
0
0
0
0
0
0
0
0
0
0
0
0
0
0
0
0
0
0
0
0
0
0
0
0
0
0
0
0
0
0
0
0
0
0
0
0
0
0
0
0
0
0
0
0
0
0
0
0
0
0
0
0
0
0
0
0
0
0
0
0
0
0
0
0
0
0
0
0
0
0
0
0
0
0
0
0
0
0
0
0
0
0
0
0
0
0
0
0
0
0
0
0
0
0
0
0
0
0
0
0
0
0
0
0
0
0
0
0
0
0
0
0
0
0
0
0
0
0
0
0
0
0
0
0
0
0
0
0
0
0
0
0
0
0
0
0
0
0
0
0
0
0
0
0
0
0
0
0
0
0
0
0
0
0
0
0
0
0
0
0
0
0
0
0
0
0
0
0
0
0
0
0
0
0
0
0
0
0
0
0
0
0
0
0
0
0
0
0
0
0
0
0
0
0
0
0
0
0
0
0
0
0
0
0
0
0
0
0
0
0
0
0
0
0
0
0
0
0
0
0
0
0
0
0
0
0
0
0
0
0
0
0
0
0
0
0
0
0
0
0
0
0
0
0
0
0
0
0
0
0
0
0
0
0
0
0
0
0
0
0
0
0
0
0
0
0
0
0
0
0
0
0
0
0
0
0
0
0
0
0
0
0
0
0
0
0
0
0
0
0
0
0
0
0
0
0
0
0
0
0
0
0
0
0
0
0
0
0
0
0
0
0
0
0
0
0
0
0
0
0
0
0
0
0
0
0
0
0
0
0
0
0
0
0
0
0
0
0
0
0
0
0
0
0
0
0
0
0
0
0
0
0
0
0
0
0
0
0
0
0
0
0
0
0
0
0
0
0
0
0
0
0
0
0
0
0
0
0
0
0
0
0
0
0
0
0
0
0
0
0
0
0
0
0
0
0
0
0
0
0
0
0
0
0
0
0
0
0
0
0
0
0
0
0
0
0
0
0
0
0
0
0
0
0
0
0
0
0
0
0
0
0
0
0
0
0
0
0
0
0
0
0
0
0
0
0
0
0
0
0
0
0
0
0
0
0
0
0
0
0
0
0
0
0
0
0
0
0
0
0
0
0
0
0
0
0
0
0
0
0
0
0
0
0
0
0
0
0
0
0
0
0
0
0
0
0
0
0
0
0
0
0
0
0
0
0
0
0
0
0
0
0
0
0
0
0
0
0
0
0
0
0
0
0
0
0
0
0
0
0
0
0
0
0
0
0
0
0
0
0
0
0
0
0
0
0
0
0
0
0
0
0
0
0
0
0
0
0
0
0
0
0
0
0
0
0
0
0
0
0
0
0
0
0
0
0
0
0
0
0
0
0
0
0
0
0
0
0
0
0
0
0
0
0
0
0
0
0
0
0
0
0
0
0
0
0
0
0
0
0
0
0
0
0
0
0
0
0
0
0
0
0
0
0
0
0
0
0
0
0
0
0
0
0
0
0
0
0
0
0
0
0
0
0
0
0
0
0
0
0
0
0
0
0
0
0
0
0
0
0
0
0
0
0
0
0
0
0
0
0
0
0
0
0
0
0
0
0
0
0
0
0
0
0
0
0
0
0
0
0
0
0
0
0
0
0
0
0
0
0
0
0
0
0
0
0
0
0
0
0
0
0
0
0
0
0
0
0
0
0
0
0
0
0
0
0
0
0
0
0
0
0
0
0
0
0
0
0
0
0
0
0
0
0
0
0
0
0
0
0
0
0
0
0
0
0
0
0
0
0
0
0
0
0
0
0
0
0
0
0
0
0
0
0
0
0
0
0
0
0
0
0
0
0
0
0
0
0
0
0
0
0
0
0
0
0
0
0
0
0
0
0
0
0
0
0
0
0
0
0
0
0
0
0
0
0
0
0
0
0
0
0
0
0
0
0
0
0
0
0
0
0
0
0
0
0
0
0
0
0
0
0
0
0
0
0
0
0
0
0
0
0
0
0
0
0
0
0
0
0
0
