hex
3f800000
0
0
4000
0
8000
ba83126e
9800c000
0
10000
0
14000
0
18000
0
1c000
0
20000
0
24000
bf800000
c40000
3f800000
c44000
3ecc8406
d4000000
3f7f0fed
9c00c000
becc8406
d4900000
3f800000
0
ba83126e
9800c000
bf800000
c40000
0
0
0
4000
3f7f515f
8a008000
0
c000
0
10000
bc5a266d
af014000
3b2ea075
f0908000
3f800000
0
ba83126e
9800c000
ba83126e
98018000
ba83126e
9801c000
3f800000
4000
ba83126e
98010000
3a83126e
98018000
3f800000
8000
ba83126e
98014000
3a83126e
9801c000
3f800000
18000
3f800000
1c000
0
0
0
4000
0
8000
bf800000
14000
bf800000
10000
bf800000
c000
bf800000
1c000
bf800000
18000
3f800000
8000
3f800000
4000
3f800000
0
0
0
0
0
0
0
0
0
0
0
0
0
0
0
0
0
0
0
0
0
0
0
0
0
0
0
0
0
0
0
0
0
0
0
0
0
0
0
0
0
0
0
0
0
0
0
0
0
0
0
0
0
0
0
0
0
0
0
0
0
0
0
0
0
0
0
0
0
0
0
0
0
0
0
0
0
0
0
0
0
0
0
0
0
0
0
0
0
0
0
0
0
