int
0
2183
0
2179
0
2175
0
2104
2069
2098
2171
0
2167
0
2235
2100
2065
2094
2227
0
2163
0
2159
2228
2125
2090
3848
2215
2283
3844
2279
2275
3840
2121
2086
2132
2271
2267
2128
2263
2259
2136
2117
2152
2082
2204
2255
2140
2251
2196
2113
2192
2078
2188
2247
2184
2243
2239
2109
2223
2074
2219
2211
2203
2151
2147
2063
2059
2055
6147
0
0
2058
0
0
2150
0
2104
2069
2146
2099
0
2142
0
2154
2100
2065
2198
2095
2194
0
2190
0
2228
2125
2186
2091
2182
2236
2178
0
2174
2244
2121
2170
2087
2240
2234
0
3848
2226
2117
3844
2166
2083
3840
2162
0
2136
2113
2214
2132
2158
2079
2128
2206
2282
2060
2109
2278
2274
2270
2266
2262
2258
2254
2250
2222
2218
2210
2202
2054
2050
6171
0
0
0
0
2170
0
0
2105
0
2064
2258
2095
0
0
0
2101
2254
0
0
2060
0
2250
2091
2229
0
0
2166
0
0
2056
3850
2097
2087
3846
0
0
2161
2124
3842
0
0
2157
2130
2083
0
2120
2153
2138
0
0
2134
2225
2206
2116
2142
2079
2185
2234
0
2198
0
2112
2181
2194
0
2214
2075
2177
2190
2108
2282
2278
2173
2274
2270
2266
2262
2246
2242
2238
2222
2218
2210
2202
2150
2146
2054
2050
6167
0
0
0
0
2255
0
0
2104
0
2251
0
0
2065
3850
2163
2100
0
0
0
2159
0
0
0
2228
2239
2061
3846
0
0
2155
0
2096
0
0
2227
0
0
0
2057
2124
3842
2247
0
0
0
2243
0
2120
2143
0
0
2093
2139
2082
0
2116
2135
0
0
2131
2184
0
2151
0
2089
2180
2078
2147
0
2235
2176
2191
0
2199
0
2172
2215
2085
2195
2074
2168
2207
2283
2279
2275
2164
2113
2271
2267
2263
2256
2223
2070
2219
2109
2211
2203
2055
6147
0
0
0
0
2262
0
0
2073
0
2104
2178
2063
0
0
0
2069
2162
0
0
2100
0
2158
2059
2229
0
0
2154
0
0
2096
3850
2065
2127
3846
0
0
2197
2092
3842
0
0
2193
2130
2123
0
2088
2189
2138
0
0
2134
2225
2206
2084
2142
2119
2185
2234
0
2174
0
2080
2181
2170
0
2214
2115
2269
2166
2076
2282
2278
2265
2274
2258
2254
2250
2246
2242
2238
2222
2218
2210
2202
2150
2146
2054
2050
6207
0
0
0
0
2159
0
0
2072
0
2155
0
0
2105
3850
2199
2068
0
0
0
2195
0
0
0
2228
2239
2101
3846
0
0
2191
0
2064
0
0
2227
0
0
0
2097
2092
3842
2247
0
0
0
2243
0
2088
2143
0
0
2061
2139
2122
0
2084
2135
0
0
2131
2184
0
2151
0
2057
2180
2118
2147
0
2235
2176
2167
0
2175
0
2268
2215
2125
2171
2114
2264
2207
2283
2279
2275
2260
2081
2259
2255
2251
2160
2223
2110
2219
2077
2211
2203
2055
6147
0
0
0
0
0
0
0
2264
0
0
0
0
0
0
0
2260
0
2093
2122
2079
0
0
0
2256
0
0
0
0
0
0
0
2252
0
0
0
2089
2118
2075
0
2248
0
0
0
0
0
0
0
2196
0
0
0
0
0
2085
2114
2192
2071
0
0
0
0
0
0
2188
0
0
0
0
0
0
0
2184
2081
2110
2067
0
0
0
0
2228
2181
0
0
0
0
0
0
2224
2177
0
0
2106
2063
2152
0
0
2173
0
2156
0
0
3848
0
0
3844
2169
0
3840
0
2102
2128
2059
0
2136
2165
0
2132
0
2204
0
2212
0
2232
2161
2140
2280
2276
2272
2244
2240
2236
2220
2216
2208
2200
2148
2144
2052
2048
2269
2098
6223
0
0
0
0
0
0
0
2255
0
0
0
0
0
0
0
2251
0
0
0
0
2116
3849
2086
2167
0
0
0
0
0
0
0
2199
0
0
0
0
0
0
0
2195
0
2112
3845
2082
0
0
0
2191
0
0
0
0
0
0
0
2231
0
0
0
0
0
0
2108
3841
2078
2227
0
0
0
0
0
0
0
2187
0
0
0
0
0
0
0
2183
0
2104
2065
2074
0
2155
0
0
0
0
2159
0
0
0
0
2163
0
0
0
0
2239
0
2100
2061
2070
2243
0
0
0
2247
0
0
2178
2143
0
0
2139
0
0
2135
2174
0
2131
2096
2057
2151
0
0
2170
2147
0
2235
0
2215
0
2207
2270
2283
2279
2275
2223
2219
2211
2203
2092
2125
2266
2055
2051
0
0
0
0
0
2262
0
0
0
0
0
0
0
2258
0
0
2088
6217
0
0
0
2203
0
0
3851
2072
0
2105
2054
3847
0
0
3843
2068
0
2131
0
2101
2050
2139
0
2228
2135
0
2183
0
2179
2097
2126
2064
2175
0
2171
2220
2167
2093
2163
2216
2122
2159
0
2212
2155
2089
2143
2280
2227
0
2118
2276
2199
2085
2195
2272
2191
0
2187
2208
2114
2081
2271
2204
2267
2263
2259
2232
2255
2077
2110
2251
2247
2243
2239
2151
2147
2063
6155
0
0
0
2212
0
0
0
2208
2073
2106
2055
2204
0
0
3848
0
2069
3844
0
2102
3840
2051
0
2128
2229
0
2060
0
0
2056
2098
2127
2148
2065
0
2144
0
0
2140
2237
2094
2136
2123
2245
2132
0
2172
2241
2168
2090
2164
2233
2160
2119
2156
2281
2152
2086
2224
2277
2196
0
2192
2273
2188
2082
2184
2201
2180
2115
2176
2268
2264
2260
2256
2252
2248
2221
2078
2111
0
6313
0
0
0
0
2167
0
0
0
2207
2096
2061
2054
2203
0
0
0
2235
0
0
2092
2057
2050
2283
0
0
0
2279
0
2229
2088
2275
2126
0
2161
2223
0
0
0
2157
2084
2219
2122
0
2153
2215
0
0
0
2225
2080
2211
2118
0
2185
3851
0
0
3847
2181
2076
3843
2114
0
2177
2139
0
0
2135
2173
2072
2131
2110
2191
2169
2143
0
2199
0
2257
2068
2195
2106
2271
2253
2267
2263
2247
2243
2249
2064
2239
2102
2151
6243
0
0
0
0
2249
0
0
0
0
2104
2161
0
2062
3851
0
2157
0
0
0
2100
2237
0
0
0
0
2153
2058
3847
0
2096
2225
0
0
0
2281
0
0
0
2277
2052
2094
3843
2273
0
0
0
2209
0
0
2048
2205
0
0
2090
2201
2083
0
0
2245
2124
0
0
2241
0
0
0
2233
2228
2086
2079
2221
0
2184
0
2217
0
0
2180
2213
2122
0
2149
2176
2075
2145
0
0
2172
2141
2118
0
2137
2168
0
2133
0
2071
2164
2129
2114
2197
0
2256
2193
0
2189
2269
2252
2265
2261
2110
6163
0
0
0
2203
0
0
0
2068
2235
0
0
2117
2102
2283
0
2228
0
2279
0
0
0
2275
0
2064
2113
2098
2223
0
2196
0
2219
0
0
2192
2215
0
2109
2062
2188
2211
0
0
3851
2224
0
3847
0
0
2184
2105
2058
3843
0
2180
2139
0
0
2093
2268
2135
0
0
2054
2264
2131
2089
2167
0
2260
2143
0
2175
0
2176
2085
2050
2171
2259
2160
2255
2251
2247
2081
2156
2243
2239
2151
2126
2152
2147
2077
0
2204
0
0
0
0
0
2073
6218
0
0
0
0
2191
0
0
2074
0
2227
0
0
0
2283
2116
3849
2070
2279
0
0
0
2275
0
0
2230
2211
0
0
0
2112
3845
2207
2066
0
0
2203
0
0
0
2247
2094
0
0
2243
2108
2061
0
2235
2090
0
0
2223
0
0
0
2219
2086
0
0
2104
2057
2186
2215
0
0
2151
2182
0
2147
0
0
2178
2143
0
2100
2053
2270
2139
0
0
2135
2266
0
2131
0
2175
2262
2171
0
2096
2049
2162
2167
2259
2255
2251
2158
0
0
0
0
2154
0
3840
0
2125
2198
0
0
0
0
2080
2194
0
0
0
0
2238
0
2076
6217
0
0
0
0
0
0
0
2255
0
0
0
0
0
0
0
2251
0
0
0
2068
2101
2054
0
2195
0
0
0
0
0
0
0
2191
0
0
0
0
0
0
0
2064
2097
2050
2187
0
0
0
0
0
0
0
2183
0
0
0
0
0
0
0
2231
2060
2093
2126
0
0
0
0
2227
0
0
0
0
0
0
0
2179
0
0
0
0
2056
2089
2122
2159
0
0
0
2223
2172
0
0
2219
0
0
0
2215
2168
0
0
2283
0
2085
2118
2279
2164
0
0
2275
0
0
0
2211
2160
0
0
2207
0
0
0
2203
2152
2081
2114
2235
0
0
3851
0
2196
3847
0
0
3843
0
0
2139
2268
0
2135
0
0
2077
2110
2131
2264
2143
2247
2243
2239
2151
2147
0
2260
0
0
0
0
0
0
0
2256
2073
6202
0
0
0
0
0
0
0
0
0
0
2251
0
0
0
0
0
0
0
0
0
0
2195
2060
2097
3850
0
0
0
0
0
0
0
2191
0
0
0
0
0
0
0
0
0
0
2187
0
2056
2093
3846
0
0
0
0
0
0
2183
0
0
0
0
0
0
0
0
0
0
2179
0
0
2052
2089
3842
0
0
0
0
0
2227
0
0
0
0
0
0
0
0
0
0
2175
0
0
0
2048
2085
2122
0
0
0
0
2171
0
0
0
0
0
0
0
0
0
0
2167
0
0
0
0
2124
2081
2118
0
0
0
2163
0
0
0
0
2156
0
0
2231
0
0
0
0
2239
0
0
2152
2283
2077
2114
0
2279
0
0
0
2275
0
2196
0
2247
0
0
0
2243
0
0
0
2235
2268
0
0
2073
2110
2223
0
0
0
2219
0
2264
0
2215
0
0
0
2211
0
0
0
2207
2260
0
0
2203
2069
2106
2151
0
0
2147
0
2256
2143
0
0
2139
0
0
2135
0
0
2131
2252
0
0
0
0
2065
6198
0
0
0
0
0
0
0
0
0
0
0
0
0
0
0
0
0
0
0
0
0
0
0
0
0
0
0
0
0
0
0
0
0
0
0
0
0
0
0
0
0
0
0
0
0
0
0
0
0
0
0
0
0
0
0
0
0
0
0
0
0
0
0
0
0
0
0
0
0
0
0
0
0
0
0
0
0
0
0
0
0
0
0
0
0
0
0
0
0
0
0
0
0
0
0
0
0
0
0
0
0
0
0
0
0
0
0
0
0
0
0
0
0
0
0
0
0
0
0
0
0
0
0
0
0
0
0
0
0
0
0
0
0
0
0
0
0
0
0
0
0
0
0
0
0
0
0
0
0
0
0
0
0
0
0
0
0
0
0
0
0
0
0
0
0
0
0
0
0
0
0
0
0
0
0
0
0
0
0
0
0
0
0
0
0
0
0
0
0
0
0
0
0
0
0
0
0
0
0
0
0
0
0
0
0
0
0
0
0
0
0
0
0
0
0
0
0
0
0
0
0
0
0
0
0
0
0
0
0
0
0
0
0
0
0
0
0
0
0
0
0
0
0
0
0
0
0
0
0
0
0
0
0
0
0
0
0
0
0
0
0
0
0
0
0
0
0
0
0
0
0
0
0
0
0
0
0
0
0
0
0
0
0
0
0
0
0
0
0
0
0
0
0
0
0
0
0
0
0
0
0
0
0
0
0
0
0
0
0
0
0
0
0
0
0
0
0
0
0
0
0
0
0
0
0
0
0
0
0
0
0
0
0
0
0
0
0
0
0
0
0
0
0
0
0
0
0
0
0
0
0
0
0
0
0
0
0
0
0
0
0
0
0
0
0
0
0
0
0
0
0
0
0
0
0
0
0
0
0
0
0
0
0
0
0
0
0
0
0
0
0
0
0
0
0
0
0
0
0
0
0
0
0
0
0
0
0
0
0
0
0
0
0
0
0
0
0
0
0
0
0
0
0
0
0
0
0
0
0
0
0
0
0
0
0
0
0
0
0
0
0
0
0
0
0
0
0
0
0
0
0
0
0
0
0
0
0
0
0
0
0
0
0
0
0
0
0
0
0
0
0
0
0
0
0
0
0
0
0
0
0
0
0
0
0
0
0
0
0
0
0
0
0
0
0
0
0
0
0
0
0
0
0
0
0
0
0
0
0
0
0
0
0
0
0
0
0
0
0
0
0
0
0
0
0
0
0
0
0
0
0
0
0
0
0
0
0
0
0
0
0
0
0
0
0
0
0
0
0
0
0
0
0
0
0
0
0
0
0
0
0
0
0
0
0
0
0
0
0
0
0
0
0
0
0
0
0
0
0
0
0
0
0
0
0
0
0
0
0
0
0
0
0
0
0
0
0
0
0
0
0
0
0
0
0
0
0
0
0
0
0
0
0
0
0
0
0
0
0
0
0
0
0
0
0
0
0
0
0
0
0
0
0
0
0
0
0
0
0
0
0
0
0
0
0
0
0
0
0
0
0
0
0
0
0
0
0
0
0
0
0
0
0
0
0
0
0
0
0
0
0
0
0
0
0
0
0
0
0
0
0
0
0
0
0
0
0
0
0
0
0
0
0
0
0
0
0
0
0
0
0
0
0
0
0
0
0
0
0
0
0
0
0
0
0
0
0
0
0
0
0
0
0
0
0
0
0
0
0
0
0
0
0
0
0
0
0
0
0
0
0
0
0
0
0
0
0
0
0
0
0
0
0
0
0
0
0
0
0
0
0
0
0
0
0
0
0
0
0
0
0
0
0
0
0
0
0
0
0
0
0
0
0
0
0
0
0
0
0
0
0
0
0
0
0
0
0
0
0
0
0
0
0
0
0
0
0
0
0
0
0
0
0
0
0
0
0
0
0
0
0
0
0
0
0
0
0
0
0
0
0
0
0
0
0
0
0
0
0
0
0
0
0
0
0
0
0
0
0
0
0
0
0
0
0
0
0
0
0
0
0
0
0
0
0
0
0
0
0
0
0
0
0
0
0
0
0
0
0
0
0
0
0
0
0
0
0
0
0
0
0
0
0
0
0
0
0
0
0
0
0
0
0
0
0
0
0
0
0
0
0
0
0
0
0
0
0
0
0
0
0
0
0
0
0
0
0
0
0
0
0
0
0
0
0
0
0
0
0
0
0
0
0
0
0
0
0
0
0
0
0
0
0
0
0
0
0
0
0
0
0
0
0
0
0
0
0
0
0
0
0
0
0
0
0
0
0
0
0
0
0
0
0
0
0
0
0
0
0
0
0
0
0
0
0
0
0
0
0
0
0
0
0
0
0
0
0
0
0
0
0
0
0
0
0
0
0
0
0
0
0
0
0
0
0
0
0
0
0
0
0
0
0
0
0
0
0
0
0
0
0
0
0
0
0
0
0
0
0
0
0
0
0
0
0
0
0
0
0
0
0
0
0
0
0
0
0
0
0
0
0
0
0
0
0
0
0
0
0
0
0
0
0
0
0
0
0
0
0
0
0
0
0
0
0
0
0
0
0
0
0
0
0
0
0
0
0
0
0
0
0
0
0
0
0
0
0
0
0
0
0
0
0
0
0
0
0
0
0
0
0
0
0
0
0
0
0
0
0
0
0
0
0
0
0
0
0
0
0
0
0
0
0
0
0
0
0
0
0
0
0
0
0
0
0
0
0
0
0
0
0
0
0
0
0
0
0
0
0
0
0
0
0
0
0
0
0
0
0
0
0
0
0
0
0
0
0
0
0
0
0
0
0
0
0
0
0
0
0
0
0
0
0
0
0
0
0
0
0
0
0
0
0
0
0
0
0
0
0
0
0
0
0
0
0
0
0
0
0
0
0
0
0
0
0
0
0
0
0
0
0
0
0
0
0
0
0
0
0
0
0
0
0
0
0
0
0
0
0
0
0
0
0
0
0
0
0
0
0
0
0
0
0
0
0
0
0
0
0
0
0
0
0
0
0
0
0
0
0
0
0
0
0
0
0
0
0
0
0
0
0
0
0
0
0
0
0
0
0
0
0
0
0
0
0
0
0
0
0
0
0
0
0
0
0
0
0
0
0
0
0
0
0
0
0
0
0
0
0
0
0
0
0
0
0
0
0
0
0
0
0
0
0
0
0
0
0
0
0
0
0
0
0
0
0
0
0
0
0
0
0
0
0
0
0
0
0
0
0
0
0
0
0
0
0
0
0
0
0
0
0
0
0
0
0
0
0
0
0
0
0
0
0
0
0
0
0
0
0
0
0
0
0
0
0
0
0
0
0
0
0
0
0
0
0
0
0
0
0
0
0
0
0
0
0
0
0
0
0
0
0
0
0
0
0
0
0
0
0
0
0
0
0
0
0
0
0
0
0
0
0
0
0
0
0
0
0
0
0
0
0
0
0
0
0
0
0
0
0
0
0
0
0
0
0
0
0
0
0
0
0
0
0
0
0
0
0
0
0
0
0
0
0
0
0
0
0
0
0
0
0
0
0
0
0
0
0
0
0
0
0
0
0
0
0
0
0
0
0
0
0
0
0
0
0
0
0
0
0
0
0
0
0
0
0
0
0
0
0
0
0
0
0
0
0
0
0
0
0
0
0
0
0
0
0
0
0
0
0
0
0
0
0
0
0
0
0
0
0
0
0
0
0
0
0
0
0
0
0
0
0
0
0
0
0
0
0
0
0
0
0
0
0
0
0
0
0
0
0
0
0
0
0
0
0
0
0
0
0
0
0
0
0
0
0
0
0
0
0
0
0
0
0
0
0
0
0
0
0
0
0
0
0
0
0
0
0
0
0
0
0
0
0
0
0
0
0
0
0
0
0
0
0
0
0
0
0
0
0
0
0
0
0
0
0
0
0
0
0
0
0
0
0
0
0
0
0
0
0
0
0
0
0
0
0
0
0
0
0
0
0
0
0
0
0
0
0
0
0
0
0
0
0
0
0
0
0
0
0
0
0
0
0
0
0
0
0
0
0
0
0
0
0
0
0
0
0
0
0
0
0
0
0
0
0
0
0
0
0
0
0
0
0
0
0
0
0
0
0
0
0
0
0
0
0
0
0
0
0
0
0
0
0
0
0
0
0
0
0
0
0
0
0
0
0
0
0
0
0
0
0
0
0
0
0
0
0
0
0
0
0
0
0
0
0
0
0
0
0
0
0
0
0
0
0
0
0
0
0
0
0
0
0
0
0
0
0
0
0
0
0
0
0
0
0
0
0
0
0
0
0
0
0
0
0
0
0
0
0
0
0
0
0
0
0
0
0
0
0
0
0
0
0
0
0
0
0
0
0
0
0
0
0
0
0
0
0
0
0
0
0
0
0
0
0
0
0
0
0
0
0
0
0
0
0
0
0
0
0
0
0
0
0
0
0
0
0
0
0
0
0
0
0
0
0
0
0
0
0
0
0
0
0
0
0
0
0
0
0
0
0
0
0
0
0
0
0
0
0
0
0
0
0
0
0
0
0
0
0
0
0
0
0
0
0
0
0
0
0
0
0
0
0
0
0
0
0
0
0
0
0
0
0
0
0
0
0
0
0
0
0
0
0
0
0
0
0
0
0
0
0
0
0
0
0
0
0
0
0
0
0
0
0
0
0
0
0
0
0
0
0
0
0
0
0
0
0
0
0
0
0
0
0
0
0
0
0
0
0
0
0
0
0
0
0
0
0
0
0
0
0
0
0
0
0
0
0
0
0
0
0
0
0
0
0
0
0
0
0
0
0
0
0
0
0
0
0
0
0
0
0
0
0
0
0
0
0
0
0
0
0
0
0
0
0
0
0
0
0
0
0
0
0
0
0
0
0
0
0
0
0
0
0
0
0
0
0
0
0
0
0
0
0
0
0
0
0
0
0
0
0
0
0
0
0
0
0
0
0
0
0
0
0
0
0
0
0
0
0
0
0
0
0
0
0
0
0
0
0
0
0
0
0
0
0
0
0
0
0
0
0
0
0
0
0
0
0
0
0
0
0
0
0
0
0
0
0
0
0
0
0
0
0
0
0
0
0
0
0
0
0
0
0
0
0
0
0
0
0
0
0
0
0
0
0
0
0
0
0
0
0
0
0
0
0
0
0
0
0
0
0
0
0
0
0
0
0
0
0
0
0
0
0
0
0
0
0
0
0
0
0
0
0
0
0
0
0
0
0
0
0
0
0
0
0
0
0
0
0
0
0
0
0
0
0
0
0
0
0
0
0
0
0
0
0
0
0
0
0
0
0
0
0
0
0
0
0
0
0
0
0
0
0
0
0
0
