hex
0
0
0
0
0
0
0
0
0
0
0
0
0
0
0
0
0
0
0
0
0
0
0
0
0
0
0
0
0
0
0
0
0
0
0
0
0
0
0
0
0
0
0
0
0
0
0
0
bf7f71ea
c4000000
3b64fb9f
6c00c000
3f7f1126
91018000
ba478085
6a900000
3f7fa3ca
e5c70000
3f11f012
9e008000
3f7f57bc
36014000
3b02d8ed
62020000
bf1221f2
bf908000
3a478085
6ac78000
3f11f012
9e004000
3f7f57bc
36010000
3b02d8ed
6201c000
bf1221f2
bf904000
3a478085
6ac74000
3f11f012
9e000000
3f7f57bc
3600c000
3b02d8ed
62018000
bf1221f2
bf900000
3a478085
6ac70000
0
0
0
0
0
0
0
0
0
0
0
0
0
0
0
0
0
0
0
0
0
0
0
0
0
0
0
0
0
0
0
0
0
0
0
0
0
0
0
0
0
0
0
0
0
0
