hex
0
0
0
4000
0
8000
3f800000
908000
3f800000
904000
3f800000
900000
0
0
0
0
0
0
0
0
0
0
0
0
0
0
0
0
0
0
0
0
0
0
0
0
0
4000
3f7fffd4
f5900000
3f7fffd4
f5908000
3f7fffd4
f5904000
3f7fffd4
f5900000
0
0
0
0
0
0
0
0
0
0
0
0
0
0
0
0
0
0
0
0
0
0
bf800000
0
0
4000
0
8000
3f800000
90c000
c839fa00
8000
c839fa00
4000
c839fa00
0
3f800000
908000
0
0
0
0
0
0
0
0
0
0
0
0
0
0
0
0
0
0
3f7f7ab8
8d004000
3aa3ac44
cb904000
baa3ac60
50910000
3f7f7ab8
8d000000
0
4000
3aa3ac44
cb900000
baa3ac60
5090c000
0
0
3f7f7ab8
8d008000
3aa3ac44
cb908000
baa3ac60
50914000
0
0
0
0
0
0
0
0
0
0
0
0
0
0
0
0
0
0
0
0
0
0
0
0
0
0
0
0
0
0
0
0
0
0
0
0
0
0
0
0
0
0
0
0
