hex
0
0
0
4000
0
8000
0
c000
0
10000
0
14000
0
18000
0
1c000
0
0
3f800000
90c000
0
0
0
0
0
0
0
0
0
0
0
0
0
0
0
0
0
4000
0
8000
0
c000
0
10000
0
14000
0
18000
36b0319c
69900000
36b0319c
69900000
3f800000
90c000
3f7fffd4
f5908000
3f7fffd4
f5904000
0
0
0
0
0
0
0
0
0
0
0
0
0
4000
0
8000
0
c000
0
10000
0
14000
0
18000
0
1c000
b6b03174
ea910000
0
0
b6b03174
ea90c000
0
8000
b6b03174
ea914000
0
0
0
0
0
0
0
0
0
0
0
4000
3f7fffd4
f5008000
0
c000
36b0319c
69908000
0
0
3f7fffd4
f5004000
0
8000
36b0319c
69904000
3f7fffd4
f5000000
0
4000
36b0319c
69900000
3f7fffd4
f5008000
36b0319c
69908000
3f7fffd4
f5004000
36b0319c
69904000
0
0
0
0
0
0
0
0
0
0
0
0
0
0
0
0
0
0
0
0
0
0
0
0
0
0
0
0
0
0
0
0
0
0
