hex
0
0
0
4000
0
8000
0
c000
0
10000
0
14000
0
18000
0
1c000
0
20000
0
24000
0
28000
0
2c000
0
30000
0
0
0
0
0
0
0
0
0
0
0
4000
0
8000
0
c000
0
10000
0
14000
0
18000
0
1c000
0
20000
0
24000
0
28000
0
2c000
36b0319c
69908000
36b0319c
69904000
36b0319c
69900000
36b0319c
69908000
36b0319c
69904000
0
0
0
4000
0
8000
0
c000
0
10000
0
14000
0
18000
0
1c000
0
20000
0
24000
0
0
0
4000
0
0
0
4000
0
0
0
0
0
0
befa299d
6a000000
0
4000
0
8000
0
c000
0
10000
0
14000
0
18000
0
1c000
0
20000
0
24000
0
28000
0
2c000
3f7fffd4
f5900000
befa299d
6a008000
3f7fffd4
f5908000
befa299d
6a004000
3f7fffd4
f5904000
3f800000
90c000
0
0
0
0
0
0
0
0
0
0
0
0
0
0
0
0
0
0
0
0
0
0
0
0
0
0
0
0
0
0
