hex
0
0
0
4000
0
8000
0
c000
0
10000
0
14000
0
18000
0
1c000
0
20000
0
24000
0
28000
0
0
0
4000
0
0
0
4000
3f800000
914000
3f800000
914000
3f800000
910000
0
0
0
4000
3eace769
ce008000
0
c000
0
10000
3f295d96
cc014000
0
18000
0
1c000
ba2eb1a1
a2908000
392eb9fb
71914000
3eace769
ce004000
3f295d96
cc010000
ba2eb1a1
a2904000
392eb9fb
71910000
3eace769
ce000000
3f295d96
cc00c000
ba2eb1a1
a2900000
392eb9fb
7190c000
0
0
0
0
0
0
0
0
0
0
0
0
0
0
0
0
0
0
0
0
0
0
0
0
0
0
0
0
0
0
