hex
0
0
0
4000
0
8000
3f800000
910000
3f800000
90c000
3f800000
90c000
c4290000
14000
c4290000
10000
c4290000
c000
0
0
0
0
0
0
0
0
0
0
0
0
0
0
0
0
0
0
0
0
bb1f40a2
87004000
0
8000
0
c000
0
10000
0
14000
3f800000
910000
44290000
0
c4290000
c000
bb1f40a2
87000000
3f800000
90c000
44290000
8000
c4290000
14000
bb1f40a2
87008000
3f800000
914000
44290000
4000
c4290000
10000
0
0
0
0
0
0
0
0
0
0
0
0
0
0
0
0
0
0
0
0
0
0
0
0
0
0
0
0
0
0
0
0
