int
0
0
0
0
0
0
0
2188
2115
0
0
0
0
3957
2070
2100
2111
0
0
0
0
0
0
2096
2107
0
0
3953
2066
0
0
2092
2199
0
0
0
0
0
0
2088
2195
2133
2150
3867
0
0
3863
2084
0
3859
0
0
2163
0
0
2080
2129
2146
2159
0
0
2155
0
2056
2207
0
2203
0
2179
0
2125
2052
2142
2167
0
2211
2255
2251
2247
2048
2243
2239
2235
2231
2061
2227
2138
2120
2223
2187
2183
2175
2171
0
3882
2116
0
0
2077
0
0
0
3878
2216
0
0
0
0
0
0
3874
2212
6169
0
0
0
0
0
0
0
2188
2115
0
0
0
0
3957
2070
2100
2111
0
0
0
0
0
0
2096
2107
0
0
3953
2066
0
0
2092
2199
0
0
0
0
0
0
2088
2195
2133
2150
3867
0
0
3863
2084
0
3859
0
0
2163
0
0
2080
2129
2146
2159
0
0
2155
0
2056
2207
0
2203
0
2179
0
2125
2052
2142
2167
0
2211
2255
2251
2247
2048
2243
2239
2235
2231
2061
2227
2138
2120
2223
2187
2183
2175
2171
0
3882
2116
0
0
2077
0
0
0
3878
2216
0
0
0
0
0
0
3874
2212
6169
0
0
0
0
0
0
0
2109
0
0
0
3860
0
2066
3959
2213
0
0
0
0
0
0
0
3856
2105
0
0
2150
3955
0
0
0
2101
0
0
2080
0
0
0
0
2097
2146
2135
0
0
0
0
2056
2093
0
0
0
0
0
0
2142
2121
2131
0
2052
0
0
0
0
2117
0
0
0
0
2138
0
2048
2113
2127
0
0
0
0
2217
0
0
3882
2229
2088
0
0
2225
2063
0
0
2221
0
0
2173
3878
2084
2169
0
0
2165
0
2079
2161
0
2192
2157
3874
0
2153
0
2201
0
2177
2188
2209
2075
2205
2253
2249
2245
2241
2237
2196
2233
2185
2181
3866
0
0
6167
0
0
0
0
0
0
0
2215
0
0
0
3857
0
2064
3958
2107
0
0
0
0
0
0
0
2081
2103
0
0
2148
3954
0
0
0
2099
0
0
2057
0
0
0
0
2095
2144
2134
0
0
0
0
2053
2123
0
0
0
0
0
0
2140
2130
2119
0
2049
0
0
0
0
0
2115
0
0
0
2136
2126
2089
0
2111
0
0
0
2231
0
0
0
3880
2227
2085
2062
0
2223
0
0
2175
0
0
2171
3876
2193
2167
0
0
2078
2163
0
0
2159
0
0
3872
2189
2155
0
2203
0
2179
2074
2211
0
2207
2255
3864
2197
2251
2247
2243
2239
2235
2187
2183
2070
0
2217
7956
0
0
0
0
0
0
0
0
0
2189
0
0
0
0
0
0
0
0
0
2185
0
2148
2066
3959
0
0
0
0
0
2181
0
0
0
0
0
0
0
0
0
2241
0
0
0
2144
2062
3955
0
0
0
2237
0
0
0
0
0
0
0
0
0
2233
0
0
0
0
0
2140
2058
3883
0
2177
0
0
0
0
0
0
0
2213
0
0
0
0
0
0
0
2093
0
2136
2054
3879
0
0
0
2121
0
0
0
0
0
0
0
2117
0
0
0
0
0
0
0
2132
2113
2050
3875
0
0
0
0
0
2109
0
0
0
0
0
0
0
2105
0
0
0
0
2128
0
2090
2101
2079
0
0
0
0
0
0
2097
0
0
3865
0
0
3861
0
0
3857
0
2124
2161
2086
0
2157
2075
0
2153
0
2201
2196
2165
0
2209
0
2205
2253
2249
2245
2229
2192
2225
2221
2173
2169
2082
0
2071
0
0
6312
0
0
0
0
0
0
0
0
0
2189
0
0
0
0
0
0
0
0
0
2185
0
2148
2066
3959
0
0
0
0
0
2181
0
0
0
0
0
0
0
0
0
2241
0
0
0
2144
2062
3955
0
0
0
2237
0
0
0
0
0
0
0
0
0
2233
0
0
0
0
0
2140
2058
3883
0
2177
0
0
0
0
0
0
0
2213
0
0
0
0
0
0
0
2093
0
2136
2054
3879
0
0
0
2121
0
0
0
0
0
0
0
2117
0
0
0
0
0
0
0
2132
2113
2050
3875
0
0
0
0
0
2109
0
0
0
0
0
0
0
2105
0
0
0
0
2128
0
2090
2101
2079
0
0
0
0
0
0
2097
0
0
3865
0
0
3861
0
0
3857
0
2124
2161
2086
0
2157
2075
0
2153
0
2201
2196
2165
0
2209
0
2205
2253
2249
2245
2229
2192
2225
2221
2173
2169
2082
0
2071
0
0
6312
0
0
0
0
0
0
0
0
0
0
2186
0
0
0
0
0
0
0
0
0
0
2242
0
0
0
2060
3957
2143
0
0
0
0
2238
0
0
0
0
0
0
0
0
0
0
2234
0
0
0
0
0
0
0
2056
3953
2139
2198
0
0
0
0
0
0
0
0
0
2182
0
0
0
0
0
0
0
0
0
2194
0
0
2052
3881
2135
0
0
2118
0
0
0
0
0
0
0
2114
0
0
0
0
0
0
0
2110
0
0
0
0
2048
3877
2131
2106
0
0
0
0
0
0
0
2102
0
0
0
0
0
0
0
2098
0
0
0
0
0
0
2088
3873
2218
2127
0
0
0
0
0
0
2214
0
0
0
0
0
0
0
2094
0
0
0
0
0
0
0
2084
3865
2122
2079
0
0
2230
0
0
0
2226
0
0
0
2222
0
0
2174
0
0
2170
0
0
2166
0
0
2080
3861
2162
2075
0
2158
0
0
2154
0
2210
0
2206
0
2202
2254
2250
2246
0
0
0
0
0
0
0
0
2148
3857
0
2071
0
0
0
0
0
0
0
0
0
0
2179
0
0
0
0
0
0
0
0
0
0
2191
2144
6161
0
0
0
0
0
0
0
0
0
0
0
0
2187
0
0
0
0
0
0
0
0
0
0
0
0
2140
2061
3958
2183
0
0
0
0
0
0
0
0
0
0
0
0
2239
0
0
0
0
0
0
0
0
0
2136
2057
3954
2235
0
0
0
0
0
0
0
0
0
0
0
0
2179
0
0
0
0
0
0
0
0
0
2132
2053
3882
2199
0
0
0
0
0
0
0
0
0
0
0
0
2195
0
0
0
0
0
0
0
0
0
2128
2049
3878
2243
0
0
0
0
0
0
0
2119
0
0
0
0
0
0
0
2115
0
0
0
0
0
0
2124
2089
3874
2111
0
0
0
0
0
0
0
2107
0
0
0
0
0
0
0
2103
0
0
0
0
0
0
2076
2085
3866
2099
0
0
0
0
0
0
0
2215
0
0
0
0
0
0
0
2095
0
0
0
0
0
0
2072
2081
3862
2123
0
0
0
2231
0
0
0
2227
0
0
0
2223
0
0
2175
0
0
2171
0
0
2167
0
2068
2149
3858
2163
0
0
2159
0
0
2155
0
2211
0
2216
2207
0
2203
2255
2251
2247
0
0
0
0
0
0
2188
2145
6162
0
0
0
0
0
0
0
0
0
0
2199
0
0
2073
0
2104
2054
0
0
0
0
2195
0
0
0
0
0
2069
0
0
0
2100
2050
2219
0
0
0
0
0
0
0
2065
0
0
2255
0
0
3880
2058
0
0
0
0
0
0
2061
2251
0
0
0
0
0
0
3876
2122
0
0
2247
0
2149
0
0
0
0
0
0
0
0
2191
3872
2118
0
0
2145
0
0
0
0
0
2211
0
0
0
0
0
2096
2114
2141
0
0
2207
0
0
0
0
0
0
0
0
0
0
2092
2137
2110
2203
0
0
0
0
0
0
0
2215
0
0
3867
2133
2088
3958
3863
0
0
3859
0
0
2163
0
0
2159
0
2129
2155
3954
2084
2179
0
2167
2243
2239
2235
2231
2227
2223
2187
2125
2183
2078
2175
2171
6176
0
0
0
0
0
0
0
0
0
0
2199
0
0
2073
0
2104
2054
0
0
0
0
2195
0
0
0
0
0
2069
0
0
0
2100
2050
2219
0
0
0
0
0
0
0
2065
0
0
2255
0
0
3880
2058
0
0
0
0
0
0
2061
2251
0
0
0
0
0
0
3876
2122
0
0
2247
0
2149
0
0
0
0
0
0
0
0
2191
3872
2118
0
0
2145
0
0
0
0
0
2211
0
0
0
0
0
2096
2114
2141
0
0
2207
0
0
0
0
0
0
0
0
0
0
2092
2137
2110
2203
0
0
0
0
0
0
0
2215
0
0
3867
2133
2088
3958
3863
0
0
3859
0
0
2163
0
0
2159
0
2129
2155
3954
2084
2179
0
2167
2243
2239
2235
2231
2227
2223
2187
2125
2183
2078
2175
2171
6176
0
0
0
0
0
0
0
0
0
0
0
2255
0
3958
0
0
0
0
0
2052
2093
0
0
2251
0
0
0
3954
0
0
0
0
0
0
0
2247
0
0
0
2048
2089
2066
0
0
0
0
0
2211
0
0
0
0
0
0
0
2062
0
0
0
2056
3881
2191
0
0
0
0
0
0
0
2150
0
0
0
2203
0
0
0
0
0
2120
3877
0
0
2146
0
2199
0
0
0
0
0
0
0
0
0
0
2207
2142
0
2116
3873
0
0
0
0
0
0
2195
0
0
0
2138
0
0
0
0
0
2219
0
2112
3865
0
0
0
0
2134
2215
0
0
0
2231
0
0
0
2227
0
0
0
2223
2108
3861
2130
2175
0
0
2171
0
0
2167
0
0
2163
0
0
2159
2126
0
2155
0
2104
3857
2179
2243
2239
2235
2187
2183
0
0
2078
0
0
0
0
0
0
0
0
0
2100
2085
0
0
2074
0
0
0
0
0
0
0
0
0
0
0
0
0
2070
0
2096
6177
0
0
0
0
0
0
0
0
0
0
0
0
0
3958
2207
0
0
0
0
2052
2093
0
0
0
0
0
0
3954
2143
0
0
0
0
0
0
0
0
0
0
2048
2089
2254
2199
0
0
0
0
0
0
0
0
0
0
0
0
2250
2195
0
0
2056
3881
0
0
0
0
0
0
0
0
2246
2191
0
0
0
0
0
0
0
0
2120
3877
0
0
2126
2139
0
0
0
0
0
0
0
0
0
0
0
0
2078
2135
2116
3873
0
0
0
0
0
0
0
0
0
0
2074
2131
0
0
0
0
0
0
2112
3865
0
0
0
0
2070
2219
0
0
0
0
0
0
0
0
0
0
0
0
2108
3861
2066
2203
0
0
0
0
0
0
0
2215
0
0
0
2231
2062
0
0
2227
2104
3857
0
2223
0
0
2175
0
0
2171
2150
0
2167
0
0
2163
0
0
2159
0
2100
2085
2155
0
2146
2179
2243
2239
2235
2187
2183
0
0
0
0
0
0
0
2210
0
2096
6177
0
0
0
0
0
0
0
0
0
0
0
0
0
0
0
0
0
0
0
0
0
0
0
0
0
0
0
0
0
2100
2141
3958
2063
0
0
0
0
0
0
0
0
0
0
0
0
2203
0
0
0
0
0
0
0
0
0
0
0
0
2199
2096
2137
3954
0
0
0
0
0
0
0
0
0
2195
0
0
0
0
0
0
0
0
0
0
0
0
2255
0
0
0
0
2092
2133
3882
0
0
0
0
0
2251
0
0
0
0
0
0
0
0
0
0
0
0
2247
0
0
0
0
0
0
0
0
2088
2129
3878
0
2243
0
0
0
0
0
0
0
0
0
0
0
0
2239
0
0
0
0
0
0
0
0
0
0
0
0
2084
2125
3874
2235
0
0
0
0
0
0
0
0
0
0
0
0
2191
0
0
0
0
0
0
0
0
0
0
0
0
2187
2080
2121
2058
0
0
0
0
0
0
0
0
0
2183
0
0
0
0
0
0
0
0
0
0
0
0
2219
0
0
0
0
2076
2117
2054
0
0
0
0
0
2179
0
0
0
0
0
0
0
0
0
0
0
0
2211
0
0
0
0
0
0
0
0
2072
2113
2050
0
2207
0
0
0
0
0
0
0
2215
0
0
3867
0
0
3863
0
0
3859
0
0
2163
0
0
2159
0
0
2068
2109
2150
2155
0
2167
2231
2227
2223
2175
2171
0
0
0
0
0
0
0
0
0
0
0
0
0
0
0
0
0
0
0
2064
2105
6242
0
0
0
0
0
0
0
0
0
0
0
0
0
0
0
0
0
0
0
0
0
0
0
0
0
0
0
0
0
2100
2141
3958
2063
0
0
0
0
0
0
0
0
0
0
0
0
2199
0
0
0
0
0
0
0
0
0
0
0
0
2195
2096
2137
3954
0
0
0
0
0
0
0
0
0
2183
0
0
0
0
0
0
0
0
0
0
0
0
2211
0
0
0
0
2092
2133
3882
0
0
0
0
0
2251
0
0
0
0
0
0
0
0
0
0
0
0
2247
0
0
0
0
0
0
0
0
2088
2129
3878
0
2243
0
0
0
0
0
0
0
0
0
0
0
0
2239
0
0
0
0
0
0
0
0
0
0
0
0
2084
2125
3874
2235
0
0
0
0
0
0
0
0
0
0
0
0
2187
0
0
0
0
0
0
0
0
0
0
0
0
2203
2080
2121
2058
0
0
0
0
0
0
0
0
2179
0
0
0
0
0
0
0
0
0
0
0
2219
0
0
0
0
0
0
2076
2117
2054
0
0
2191
0
0
0
0
0
0
0
0
0
2207
0
0
0
0
0
0
0
0
0
2255
0
0
0
0
2072
2113
2050
2215
0
0
3867
0
0
3863
0
0
3859
0
0
2163
0
0
2159
0
0
2155
0
2167
2231
2227
2223
2175
2171
0
2068
2109
2150
0
0
0
0
0
0
0
0
0
0
0
0
0
0
0
0
0
0
0
0
0
0
0
0
0
0
0
2064
2105
6242
0
0
0
0
0
0
0
0
0
0
0
0
0
0
0
0
0
0
0
0
0
0
0
0
0
0
0
0
0
0
0
0
0
2092
2137
3958
2051
0
0
0
0
0
0
0
0
0
0
0
0
0
2255
0
0
0
0
0
0
0
0
0
0
0
0
0
2251
0
0
2088
2133
3954
0
0
0
0
0
0
0
0
2247
0
0
0
0
0
0
0
0
0
0
0
0
0
2243
0
0
0
0
0
0
0
0
2084
2129
3882
0
0
2239
0
0
0
0
0
0
0
0
0
0
0
0
0
2235
0
0
0
0
0
0
0
0
0
0
0
0
0
2199
2080
2125
3878
0
0
0
0
0
0
0
0
0
0
2179
0
0
0
0
0
0
0
0
0
0
0
0
0
2191
0
0
0
0
0
0
2076
2121
3874
0
0
0
0
2219
0
0
0
0
0
0
0
0
0
0
0
0
0
2187
0
0
0
0
0
0
0
0
0
0
0
0
2072
2117
3866
2183
0
0
0
0
0
0
0
0
0
0
0
0
0
2207
0
0
0
0
0
0
0
0
0
0
0
0
0
2203
0
0
2068
2113
3862
0
0
0
0
0
0
2211
0
0
0
0
0
0
0
0
0
0
0
2195
0
0
0
0
0
0
0
2215
0
0
0
2231
2064
2109
3858
2227
0
0
0
2223
0
0
2175
0
0
2171
0
0
2167
0
0
2163
0
0
2159
0
0
2155
0
0
0
0
0
0
0
0
2060
2105
2150
0
0
0
0
0
0
0
0
0
0
0
0
0
0
0
0
0
0
0
0
0
0
0
0
0
0
0
0
0
0
0
2056
2101
2146
0
0
0
0
0
0
0
0
0
0
0
0
0
0
0
0
0
0
0
0
0
0
0
0
0
0
0
0
0
0
0
2052
2097
6238
0
0
0
0
0
0
0
0
0
0
0
0
0
0
0
0
0
0
0
0
0
0
0
0
0
0
0
0
0
0
0
0
0
2092
2137
3958
2051
0
0
0
0
0
0
0
0
0
0
0
0
0
2255
0
0
0
0
0
0
0
0
0
0
0
0
0
2207
0
0
2088
2133
3954
0
0
0
0
0
0
0
0
2247
0
0
0
0
0
0
0
0
0
0
0
0
0
2243
0
0
0
0
0
0
0
0
2084
2129
3882
0
0
2239
0
0
0
0
0
0
0
0
0
0
0
0
0
2235
0
0
0
0
0
0
0
0
0
0
0
0
0
2203
2080
2125
3878
0
0
0
0
0
0
0
0
0
0
2199
0
0
0
0
0
0
0
0
0
0
0
0
0
2195
0
0
0
0
0
0
2076
2121
3874
0
0
0
0
2183
0
0
0
0
0
0
0
0
0
0
0
0
0
2187
0
0
0
0
0
0
0
0
0
0
0
0
2072
2117
3866
2211
0
0
0
0
0
0
0
0
0
0
0
0
2191
0
0
0
0
0
0
0
0
0
0
0
0
2219
0
0
0
0
2068
2113
3862
0
0
0
0
0
2179
0
0
0
0
0
0
0
0
0
0
0
2251
0
0
0
0
0
0
0
2215
0
0
0
2231
0
2064
2109
3858
2227
0
0
0
2223
0
0
2175
0
0
2171
0
0
2167
0
0
2163
0
0
2159
0
0
2155
0
0
0
0
0
0
0
0
2060
2105
2150
0
0
0
0
0
0
0
0
0
0
0
0
0
0
0
0
0
0
0
0
0
0
0
0
0
0
0
0
0
0
0
2056
2101
2146
0
0
0
0
0
0
0
0
0
0
0
0
0
0
0
0
0
0
0
0
0
0
0
0
0
0
0
0
0
0
0
2052
2097
6238
0
0
0
0
0
0
0
0
0
0
0
0
0
0
0
0
0
0
0
0
0
0
0
0
0
0
0
0
0
0
0
0
0
0
0
0
0
0
0
0
0
0
0
0
0
0
0
0
0
0
0
0
0
0
0
0
0
0
0
0
0
0
0
0
0
0
0
0
0
0
0
0
0
0
0
0
0
0
0
0
0
0
0
0
0
0
0
0
0
0
0
0
0
0
0
0
0
0
0
0
0
0
0
0
0
0
0
0
0
0
0
0
0
0
0
0
0
0
0
0
0
0
0
0
0
0
0
0
0
0
0
0
0
0
0
0
0
0
0
0
0
0
0
0
0
0
0
0
0
0
0
0
0
0
0
0
0
0
0
0
0
0
0
0
0
0
0
0
0
0
0
0
0
0
0
0
0
0
0
0
0
0
0
0
0
0
0
0
0
0
0
0
0
0
0
0
0
0
0
0
0
0
0
0
0
0
0
0
0
0
0
0
0
0
0
0
0
0
0
0
0
0
0
0
0
0
0
0
0
0
0
0
0
0
0
0
0
0
0
0
0
0
0
0
0
0
0
0
0
0
0
0
0
0
0
0
0
0
0
0
0
0
0
0
0
0
0
0
0
0
0
0
0
0
0
0
0
0
0
0
0
0
0
0
0
0
0
0
0
0
0
0
0
0
0
0
0
0
0
0
0
0
0
0
0
0
0
0
0
0
0
0
0
0
0
0
0
0
0
0
0
0
0
0
0
0
0
0
0
0
0
0
0
0
0
0
0
0
0
0
0
0
0
0
0
0
0
0
0
0
0
0
0
0
0
0
0
0
0
0
0
0
0
0
0
0
0
0
0
0
0
0
0
0
0
0
0
0
0
0
0
0
0
0
0
0
0
0
0
0
0
0
0
0
0
0
0
0
0
0
0
0
0
0
0
0
0
0
0
0
0
0
0
0
0
0
0
0
0
0
0
0
0
0
0
0
0
0
0
0
0
0
0
0
0
0
0
0
0
0
0
0
0
0
0
0
0
0
0
0
0
0
0
0
0
0
0
0
0
0
0
0
0
0
0
0
0
0
0
0
0
0
0
0
0
0
0
0
0
0
0
0
0
0
0
0
0
0
0
0
0
0
0
0
0
0
0
0
0
0
0
0
0
0
0
0
0
0
0
0
0
0
0
0
0
0
0
0
0
0
0
0
0
0
0
0
0
0
0
0
0
0
0
0
0
0
0
0
0
0
0
0
0
0
0
0
0
0
0
0
0
0
0
0
0
0
0
0
0
0
0
0
0
0
0
0
0
0
0
0
0
0
0
0
0
0
0
0
0
0
0
0
0
0
0
0
0
0
0
0
0
0
0
0
0
0
0
0
0
0
0
0
0
0
0
0
0
0
0
0
0
0
0
0
0
0
0
0
0
0
0
0
0
0
0
0
0
0
0
0
0
0
0
0
0
0
0
0
0
0
0
0
0
0
0
0
0
0
0
0
0
0
0
0
0
0
0
0
0
0
0
0
0
0
0
0
0
0
0
0
0
0
0
0
0
0
0
0
0
0
0
0
0
0
0
0
0
0
0
0
0
0
0
