int
0
0
0
0
0
0
0
2082
0
0
0
0
0
2052
3849
2078
3931
0
0
0
0
0
0
2106
0
0
0
2048
3845
0
3927
2102
0
0
0
0
0
0
2142
2172
0
0
3841
0
2206
3923
0
2176
0
2166
0
0
0
0
2162
2132
2057
0
2130
3915
0
0
2170
2096
2114
0
2110
0
2182
0
2073
2092
2126
3911
2122
0
2118
2218
2214
2088
2210
2202
2198
2194
2069
2190
2186
2084
2158
2154
2150
2146
2138
2066
2062
8003
0
0
0
0
0
0
0
2082
0
0
0
0
0
2052
3849
2078
3931
0
0
0
0
0
0
2106
0
0
0
2048
3845
0
3927
2102
0
0
0
0
0
0
2142
0
2172
0
3841
0
2206
3923
0
0
2176
2166
0
0
0
0
2162
0
2132
2057
2130
3915
0
0
2170
0
2096
2114
0
2110
0
2182
0
2073
2092
2126
3911
2122
0
2118
2218
2214
2088
2210
2202
2198
2194
2069
2190
2186
2084
2158
2154
2150
2146
2138
2066
2062
8003
0
0
0
0
0
0
0
0
0
0
0
0
0
0
0
0
2118
0
0
0
0
3840
3929
2087
0
0
0
0
0
0
0
0
0
2114
0
0
0
0
0
0
0
0
0
2048
3925
2083
0
0
0
0
2174
0
0
0
0
0
0
0
0
0
0
0
0
0
0
2056
3921
2110
2079
0
0
0
0
0
0
0
0
0
0
0
0
0
0
0
2194
0
0
2104
3913
0
2075
0
2134
0
0
0
0
0
0
0
2178
0
0
0
0
0
0
2142
0
2100
3909
0
2071
2206
0
0
0
0
2162
0
0
0
0
2166
0
0
0
2170
0
0
0
2096
3905
2130
2055
2122
0
2126
0
2182
2218
2214
2210
2202
2198
2158
2154
2150
2146
2138
2066
2062
2191
2092
3849
0
0
0
0
0
0
0
0
0
0
0
0
0
0
2187
0
0
0
0
0
2088
7941
0
0
0
0
0
0
0
0
0
0
0
0
0
0
0
0
2174
0
0
0
0
3840
3929
2087
0
0
0
0
0
0
0
0
0
2186
0
0
0
0
0
0
0
0
0
2048
3925
2083
0
0
0
0
2110
0
0
0
0
0
0
0
0
0
0
0
0
0
0
2056
3921
2190
2079
0
0
0
0
0
0
0
0
0
0
0
0
0
2114
0
0
0
0
2104
3913
0
2134
2075
0
0
0
0
0
0
2178
0
0
0
0
0
0
2142
0
0
0
2100
3909
2206
0
2071
0
0
2162
0
0
0
0
2166
0
0
0
2170
0
0
0
2130
0
2096
3905
2122
0
2126
2055
2182
2218
2214
2210
2202
2198
2158
2154
2150
2146
2138
2066
2062
0
0
0
2092
3849
2119
0
0
0
0
0
0
0
0
0
0
0
0
0
0
0
0
2195
0
0
2088
7941
0
0
0
0
0
0
2167
0
0
0
0
2173
0
3844
3930
2163
0
0
0
2177
0
2171
0
0
0
0
0
3840
2105
3926
2135
0
0
0
0
0
2101
2131
0
0
0
2056
0
3922
2097
2207
0
0
0
0
0
2203
2093
0
0
2072
0
3914
2127
0
2197
0
0
0
2123
0
0
0
2089
2068
2143
3910
0
0
0
0
2085
2139
0
2119
0
2115
0
2052
2081
3906
2183
0
2111
2219
2215
2211
2077
2195
2191
2187
2159
2048
2155
3850
2151
2147
2067
6159
0
0
0
0
0
0
2167
0
0
0
0
0
2172
3845
3930
2163
0
0
0
0
2176
2171
0
0
0
0
0
3841
2104
3926
2135
0
0
0
0
0
2100
2131
0
0
0
2057
0
3922
2096
2207
0
0
0
0
0
2203
2092
0
0
2073
0
3914
2127
0
2196
0
0
0
2123
0
0
0
2088
2069
2143
3910
0
0
0
0
2084
2139
0
2119
0
2115
0
2053
2080
3906
2183
0
2111
2219
2215
2211
2076
2195
2191
2187
2159
2049
2155
3850
2151
2147
2067
6159
0
0
0
0
0
0
0
0
0
0
0
0
0
0
0
0
2116
0
0
0
0
2085
3842
3931
0
0
0
0
0
0
0
0
0
2112
0
0
0
0
0
0
0
0
0
2081
2050
3927
0
0
0
0
2172
0
0
0
0
0
0
0
0
0
0
0
0
0
0
2077
2058
2108
3923
0
0
0
0
0
0
0
0
0
0
0
0
0
0
0
2192
0
0
2073
2106
0
3915
0
2176
0
0
0
0
0
0
0
2196
0
0
0
0
0
0
2160
0
2069
2102
0
3911
0
2164
0
0
0
0
0
2124
0
0
0
0
0
2120
0
0
0
0
2053
2140
2098
3907
0
0
0
2204
0
0
0
0
0
2200
0
0
0
2189
0
2136
0
0
0
0
2094
2168
3851
0
0
0
0
2132
0
0
2185
0
0
2128
0
2180
2216
2212
2208
2156
2152
2148
2144
2064
2060
2090
7943
0
0
0
0
0
0
0
0
0
0
0
0
0
0
0
0
2188
0
0
0
0
3841
3930
2087
0
0
0
0
0
0
0
0
0
2184
0
0
0
0
0
0
0
0
0
2049
3926
2083
0
0
0
0
2108
0
0
0
0
0
0
0
0
0
0
0
0
0
0
2057
2172
3922
2079
0
0
0
0
0
0
0
0
0
0
0
0
2116
0
0
0
0
0
2105
0
2176
3914
2075
0
0
0
0
0
2196
0
0
0
0
0
0
2160
0
0
0
0
2101
0
2164
3910
2071
0
0
0
2124
0
0
0
0
0
2120
0
0
0
0
0
2140
0
2097
0
0
3906
2204
2055
0
0
0
0
2200
0
0
0
0
0
2136
0
0
0
0
0
2168
2093
2115
3850
0
0
2132
0
0
0
0
0
2128
0
2180
2216
2212
2208
2156
2152
2148
2144
2064
2060
2089
3846
6291
0
0
0
0
0
0
0
2090
2164
0
0
0
0
3913
0
2086
3911
2160
0
0
0
0
0
2082
0
0
2156
3849
0
0
2062
0
0
3907
0
2152
0
2066
0
0
0
2057
0
0
2148
2142
0
0
0
0
3843
2170
0
2144
0
2073
0
2206
0
0
0
2176
2130
0
0
0
2122
3847
0
2076
2069
2126
0
2110
0
2118
0
2104
2210
0
2114
3931
2182
2218
2053
2100
2214
2202
2198
2194
2190
2186
2138
2132
0
3927
0
0
2049
0
0
2096
0
0
0
0
0
0
0
2092
2173
8019
0
0
0
0
0
0
0
2090
2164
0
0
0
0
3913
0
2086
3911
2160
0
0
0
0
0
2082
0
0
2156
3849
0
0
2062
0
0
3907
0
2152
0
2066
0
0
0
2057
0
0
2148
2142
0
0
0
0
3843
2170
0
2144
0
2073
0
2206
0
0
0
2176
2130
0
0
0
2122
3847
0
2076
2069
2126
0
2110
0
2118
0
2104
2210
0
2114
3931
2182
2218
2053
2100
2214
2202
2198
2194
2190
2186
2138
2132
0
3927
0
0
2049
0
0
2096
0
0
0
0
0
0
0
2092
3923
6269
0
0
0
0
0
0
0
0
0
0
0
0
0
0
0
0
2108
0
0
0
0
2085
3850
0
3911
0
0
0
0
0
0
0
0
2116
0
0
0
0
0
0
0
0
0
2081
2050
0
0
0
0
3907
2112
0
0
0
0
0
0
0
0
0
0
0
0
0
0
2172
2077
2058
0
0
0
0
0
0
2152
3843
0
0
0
0
0
0
0
2148
0
0
0
0
2073
2106
0
0
2144
0
0
0
0
0
0
0
3847
2164
0
0
0
0
0
0
0
0
2160
2069
2102
0
0
0
0
0
0
2156
0
0
3931
0
0
0
0
2132
0
0
0
0
0
2053
2098
2176
0
0
0
0
0
0
2064
0
3927
0
0
0
0
2060
2193
0
0
0
0
0
2140
2094
0
0
0
0
2168
0
0
0
3923
2189
2204
0
0
0
0
2128
0
0
0
2120
0
2090
2124
0
2208
0
2180
2216
2212
2200
2196
2136
2185
8011
0
0
0
0
0
0
0
0
0
0
0
0
0
0
0
0
2112
0
0
0
0
2085
3850
0
3911
0
0
0
0
0
0
0
0
2108
0
0
0
0
0
0
0
0
0
2081
2050
0
0
0
0
3907
2172
0
0
0
0
0
0
0
0
0
0
0
0
0
0
2116
2077
2058
0
0
0
0
0
0
2152
3843
0
0
0
0
0
0
0
2148
0
0
0
0
2073
2106
0
0
2144
0
0
0
0
0
0
0
3847
2164
0
0
0
0
0
0
0
0
2160
2069
2102
0
0
0
0
0
0
2156
0
0
3931
0
0
0
0
2132
0
0
0
0
0
2053
2098
2176
0
0
0
0
0
0
2064
0
3927
0
0
0
0
2060
2193
0
0
0
0
0
2140
2094
0
0
0
0
2168
0
0
0
3923
2189
2204
0
0
0
0
2128
0
0
0
2120
0
2090
2124
0
2208
0
2180
2216
2212
2200
2196
2136
2185
8011
0
0
0
0
0
0
0
2076
0
0
0
0
0
0
0
2104
0
0
2057
3846
3931
0
0
2204
0
0
0
0
0
0
0
2200
0
0
0
0
0
2053
3842
2100
3927
0
0
0
0
0
0
2096
0
2173
0
0
0
0
0
2092
0
2050
0
3923
2165
0
0
2088
0
0
0
0
0
0
0
2176
2161
0
0
0
2074
0
3915
2168
0
0
0
2157
0
0
0
2140
0
0
0
0
0
0
2153
2136
2070
3911
0
0
0
0
0
2132
0
2149
0
0
0
0
0
2128
0
0
0
2066
2145
3907
0
2124
0
0
0
0
0
0
2197
2120
0
0
0
0
0
0
2081
2084
2062
2108
3851
2180
0
2208
0
2116
0
2112
2216
2212
2192
2188
6280
0
0
0
0
0
0
0
2076
0
0
0
0
0
0
0
2104
0
0
2057
3846
3931
0
0
2204
0
0
0
0
0
0
0
2200
0
0
0
0
0
2053
3842
2100
3927
0
0
0
0
0
0
2096
0
0
2173
0
0
0
0
2092
0
2050
0
3923
0
2165
0
2088
0
0
0
0
0
0
0
2176
2161
0
0
0
2074
0
3915
2168
0
0
0
2157
0
0
0
2140
0
0
0
0
0
0
2153
2136
2070
3911
0
0
0
0
0
2132
0
2149
0
0
0
0
0
2128
0
0
0
2066
2145
3907
0
2124
0
0
0
0
0
0
2197
2120
0
0
0
0
0
0
2081
2084
2062
2108
3851
2180
0
2208
0
2116
0
2112
2216
2212
2192
2188
6280
0
0
0
0
0
0
0
0
0
0
0
0
0
0
0
0
2174
0
0
0
0
0
0
0
0
0
2096
3929
2063
0
0
0
0
2110
0
0
0
0
0
0
0
0
0
0
0
0
0
0
0
0
2194
0
0
2092
3925
2059
0
0
0
0
0
2154
0
0
0
0
0
0
0
0
0
0
2150
0
0
0
0
0
0
0
2088
3921
2055
2146
0
0
0
0
0
0
0
0
0
0
2166
0
0
0
0
0
0
0
0
0
0
2162
0
2084
3913
2051
0
0
0
0
0
0
2158
0
0
0
0
0
0
0
0
0
2198
0
0
0
0
0
0
0
2080
3909
2134
2107
0
0
0
0
0
0
2130
0
0
0
0
0
0
0
2126
0
0
0
0
0
0
0
2206
2076
3905
0
2103
0
0
0
2202
0
0
0
0
0
0
0
2122
0
0
0
0
2191
0
0
2178
0
0
0
2072
3849
0
0
2170
0
0
0
0
0
2187
0
2142
0
0
0
0
0
0
0
2138
0
2210
0
2182
2218
2214
2068
3845
2119
0
0
0
0
0
0
0
0
0
0
0
0
0
0
0
0
2115
0
0
0
0
0
0
0
2064
7937
0
0
0
0
0
0
0
0
0
0
0
0
0
0
0
0
2110
0
0
0
0
0
0
0
0
0
2096
3929
2063
0
0
2190
0
0
0
0
0
0
0
0
0
0
0
0
0
0
2114
0
0
0
0
0
0
2092
3925
2059
0
2154
0
0
0
0
0
0
0
0
0
0
2150
0
0
0
0
0
0
0
0
0
0
2146
2088
3921
2055
0
0
0
0
0
0
0
2166
0
0
0
0
0
0
0
0
0
0
2162
0
0
0
0
0
2084
3913
2051
0
0
2158
0
0
0
0
0
0
0
0
0
2198
0
0
0
0
0
0
0
2134
0
0
0
2080
3909
2107
0
2130
0
0
0
0
0
0
0
2126
0
0
0
0
0
0
0
2206
0
0
0
0
0
0
2076
3905
2202
2103
0
0
0
0
0
0
2122
0
0
0
0
0
0
0
2178
0
2119
0
0
0
0
0
2170
2072
3849
0
0
0
0
0
2142
0
0
2195
0
0
0
0
2138
0
2210
0
2182
2218
2214
0
0
0
0
0
2068
3845
2175
0
0
0
0
0
0
0
0
0
0
0
0
0
0
0
0
2187
0
0
0
0
0
0
0
2064
7937
0
0
0
0
0
0
0
0
0
0
0
0
0
0
0
0
0
0
0
0
0
0
0
0
0
0
0
0
0
0
0
0
0
0
0
0
0
0
0
0
0
0
0
0
0
0
0
0
0
0
0
0
0
0
0
0
0
0
0
0
0
0
0
0
0
0
0
0
0
0
0
0
0
0
0
0
0
0
0
0
0
0
0
0
0
0
0
0
0
0
0
0
0
0
0
0
0
0
0
0
0
0
0
0
0
0
0
0
0
0
0
0
0
0
0
0
0
0
0
0
0
0
0
0
0
0
0
0
0
0
0
0
0
0
0
0
0
0
0
0
0
0
0
0
0
0
0
0
0
0
0
0
0
0
0
0
0
0
0
0
0
0
0
0
0
0
0
0
0
0
0
0
0
0
0
0
0
0
0
0
0
0
0
0
0
0
0
0
0
0
0
0
0
0
0
0
0
0
0
0
0
0
0
0
0
0
0
0
0
0
0
0
0
0
0
0
0
0
0
0
0
0
0
0
0
0
0
0
0
0
0
0
0
0
0
0
0
0
0
0
0
0
0
0
0
0
0
0
0
0
0
0
0
0
0
0
0
0
0
0
0
0
0
0
0
0
0
0
0
0
0
0
0
0
0
0
0
0
0
0
0
0
0
0
0
0
0
0
0
0
0
0
0
0
0
0
0
0
0
0
0
0
0
0
0
0
0
0
0
0
0
0
0
0
0
0
0
0
0
0
0
0
0
0
0
0
0
0
0
0
0
0
0
0
0
0
0
0
0
0
0
0
0
0
0
0
0
0
0
0
0
0
0
0
0
0
0
0
0
0
0
0
0
0
0
0
0
0
0
0
0
0
0
0
0
0
0
0
0
0
0
0
0
0
0
0
0
0
0
0
0
0
0
0
0
0
0
0
0
0
0
0
0
0
0
0
0
0
0
0
0
0
0
0
0
0
0
0
0
0
0
0
0
0
0
0
0
0
0
0
0
0
0
0
0
0
0
0
0
0
0
0
0
0
0
0
0
0
0
0
0
0
0
0
0
0
0
0
0
0
0
0
0
0
0
0
0
0
0
0
0
0
0
0
0
0
0
0
0
0
0
0
0
0
0
0
0
0
0
0
0
0
0
0
0
0
0
0
0
0
0
0
0
0
0
0
0
0
0
0
0
0
0
0
0
0
0
0
0
0
0
0
0
0
0
0
0
0
0
0
0
0
0
0
0
0
0
0
0
0
0
0
0
0
0
0
0
0
0
0
0
0
0
0
0
0
0
0
0
0
0
0
0
0
0
0
0
0
0
0
0
0
0
0
0
0
0
0
0
0
0
0
0
0
0
0
0
0
0
0
0
0
0
0
0
0
0
0
0
0
0
0
0
0
0
0
0
0
0
0
0
0
0
0
0
0
0
0
0
0
0
0
0
0
0
0
0
0
0
0
0
0
0
0
0
0
0
0
0
0
0
0
0
0
0
0
0
0
0
0
0
0
0
0
0
0
0
0
0
0
0
0
0
0
0
0
0
0
0
0
0
0
0
0
0
0
0
0
0
0
0
0
0
0
0
0
0
0
0
0
0
0
0
0
0
0
0
0
0
0
0
0
0
0
0
0
0
0
0
0
0
0
0
0
0
0
0
0
0
0
0
0
0
0
0
0
0
0
0
0
0
0
0
0
0
0
0
0
0
0
0
0
0
0
0
0
0
0
0
0
0
0
0
0
0
0
0
0
0
0
0
0
0
0
0
0
0
0
0
0
0
0
0
0
0
0
0
0
0
0
0
0
0
0
0
0
0
0
0
0
0
0
0
0
0
0
0
0
0
0
0
0
0
0
0
0
0
0
0
0
0
0
0
0
0
0
0
0
0
0
0
0
0
0
0
0
0
0
0
0
0
0
0
0
0
0
0
0
0
0
0
0
0
0
0
0
0
0
0
0
0
0
0
0
0
0
0
0
0
0
0
0
0
0
0
0
0
0
0
0
0
0
0
0
0
0
0
0
0
0
0
0
0
0
0
0
0
0
0
0
0
0
0
0
0
0
0
0
0
0
0
0
0
0
0
0
0
0
0
0
0
0
0
0
0
0
0
0
0
0
0
0
0
0
0
0
0
0
0
0
0
0
0
0
0
0
0
0
0
0
0
0
0
0
0
0
0
0
0
0
0
0
0
0
0
0
0
0
0
0
0
0
0
0
0
0
0
0
0
0
0
0
0
0
0
0
0
0
0
0
0
0
0
0
0
0
0
0
0
0
0
0
0
0
0
0
0
0
0
0
0
0
0
0
0
0
0
0
0
0
0
0
0
0
0
0
0
0
0
0
0
0
0
0
0
0
0
0
0
0
0
0
0
0
0
0
0
0
0
0
0
0
0
0
0
0
0
0
0
0
0
0
0
0
0
0
0
0
0
0
0
0
0
0
0
0
0
0
0
0
0
0
0
0
0
0
0
0
0
0
0
0
0
0
0
0
0
0
0
0
0
0
0
0
0
0
0
0
0
0
0
0
0
0
0
0
0
0
0
0
0
0
0
0
0
0
0
0
0
0
0
0
0
0
0
0
0
0
0
0
0
0
0
0
0
0
0
0
0
0
0
0
0
0
0
0
0
0
0
0
0
0
0
0
0
0
0
0
0
0
0
0
0
0
0
0
0
0
0
0
0
0
0
0
0
0
0
0
0
0
0
0
0
0
0
0
0
0
0
0
0
0
0
0
0
0
0
0
0
0
0
0
0
0
0
0
0
0
0
0
0
0
0
0
0
0
0
0
0
0
0
0
0
0
0
0
0
0
0
0
0
0
0
0
0
0
0
0
0
0
0
0
0
0
0
0
0
0
0
0
0
0
0
0
0
0
0
0
0
0
0
0
0
0
0
0
0
0
0
0
0
0
0
0
0
0
0
0
0
0
0
0
0
0
0
0
0
0
0
0
0
0
0
0
0
0
0
0
0
0
0
0
0
0
0
0
0
0
0
0
0
0
0
0
0
0
0
0
0
0
0
0
0
0
0
0
0
0
0
0
0
0
0
0
0
0
0
0
0
0
0
0
0
0
0
0
0
0
0
0
0
0
0
0
0
0
0
0
0
0
0
0
0
0
0
0
0
0
0
0
0
0
0
0
0
0
0
0
0
0
0
0
0
0
0
0
0
0
0
0
0
0
0
0
0
0
0
0
0
0
0
0
0
0
0
0
0
0
0
0
0
0
0
0
0
0
0
0
0
0
0
0
0
0
0
0
0
0
0
0
0
0
0
0
0
0
0
0
0
0
0
0
0
0
0
0
0
0
0
0
0
0
0
0
0
0
0
0
0
0
0
0
0
0
0
0
0
0
0
0
0
0
0
0
0
0
0
0
0
0
0
0
0
0
0
0
0
0
0
0
0
0
0
0
0
0
0
0
0
0
0
0
0
0
0
0
0
0
0
0
0
0
0
0
0
0
0
0
0
0
0
0
0
0
0
0
0
0
0
0
0
0
0
0
0
0
0
0
0
0
0
0
0
0
0
0
0
0
0
0
0
0
0
0
0
0
0
0
0
0
0
0
0
0
0
0
0
0
0
0
0
0
0
0
0
0
0
0
0
0
0
