int
3587
2107
3888
3653
3626
2080
2103
3593
2076
3622
3897
2084
3648
3616
3893
3590
2099
2095
2091
3658
2075
2071
2067
2063
2059
2055
6147
2092
2088
2072
2068
2064
2060
2056
2052
2048
3653
3898
3659
2081
3894
3627
2077
3890
3651
3621
2086
3619
3595
3591
3587
2107
2103
6195
2092
2088
2072
2068
2064
2060
2056
2052
2048
2085
3898
3655
2081
3894
3623
3625
3890
3651
2077
3658
3619
3595
3591
3587
2107
2103
6195
2092
2088
2072
2068
2064
2060
2056
2052
2048
3653
3898
3659
2077
3894
3595
3589
3890
3651
2085
2082
3627
3623
3619
3587
2107
2103
6195
3624
3620
3592
3588
2104
2100
2096
2092
2088
2072
2068
2064
2056
3657
2054
3655
2077
2086
3899
2061
3586
3895
2049
2082
3650
3617
7987
3651
3627
3892
3653
2050
3888
3623
2061
2076
3618
3595
2084
3585
2054
2080
3897
3591
3658
2107
2103
2099
2095
2091
2075
2071
2067
6155
2092
2088
2072
2068
2064
2060
2056
2052
2048
2081
3898
3655
3593
3894
3591
2077
3890
3651
2085
3658
3627
3623
3619
3587
2107
2103
6195
3651
3627
3892
3653
2050
3888
3623
2061
2076
3618
3595
2084
3585
2054
2080
3897
3591
3658
2107
2103
2099
2095
2091
2075
2071
2067
6155
3624
3620
3592
3588
2104
2100
2096
2092
2088
2072
2068
2064
2056
3653
2054
3659
2077
2086
3899
2061
3586
3895
2049
2082
3650
3617
7987
2092
2088
2072
2068
2064
2060
2056
2052
2048
2077
3898
3595
3589
3894
3627
2085
3890
3659
3621
2082
3655
3651
3619
3587
2107
2103
6195
3652
3616
3592
3588
2104
2100
2096
2092
2088
2072
2068
2060
2052
2077
2066
3623
2049
2086
3899
3649
3586
3895
3625
2082
3658
2057
7987
3659
3655
3892
3585
3622
3888
3619
3649
2076
2058
3595
2084
3625
2066
2080
3897
3591
2050
2107
2103
2099
2095
2091
2075
2071
2063
6151
3656
3652
3624
3620
3584
2104
2100
2096
2092
2088
2072
2068
2048
3617
2054
3591
3593
2066
3899
2081
3650
3895
2077
2062
3891
2057
6182
3659
3655
3896
3627
2065
3892
3618
3623
3888
3649
3595
2080
2054
3591
2076
2061
2107
2084
2050
2096
2057
2103
2095
3586
2091
2075
6167
3627
3623
3896
3595
3591
3892
2065
3618
3888
2107
2103
2080
3649
2054
2076
2091
2075
2084
2061
2096
2050
2092
3656
3652
2057
2071
7682
0
0
3896
2057
3618
3892
2083
3649
3888
3594
3659
2076
2053
3590
2084
3655
2065
2062
3627
3623
3587
2107
2103
2099
2095
2091
2075
2071
6147
3595
3591
3897
2107
2103
2064
3893
3618
2095
3889
2091
3648
2081
2054
2075
2077
2071
2060
2085
2050
2097
3657
3653
2056
3625
3621
7682
3595
3591
3897
2107
2103
2064
3893
3618
2095
3889
2091
3648
2081
2054
2075
2077
2071
2060
2085
2050
2097
3657
3653
2056
3625
3621
7682
2092
2088
2072
2068
2064
2060
2056
2052
2048
3593
3898
3591
2077
3894
3623
3625
3890
3659
2085
2082
3655
3651
3619
3587
2107
2103
6195
3659
3655
3892
3585
3622
3888
3619
3649
2076
2058
3595
2084
3625
2066
2080
3897
3591
2050
2107
2103
2099
2095
2091
2075
2071
2063
6151
3652
3616
3592
3588
2104
2100
2096
2092
2088
2072
2068
2060
2052
2077
2066
3627
2049
2086
3899
3649
3586
3895
3621
2082
3658
2057
7987
0
0
3896
2057
3618
3892
2083
3649
3888
3594
3659
2076
2053
3590
2084
3655
2065
2062
3627
3623
3587
2107
2103
2099
2095
2091
2075
2071
6147
3595
3591
3897
2107
2103
2064
3893
3618
2095
3889
2091
3648
2081
2054
2075
2077
2071
2060
2085
2050
2097
3657
3653
2056
3625
3621
7682
3595
3591
3897
2107
2103
2064
3893
3618
2095
3889
2091
3648
2081
2054
2075
2077
2071
2060
2085
2050
2097
3657
3653
2056
3625
3621
7682
3656
3652
3624
3620
3584
2104
2100
2096
2092
2088
2072
2068
2048
3617
2054
3595
3589
2066
3899
2081
3650
3895
2077
2062
3891
2057
6182
3627
3623
3896
3595
3591
3892
2065
3618
3888
2107
2103
2080
3649
2054
2076
2091
2075
2084
2061
2096
2050
2092
3656
3652
2057
2071
7682
3659
3655
3896
3627
2065
3892
3618
3623
3888
3649
3595
2080
2054
3591
2076
2061
2107
2084
2050
2096
2057
2103
2095
3586
2091
2075
6167
3659
3655
3896
3627
2065
3892
3618
3623
3888
3649
3595
2080
2054
3591
2076
2061
2107
2084
2050
2096
2057
2103
2095
3586
2091
2075
6167
0
0
0
0
0
0
0
3888
3625
3654
2055
0
0
0
0
2056
0
3621
3594
2051
0
0
2083
2072
0
2079
3589
3898
2087
3651
3619
2068
3587
2107
2103
3657
3894
2099
2095
2091
2067
6159
0
0
0
0
0
0
0
3624
3653
3894
2071
0
0
2079
0
2048
2087
3621
3890
2083
3651
3619
3595
2056
3591
3897
3658
3587
2107
2103
2099
2072
2095
2091
2054
2067
6159
0
0
0
0
0
0
0
3620
3625
3894
2071
0
0
2079
0
2048
2087
3657
3890
2083
3651
3619
3595
2056
3591
3897
3654
3587
2107
2103
2099
2072
2095
2091
2054
2067
6159
0
0
0
0
0
0
0
2048
3653
3894
2071
0
0
2079
0
2056
2087
3589
3890
2083
3651
3627
3623
2072
3619
3897
3658
3587
2107
2103
2099
3592
2095
2091
2054
2067
6159
0
0
0
0
0
0
0
0
3616
3657
3654
2059
0
0
2079
0
0
2048
2053
3898
2087
0
0
2083
3651
3627
2060
2073
3894
3623
3595
3591
2107
2103
2099
3584
2069
3890
2095
2091
6163
0
0
0
0
0
0
0
0
0
3616
3653
3898
2059
0
0
2079
0
0
2087
2048
2053
3894
2083
3651
3627
3623
3595
3591
2107
2060
2073
3890
2103
2099
2095
2091
2067
0
0
3584
2069
7754
0
0
0
0
0
0
0
2048
3593
3894
2071
0
0
2079
0
2056
2087
3657
3890
2083
3651
3627
3623
2072
3619
3897
3654
3587
2107
2103
2099
3588
2095
2091
2054
2067
6159
0
0
0
0
0
0
0
0
0
3616
3653
3898
2059
0
0
2079
0
0
2087
2048
2053
3894
2083
3651
3627
3623
3595
3591
2107
2060
2073
3890
2103
2099
2095
2091
2067
0
0
3584
2069
7754
0
0
0
0
0
0
0
0
3616
3653
3658
2059
0
0
2079
0
0
2048
2053
3898
2087
0
0
2083
3651
3627
2060
2073
3894
3623
3595
3591
2107
2103
2099
3584
2069
3890
2095
2091
6163
0
0
0
0
0
0
0
2056
3589
3894
2071
0
0
2079
0
3624
2087
3621
3890
2083
3659
3655
3651
2072
3619
3897
2054
3587
2107
2103
2099
3592
2095
2091
2050
2067
6159
0
0
0
0
0
0
0
0
2068
2053
3622
2059
0
0
2079
0
0
2064
2073
3898
2087
0
0
2083
3659
3655
2048
3649
3894
3619
3595
3591
2107
2103
2099
3584
3625
3890
2095
2091
6159
0
0
0
0
0
0
0
0
0
2068
2073
3898
2059
0
0
2079
0
0
2087
2064
3649
3894
2083
3659
3655
3619
3595
3591
2107
2048
3625
3890
2103
2099
2095
2091
2063
0
0
3584
3621
6150
0
0
0
0
0
0
0
0
2056
2069
3590
2051
0
0
0
0
0
3616
2065
3898
2075
0
0
2079
0
0
3592
3649
3894
2087
0
0
2083
3659
3655
2052
2061
3890
3627
3623
3587
2107
2103
2099
2095
6187
0
0
0
0
0
0
0
0
3587
3616
2073
3898
2083
0
0
2079
0
0
2087
2060
3649
2054
2099
3659
3655
3627
3623
3595
3591
2056
2069
3890
2107
2103
2095
2091
0
0
3892
0
2065
6146
0
0
0
0
0
0
0
0
0
3587
3616
2073
3898
2083
0
0
2079
0
0
2087
0
2060
3649
2054
2099
0
2095
3659
3655
3627
3623
3595
2056
2069
3890
3591
2107
2103
2091
0
0
0
3892
0
2065
6146
0
0
0
0
0
0
0
0
0
3616
2065
3898
2051
0
0
0
0
0
0
3592
3649
3894
2075
0
0
2079
0
0
2087
3588
2061
3890
2083
3659
3655
3627
3623
3587
2107
2052
2057
2070
2103
2099
2095
6187
0
0
0
0
0
0
0
0
0
3587
3616
2073
3898
2083
0
0
2079
0
0
2087
0
2060
3649
2054
2099
3659
3655
3627
3623
3595
3591
2107
2056
2069
3890
2103
2095
2091
0
0
0
0
3892
0
2065
6146
0
0
0
0
0
0
0
0
0
3587
3616
2073
3898
2083
0
0
2079
0
0
2087
0
2060
3649
2054
2099
3659
3655
3627
3623
3595
3591
2107
2056
2069
3890
2103
2095
2091
0
0
0
0
3892
0
2065
6146
0
0
0
0
0
0
0
2056
3625
3894
2071
0
0
2079
0
3620
2087
3593
3890
2083
3659
3655
3651
2072
3619
3897
2054
3587
2107
2103
2099
3588
2095
2091
2050
2067
6159
0
0
0
0
0
0
0
0
0
2068
2073
3898
2059
0
0
2079
0
0
2087
2064
3649
3894
2083
3659
3655
3619
3595
3591
2107
2048
3625
3890
2103
2099
2095
2091
2063
0
0
3584
3621
6150
0
0
0
0
0
0
0
0
2068
2053
3626
2059
0
0
2079
0
0
2064
2073
3898
2087
0
0
2083
3659
3655
2048
3649
3894
3619
3595
3591
2107
2103
2099
3584
3621
3890
2095
2091
6159
0
0
0
0
0
0
0
0
0
3616
2065
3898
2051
0
0
0
0
0
0
3592
3649
3894
2075
0
0
2079
0
0
2087
3588
2061
3890
2083
3659
3655
3627
3623
3587
2107
2052
2057
2070
2103
2099
2095
6187
0
0
0
0
0
0
0
0
0
3587
3616
2073
3898
2083
0
0
2079
0
0
2087
0
2060
3649
2054
2099
3659
3655
3627
3623
3595
3591
2107
2056
2069
3890
2103
2095
2091
0
0
0
0
3892
0
2065
6146
0
0
0
0
0
0
0
0
0
3587
3616
2073
3898
2083
0
0
2079
0
0
2087
0
2060
3649
2054
2099
3659
3655
3627
3623
3595
3591
2107
2056
2069
3890
2103
2095
2091
0
0
0
0
3892
0
2065
6146
0
0
0
0
0
0
0
0
2056
2069
3594
2051
0
0
0
0
0
3616
2065
3898
2075
0
0
2079
0
0
3588
3649
3894
2087
0
0
2083
3659
3655
2052
2061
3890
3627
3623
3587
2107
2103
2099
2095
6187
0
0
0
0
0
0
0
0
0
3587
3616
2073
3898
2083
0
0
2079
0
0
2087
0
2060
3649
2054
2099
0
2095
3659
3655
3627
3623
3595
2056
2069
3890
3591
2107
2103
2091
0
0
0
3892
0
2065
6146
0
0
0
0
0
0
0
0
3587
3616
2073
3898
2083
0
0
2079
0
0
2087
2060
3649
2054
2099
3659
3655
3627
3623
3595
3591
2056
2069
3890
2107
2103
2095
2091
0
0
3892
0
2065
6146
0
0
0
0
0
0
0
0
3587
3616
2073
3898
2083
0
0
2079
0
0
2087
2060
3649
2054
2099
3659
3655
3627
3623
3595
3591
2056
2069
3890
2107
2103
2095
2091
0
0
3892
0
2065
6146
0
0
0
0
0
0
0
0
0
0
0
0
0
0
0
0
0
0
0
0
0
0
0
0
0
0
0
0
0
0
0
0
0
0
0
0
0
0
0
0
0
0
0
0
0
0
0
0
0
0
0
0
0
0
0
0
0
0
0
0
0
0
0
0
0
0
0
0
0
0
0
0
0
0
0
0
0
0
0
0
0
0
0
0
0
0
0
0
0
0
0
0
0
0
0
0
0
0
0
0
0
0
0
0
0
0
0
0
0
0
0
0
0
0
0
0
0
0
0
0
0
0
0
0
0
0
0
0
0
0
0
0
0
0
0
0
0
0
0
0
0
0
0
0
0
0
0
0
0
0
0
0
0
0
0
0
0
0
0
0
0
0
0
0
0
0
0
0
0
0
0
0
0
0
0
0
0
0
0
0
0
0
0
0
0
0
0
0
0
0
0
0
0
0
0
0
0
0
0
0
0
0
0
0
0
0
0
0
0
0
0
0
0
0
0
0
0
0
0
0
0
0
0
0
0
0
0
0
0
0
0
0
0
0
0
0
0
0
0
0
0
0
0
0
0
0
0
0
0
0
0
0
0
0
0
0
0
0
0
0
0
0
0
0
0
0
0
0
0
0
0
0
0
0
0
0
0
0
0
0
0
0
0
0
0
0
0
0
0
0
0
0
0
0
0
0
0
0
0
0
0
0
0
0
0
0
0
0
0
0
0
0
0
0
0
0
0
0
0
0
0
0
0
0
0
0
0
0
0
0
0
0
0
0
0
0
0
0
0
0
0
0
0
0
0
0
0
0
0
0
0
0
0
0
0
0
0
0
0
0
0
0
0
0
0
0
0
0
0
0
0
0
0
0
0
0
0
0
0
0
0
0
0
0
0
0
0
0
0
0
0
0
0
0
0
0
0
0
0
0
0
0
0
0
0
0
0
0
0
0
0
0
0
0
0
0
0
0
0
0
0
0
0
0
0
0
0
0
0
0
0
0
0
0
0
0
0
0
0
0
0
0
0
0
0
0
0
0
0
0
0
0
0
0
0
0
0
0
0
0
0
0
0
0
0
0
0
0
0
0
0
0
0
0
0
0
0
0
0
0
0
0
0
0
0
0
0
0
0
0
0
0
0
0
0
0
0
0
0
0
0
0
0
0
0
0
0
0
0
0
0
0
0
0
0
0
0
0
0
0
0
0
0
0
0
0
0
0
0
0
0
0
0
0
0
0
0
0
0
0
0
0
0
0
0
0
0
0
0
0
0
0
0
0
0
0
0
0
0
0
0
0
0
0
0
0
0
0
0
0
0
0
0
0
0
0
0
0
0
0
0
0
0
0
0
0
0
0
0
0
0
0
0
0
0
0
0
0
0
0
0
0
0
0
0
0
0
0
0
0
0
0
0
0
0
0
0
0
0
0
0
0
0
0
0
0
0
0
0
0
0
0
0
0
0
0
0
0
0
0
0
0
0
0
0
0
0
0
0
0
0
0
0
0
0
0
0
0
0
0
0
0
0
0
0
0
0
0
0
0
0
0
0
0
0
0
0
0
0
0
0
0
0
0
0
0
0
0
0
0
0
0
0
0
0
0
0
0
0
0
0
0
0
0
0
0
0
0
0
0
0
0
0
0
0
0
0
0
0
0
0
0
0
0
0
0
0
0
0
0
0
0
0
0
0
0
0
0
0
0
0
0
0
0
0
0
0
0
0
0
0
0
0
0
0
0
0
0
0
0
0
0
0
0
0
0
0
0
0
0
0
0
0
0
0
0
0
0
0
0
0
0
0
0
0
0
0
0
0
0
0
0
0
0
0
0
0
0
0
0
0
0
0
0
0
0
0
0
0
0
0
0
0
0
0
0
0
0
0
0
0
0
0
0
0
0
0
0
0
0
0
0
0
0
0
0
0
0
0
0
0
0
0
0
0
0
0
0
0
0
0
0
0
0
0
0
0
0
0
0
0
0
0
0
0
0
0
0
0
0
0
0
0
0
0
0
0
0
0
0
0
0
0
0
0
0
0
0
0
0
0
0
0
0
0
0
0
0
0
0
0
0
0
0
0
0
0
0
0
0
0
0
0
0
0
0
0
0
0
0
0
0
0
0
0
0
0
0
0
0
0
0
0
0
0
0
0
0
0
0
0
0
0
0
0
0
0
0
0
0
0
0
0
0
0
0
0
0
0
0
0
0
0
0
0
0
0
0
0
0
0
0
0
0
0
0
0
0
0
0
0
0
0
0
0
0
0
0
0
0
0
0
0
0
0
0
0
0
0
0
0
0
0
0
0
0
0
0
0
0
0
0
0
0
0
0
0
0
0
0
0
0
0
0
0
0
0
0
0
0
0
0
0
0
0
0
0
0
0
0
0
0
0
0
0
0
0
0
0
0
0
0
0
0
0
0
0
0
0
0
0
0
0
0
0
0
0
0
0
0
0
0
0
0
0
0
0
0
0
0
0
0
0
0
0
0
0
0
0
0
0
0
0
0
0
0
0
0
0
0
0
0
0
0
0
0
0
0
0
0
0
0
0
0
0
0
0
0
0
0
0
0
0
0
0
0
0
0
0
0
0
0
0
0
0
0
0
0
0
0
0
0
0
0
0
0
0
0
0
0
0
0
0
0
0
0
0
0
0
0
0
0
0
0
0
0
0
0
0
0
0
0
0
0
0
0
0
0
0
0
0
0
0
0
0
0
0
0
0
0
0
0
0
0
0
0
0
0
0
0
0
0
0
0
0
0
0
0
0
0
0
0
0
0
0
0
0
0
0
0
0
0
0
0
0
0
0
0
0
0
0
0
0
0
0
0
0
0
0
0
0
0
0
0
0
0
0
0
0
0
0
0
0
0
0
0
0
0
0
0
0
0
0
0
0
0
0
0
0
0
0
0
0
0
0
0
0
0
0
0
0
0
0
0
0
0
0
0
0
0
0
0
0
0
0
0
0
0
0
0
0
0
0
0
0
0
0
0
0
0
0
0
0
0
0
0
0
0
0
0
0
0
0
0
0
0
0
0
0
0
0
0
0
0
0
0
0
0
0
0
0
0
0
0
0
0
0
0
0
0
0
0
0
0
0
0
0
0
0
0
0
0
0
0
0
0
0
0
0
0
0
0
0
0
0
0
0
0
0
0
0
0
0
0
0
0
0
0
0
0
0
0
0
0
0
0
0
0
0
0
0
0
0
0
0
0
0
0
0
0
0
0
0
0
0
0
0
0
0
0
0
0
0
0
0
0
0
0
0
0
0
0
0
0
0
0
0
0
0
0
0
0
0
0
0
0
0
0
0
0
0
0
0
0
0
0
0
0
0
0
0
0
0
0
0
0
0
0
0
0
0
0
0
0
0
0
0
0
0
0
0
0
0
0
0
0
0
0
0
0
0
0
0
0
0
0
0
0
0
0
0
0
0
0
0
0
0
0
0
0
0
0
0
0
0
0
0
0
0
0
0
0
0
0
0
0
0
0
0
0
0
0
0
0
0
0
0
0
0
0
0
0
0
0
0
0
0
0
0
0
0
0
0
0
0
0
0
0
0
0
0
0
0
0
0
0
0
0
0
0
0
0
0
0
0
0
0
0
0
0
0
0
0
0
0
0
0
0
0
0
0
0
0
0
0
0
0
0
0
0
0
0
0
0
0
0
0
0
0
0
0
0
0
0
0
0
0
0
0
0
0
0
0
0
0
0
0
0
0
0
0
0
0
0
0
0
0
0
0
0
0
0
0
0
0
0
0
0
0
0
0
0
0
0
0
0
0
0
0
0
0
0
0
0
0
0
0
0
0
0
0
0
0
0
0
0
0
0
0
0
0
0
0
0
0
0
0
0
0
0
0
0
0
0
0
0
0
0
0
0
0
0
0
0
0
0
0
0
0
0
0
0
0
0
0
0
0
0
0
0
0
0
0
0
0
0
0
0
0
0
0
0
0
0
0
0
0
0
0
0
0
0
0
0
0
0
0
0
0
0
0
0
0
0
0
0
0
0
0
0
0
0
0
0
0
0
0
0
0
0
0
0
0
0
0
0
0
0
0
0
0
0
0
0
0
0
0
0
0
0
0
0
0
0
0
0
0
0
0
0
0
0
0
0
0
0
0
0
0
0
0
0
0
0
0
0
0
0
0
0
0
0
0
0
0
0
0
0
0
0
0
0
0
0
0
0
0
0
0
0
0
0
0
0
0
0
0
0
0
0
0
0
0
0
0
0
0
0
0
0
0
0
0
0
0
0
0
0
0
0
0
0
0
0
0
0
0
0
0
0
0
0
0
0
0
0
0
0
0
0
0
0
0
0
0
0
0
0
0
0
0
0
0
0
0
0
0
0
0
0
0
0
0
0
0
0
0
0
0
0
0
0
0
0
0
0
0
0
0
0
0
0
0
0
0
0
0
0
0
0
0
0
0
0
0
0
0
0
0
0
0
0
0
0
0
0
0
0
0
0
0
0
0
0
0
0
0
0
0
0
0
0
0
0
0
0
0
0
0
0
0
0
0
0
0
0
0
0
0
0
0
0
0
0
0
0
0
0
0
0
0
0
0
0
0
0
0
0
0
0
0
0
0
0
0
0
0
0
0
0
0
0
0
0
0
0
0
0
0
0
0
0
0
0
0
0
0
0
0
0
0
0
0
0
0
0
0
0
0
0
0
0
0
0
0
0
0
0
0
0
0
0
0
0
0
0
0
0
0
0
0
0
0
0
0
0
0
0
0
0
0
0
0
0
0
0
0
0
0
0
0
0
0
0
0
0
0
0
0
0
0
0
0
0
0
0
0
0
0
0
0
0
0
0
0
0
0
0
0
0
0
0
0
0
0
0
0
0
0
0
0
0
0
0
0
0
0
0
0
0
0
0
0
0
0
0
0
0
0
0
0
0
0
0
