int
3587
2120
2155
2116
3593
2112
3622
2060
3625
2068
3845
2136
3841
2132
3648
3616
2129
3590
2065
2151
2147
3658
2143
2127
2111
3654
2107
2103
2099
2095
2091
2087
2083
2079
2075
2059
2055
6147
2108
2104
2100
2096
2092
2088
2084
2080
2076
2072
2056
2052
2048
3625
3622
2133
2063
2129
3654
2065
3846
2121
3842
2117
3658
2113
2138
2071
3651
3619
3595
3591
3587
2155
2151
2147
2143
6223
2108
2104
2100
2096
2092
2088
2084
2080
2076
2072
2056
2052
2048
3621
3658
2133
2063
2129
3626
2065
3846
2121
3842
2117
3654
2113
2138
2071
3651
3619
3595
3591
3587
2155
2151
2147
2143
6223
2108
2104
2100
2096
2092
2088
2084
2080
2076
2072
2056
2052
2048
2133
3590
2129
2063
2065
3654
3593
3846
2121
3842
2117
3658
2113
2138
2071
3651
3627
3623
3619
3587
2155
2151
2147
2143
6223
2151
2128
2049
2088
3654
2120
2073
2116
2062
2112
3585
2096
2066
2068
3648
3624
3620
3592
3588
2152
2053
3658
3845
2147
3841
3618
2137
2143
2133
2127
2111
2107
2103
2095
2087
2083
2079
6155
0
3844
2071
3840
3617
2136
2062
2132
2049
2128
3651
2088
2073
2120
2066
2116
3585
2112
3627
2096
2053
3658
3623
3595
3591
2155
3654
2151
2147
2143
2127
2111
2107
2103
2095
2087
2083
2079
6155
2108
2104
2100
2096
2092
2088
2084
2080
2076
2072
2056
2052
2048
2133
3658
2129
2063
2065
3594
3589
3846
2121
3842
2117
3654
2113
2138
2071
3651
3627
3623
3619
3587
2155
2151
2147
2143
6223
0
3844
2071
3840
3617
2136
2062
2132
2049
2128
3651
2088
2073
2120
2066
2116
3585
2112
3627
2096
2053
3658
3623
3595
3591
2155
3654
2151
2147
2143
2127
2111
2107
2103
2095
2087
2083
2079
6155
2151
2128
2049
2088
3658
2120
2073
2116
2062
2112
3585
2096
2066
2068
3648
3624
3620
3592
3588
2152
2053
3654
3845
2147
3841
3618
2137
2143
2133
2127
2111
2107
2103
2095
2087
2083
2079
6155
2108
2104
2100
2096
2092
2088
2084
2080
2076
2072
2056
2052
2048
2129
3622
3625
2063
2065
3590
3593
3846
2121
3842
2117
2138
2113
2134
2071
3659
3655
3651
3619
3587
2155
2151
2147
2143
6223
2151
2128
2077
2064
3622
2120
2057
2116
2062
2112
3585
2088
2070
2104
3656
3652
3616
3592
3588
2152
3649
3626
3845
2147
3841
2050
2137
2143
2133
2127
2111
2103
2099
2095
2087
2083
2075
6151
0
3844
2107
3840
2049
2136
2070
2132
2077
2128
3659
2064
2057
2120
3626
2116
3585
2112
3655
2088
3649
3622
3619
3595
3591
2155
2062
2151
2147
2143
2127
2111
2103
2099
2095
2087
2083
2075
6151
3655
2136
3617
2132
3590
2128
2077
2060
2070
2120
2073
2116
2066
2112
3649
2096
3594
2104
3656
2053
2058
3845
3627
3841
3623
3587
2155
2151
2147
2143
2127
2111
2103
2095
2091
2087
2083
6147
0
2107
0
2052
3585
2066
2123
2072
2119
2057
2088
2062
3844
2115
3840
2077
2096
2070
2136
2147
2132
3649
2128
2050
3659
3617
3655
3627
3623
3595
3591
2155
2151
2143
2127
2111
2103
2095
2087
6179
0
2123
0
2119
0
2052
2077
2066
2115
0
2099
3616
3585
2147
2088
2062
3844
2143
3840
2073
2136
3659
2132
2070
2128
3649
2104
3655
3627
2050
3623
2057
3595
3591
2155
2151
2127
2111
2103
2095
2087
6179
0
2115
0
2052
2057
3844
3594
3840
3617
2136
2099
2132
2077
2128
3590
2060
2073
2120
2107
2116
3649
2070
3659
3655
3627
3623
2066
3587
2155
2151
2147
2143
2127
2111
2103
2095
2091
2087
2083
6147
0
2107
0
2123
0
2052
2077
2066
2119
0
2115
3616
3585
2147
2088
2062
3844
3659
3840
2073
2096
3655
2136
2070
2132
3649
2128
3627
3623
2050
3595
2057
3591
2155
2151
2143
2127
2111
2103
2095
2087
6179
0
2107
0
2123
0
2052
2077
2066
2119
0
2115
3616
3585
2147
2088
2062
3844
3659
3840
2073
2096
3655
2136
2070
2132
3649
2128
3627
3623
2050
3595
2057
3591
2155
2151
2143
2127
2111
2103
2095
2087
6179
2108
2104
2100
2096
2092
2088
2084
2080
2076
2072
2056
2052
2048
2129
3594
3621
2063
2065
3626
3589
3846
2121
3842
2117
2138
2113
2134
2071
3659
3655
3651
3619
3587
2155
2151
2147
2143
6223
0
3844
2107
3840
2049
2136
2070
2132
2077
2128
3659
2064
2057
2120
3626
2116
3585
2112
3655
2088
3649
3622
3619
3595
3591
2155
2062
2151
2147
2143
2127
2111
2103
2099
2095
2087
2083
2075
6151
2151
2128
2077
2064
3626
2120
2057
2116
2062
2112
3585
2088
2070
2104
3656
3652
3616
3592
3588
2152
3649
3622
3845
2147
3841
2050
2137
2143
2133
2127
2111
2103
2099
2095
2087
2083
2075
6151
0
2115
0
2052
2057
3844
3594
3840
3617
2136
2099
2132
2077
2128
3590
2060
2073
2120
2107
2116
3649
2070
3659
3655
3627
3623
2066
3587
2155
2151
2147
2143
2127
2111
2103
2095
2091
2087
2083
6147
0
2107
0
2123
0
2052
2077
2066
2119
0
2115
3616
3585
2147
2088
2062
3844
3659
3840
2073
2096
3655
2136
2070
2132
3649
2128
3627
3623
2050
3595
2057
3591
2155
2151
2143
2127
2111
2103
2095
2087
6179
0
2107
0
2123
0
2052
2077
2066
2119
0
2115
3616
3585
2147
2088
2062
3844
3659
3840
2073
2096
3655
2136
2070
2132
3649
2128
3627
3623
2050
3595
2057
3591
2155
2151
2143
2127
2111
2103
2095
2087
6179
3655
2136
3617
2132
3594
2128
2077
2060
2070
2120
2073
2116
2066
2112
3649
2096
3590
2104
3656
2053
2058
3845
3627
3841
3623
3587
2155
2151
2147
2143
2127
2111
2103
2095
2091
2087
2083
6147
0
2123
0
2119
0
2052
2077
2066
2115
0
2099
3616
3585
2147
2088
2062
3844
2143
3840
2073
2136
3659
2132
2070
2128
3649
2104
3655
3627
2050
3623
2057
3595
3591
2155
2151
2127
2111
2103
2095
2087
6179
0
2107
0
2052
3585
2066
2123
2072
2119
2057
2088
2062
3844
2115
3840
2077
2096
2070
2136
2147
2132
3649
2128
2050
3659
3617
3655
3627
3623
3595
3591
2155
2151
2143
2127
2111
2103
2095
2087
6179
0
2107
0
2052
3585
2066
2123
2072
2119
2057
2088
2062
3844
2115
3840
2077
2096
2070
2136
2147
2132
3649
2128
2050
3659
3617
3655
3627
3623
3595
3591
2155
2151
2143
2127
2111
2103
2095
2087
6179
0
0
0
2131
0
0
2068
3625
3594
2091
0
0
2139
2080
0
3621
3590
2135
0
2115
2048
2099
0
2065
3658
2107
0
2052
2123
0
3845
2119
3654
2084
3651
3619
3587
3841
2155
2056
2062
2151
2147
2143
2127
2111
2103
2095
2079
6171
0
0
0
2131
0
0
2048
3845
2066
2139
0
0
2135
2068
3841
2091
2062
2123
0
2119
2056
3657
2115
0
3622
2099
0
2084
2053
2107
3651
3619
3654
3595
2080
3625
3591
3587
2155
2151
2147
2143
2127
2111
2103
2095
2079
6171
0
0
0
2131
0
0
2048
3845
2066
2139
0
0
2135
2068
3841
2091
3626
2123
0
2119
2056
3653
2115
0
3658
2099
0
2084
2053
2107
3651
3619
2062
3595
2080
3621
3591
3587
2155
2151
2147
2143
2127
2111
2103
2095
2079
6171
0
0
0
2131
0
0
2068
3845
2062
2139
0
0
2135
2056
3841
2091
2066
2123
0
2119
3592
3657
2115
0
3590
2099
0
2084
2053
2107
3651
3627
3654
3623
2080
2049
3619
3587
2155
2151
2147
2143
2127
2111
2103
2095
2079
6171
0
0
0
2091
0
0
0
3616
3841
2062
2131
0
0
2139
0
2052
3657
2135
2070
0
2099
0
2115
2084
2049
2107
0
2066
2123
0
2119
3584
2073
3651
3627
3623
3654
3595
3591
2080
2057
2155
2151
2147
3846
2143
2127
2111
2103
2095
6175
0
0
0
2091
0
0
0
2131
3616
3657
2066
2139
0
0
2135
0
0
2052
3653
2099
2062
2115
0
2107
0
2123
2084
2049
2119
3651
2070
3627
3623
3595
3591
3584
2073
2155
2151
3846
2147
2143
2127
2111
2080
2057
2103
2095
3842
6175
0
0
0
2131
0
0
2068
3845
2062
2139
0
0
2135
2056
3841
2091
3594
2123
0
2119
3588
3653
2115
0
3658
2099
0
2084
2053
2107
3651
3627
2066
3623
2080
2049
3619
3587
2155
2151
2147
2143
2127
2111
2103
2095
2079
6171
0
0
0
2091
0
0
0
2131
3616
3657
2066
2139
0
0
2135
0
0
2052
3653
2099
2062
2115
0
2107
0
2123
2084
2049
2119
3651
2070
3627
3623
3595
3591
3584
2073
2155
2151
3846
2147
2143
2127
2111
2080
2057
2103
2095
3842
6175
0
0
0
2091
0
0
0
3616
3841
2062
2131
0
0
2139
0
2052
3653
2135
2070
0
2099
0
2115
2084
2049
2107
0
3658
2123
0
2119
3584
2073
3651
3627
3623
2066
3595
3591
2080
2057
2155
2151
2147
3846
2143
2127
2111
2103
2095
6175
0
0
0
2131
0
0
3624
3845
2066
2139
0
0
2135
2056
3841
2091
3590
2123
0
2119
3592
2053
2115
0
3622
2099
0
2084
2049
2107
3659
3655
2062
3651
2080
2069
3619
3587
2155
2151
2147
2143
2127
2111
2103
2095
2079
6171
0
0
0
2091
0
0
0
2056
3841
2070
2131
0
0
2139
0
2052
2077
2135
2066
0
2107
0
2115
2084
2049
2099
0
3622
2123
0
2119
3584
3649
3659
3655
3619
2062
3595
3591
2080
3625
2155
2151
2147
3846
2143
2127
2111
2103
2095
6171
0
0
0
2091
0
0
0
2131
2056
2077
2066
2139
0
0
2135
0
0
2052
2049
2107
2062
2115
0
2099
0
2123
2084
3649
2119
3659
2070
3655
3619
3595
3591
3584
3625
2155
2151
3846
2147
2143
2127
2111
2080
3621
2103
2095
3842
6171
0
0
0
2131
0
0
2135
2084
2081
2066
2091
0
0
2099
3840
0
3593
2107
3590
0
2139
2072
2115
0
2053
2123
0
2062
3616
2119
3659
3655
2049
3627
3623
3648
2070
3587
2155
2151
2057
2147
2076
2143
3846
2127
2111
2103
6191
0
0
0
0
2091
0
0
0
3616
2053
2066
2131
0
0
2099
0
0
2076
2049
2107
2062
0
2139
0
0
2135
2072
3649
2147
0
2070
2119
0
2115
0
3584
2085
2123
3659
3846
3655
3627
3623
3595
2056
2081
3591
2155
3842
2151
2143
2127
2111
2103
6191
0
0
0
0
2091
0
0
0
2131
3616
2053
2066
2099
0
0
2107
0
0
2139
2076
2049
2135
2062
2115
0
2123
0
2119
0
2072
3649
2147
0
2070
2143
3659
3655
3627
3623
3584
2085
3595
3591
3846
2155
2151
2127
2111
2103
2056
2081
2095
0
7938
0
0
0
2131
0
0
2135
0
2080
3589
2066
2091
0
0
2099
0
2076
2107
2053
0
2062
2139
0
2115
2072
2123
0
2049
2119
3659
2070
3655
3616
3627
3623
3587
2057
2155
2151
3846
3648
2147
2143
2127
2111
2085
2103
3840
3594
6191
0
0
0
0
0
0
0
0
0
2080
2057
3842
2067
0
0
2089
0
0
0
3616
2129
2054
0
2097
2063
0
2105
0
0
2076
2137
2050
0
2133
0
2145
2071
2117
0
2072
2113
3650
2121
3657
3653
3625
3621
3593
3589
3584
2153
2149
2141
2125
2109
2101
2093
2086
7943
0
0
0
0
0
0
0
0
0
2080
2057
3842
2067
0
0
2089
0
0
0
3616
2129
2054
0
2097
2063
0
2105
0
0
2076
2137
2050
0
2133
0
2145
2071
2117
0
2072
2113
3650
2121
3657
3653
3625
3621
3593
3589
3584
2153
2149
2141
2125
2109
2101
2093
2086
7943
0
0
0
2131
0
0
3620
3845
3594
2139
0
0
2135
2056
3841
2091
3626
2123
0
2119
3588
2053
2115
0
2066
2099
0
2084
2049
2107
3659
3655
2062
3651
2080
2069
3619
3587
2155
2151
2147
2143
2127
2111
2103
2095
2079
6171
0
0
0
2091
0
0
0
2131
2056
2077
2066
2139
0
0
2135
0
0
2052
2049
2107
2062
2115
0
2099
0
2123
2084
3649
2119
3659
2070
3655
3619
3595
3591
3584
3625
2155
2151
3846
2147
2143
2127
2111
2080
3621
2103
2095
3842
6171
0
0
0
2091
0
0
0
2056
3841
2070
2131
0
0
2139
0
2052
2077
2135
3626
0
2107
0
2115
2084
2049
2099
0
2066
2123
0
2119
3584
3649
3659
3655
3619
2062
3595
3591
2080
3621
2155
2151
2147
3846
2143
2127
2111
2103
2095
6171
0
0
0
2131
0
0
2135
0
2080
3589
2066
2091
0
0
2099
0
2076
2107
2053
0
2062
2139
0
2115
2072
2123
0
2049
2119
3659
2070
3655
3616
3627
3623
3587
2057
2155
2151
3846
3648
2147
2143
2127
2111
2085
2103
3840
3594
6191
0
0
0
0
0
0
0
0
0
2080
2057
3842
2067
0
0
2089
0
0
0
3616
2129
2054
0
2097
2063
0
2105
0
0
2076
2137
2050
0
2133
0
2145
2071
2117
0
2072
2113
3650
2121
3657
3653
3625
3621
3593
3589
3584
2153
2149
2141
2125
2109
2101
2093
2086
7943
0
0
0
0
0
0
0
0
0
2080
2057
3842
2067
0
0
2089
0
0
0
3616
2129
2054
0
2097
2063
0
2105
0
0
2076
2137
2050
0
2133
0
2145
2071
2117
0
2072
2113
3650
2121
3657
3653
3625
3621
3593
3589
3584
2153
2149
2141
2125
2109
2101
2093
2086
7943
0
0
0
2131
0
0
2135
2084
2081
3594
2091
0
0
2099
3840
0
3589
2107
2066
0
2139
2072
2115
0
2053
2123
0
2062
3616
2119
3659
3655
2049
3627
3623
3648
2070
3587
2155
2151
2057
2147
2076
2143
3846
2127
2111
2103
6191
0
0
0
0
2091
0
0
0
2131
3616
2053
2066
2099
0
0
2107
0
0
2139
2076
2049
2135
2062
2115
0
2123
0
2119
0
2072
3649
2147
0
2070
2143
3659
3655
3627
3623
3584
2085
3595
3591
3846
2155
2151
2127
2111
2103
2056
2081
2095
0
7938
0
0
0
0
2091
0
0
0
3616
2053
2066
2131
0
0
2099
0
0
2076
2049
2107
2062
0
2139
0
0
2135
2072
3649
2147
0
2070
2119
0
2115
0
3584
2085
2123
3659
3846
3655
3627
3623
3595
2056
2081
3591
2155
3842
2151
2143
2127
2111
2103
6191
0
0
0
0
2091
0
0
0
3616
2053
2066
2131
0
0
2099
0
0
2076
2049
2107
2062
0
2139
0
0
2135
2072
3649
2147
0
2070
2119
0
2115
0
3584
2085
2123
3659
3846
3655
3627
3623
3595
2056
2081
3591
2155
3842
2151
2143
2127
2111
2103
6191
0
0
0
0
0
0
0
0
0
0
0
0
0
0
0
0
0
0
0
0
0
0
0
0
0
0
0
0
0
0
0
0
0
0
0
0
0
0
0
0
0
0
0
0
0
0
0
0
0
0
0
0
0
0
0
0
0
0
0
0
0
0
0
0
0
0
0
0
0
0
0
0
0
0
0
0
0
0
0
0
0
0
0
0
0
0
0
0
0
0
0
0
0
0
0
0
0
0
0
0
0
0
0
0
0
0
0
0
0
0
0
0
0
0
0
0
0
0
0
0
0
0
0
0
0
0
0
0
0
0
0
0
0
0
0
0
0
0
0
0
0
0
0
0
0
0
0
0
0
0
0
0
0
0
0
0
0
0
0
0
0
0
0
0
0
0
0
0
0
0
0
0
0
0
0
0
0
0
0
0
0
0
0
0
0
0
0
0
0
0
0
0
0
0
0
0
0
0
0
0
0
0
0
0
0
0
0
0
0
0
0
0
0
0
0
0
0
0
0
0
0
0
0
0
0
0
0
0
0
0
0
0
0
0
0
0
0
0
0
0
0
0
0
0
0
0
0
0
0
0
0
0
0
0
0
0
0
0
0
0
0
0
0
0
0
0
0
0
0
0
0
0
0
0
0
0
0
0
0
0
0
0
0
0
0
0
0
0
0
0
0
0
0
0
0
0
0
0
0
0
0
0
0
0
0
0
0
0
0
0
0
0
0
0
0
0
0
0
0
0
0
0
0
0
0
0
0
0
0
0
0
0
0
0
0
0
0
0
0
0
0
0
0
0
0
0
0
0
0
0
0
0
0
0
0
0
0
0
0
0
0
0
0
0
0
0
0
0
0
0
0
0
0
0
0
0
0
0
0
0
0
0
0
0
0
0
0
0
0
0
0
0
0
0
0
0
0
0
0
0
0
0
0
0
0
0
0
0
0
0
0
0
0
0
0
0
0
0
0
0
0
0
0
0
0
0
0
0
0
0
0
0
0
0
0
0
0
0
0
0
0
0
0
0
0
0
0
0
0
0
0
0
0
0
0
0
0
0
0
0
0
0
0
0
0
0
0
0
0
0
0
0
0
0
0
0
0
0
0
0
0
0
0
0
0
0
0
0
0
0
0
0
0
0
0
0
0
0
0
0
0
0
0
0
0
0
0
0
0
0
0
0
0
0
0
0
0
0
0
0
0
0
0
0
0
0
0
0
0
0
0
0
0
0
0
0
0
0
0
0
0
0
0
0
0
0
0
0
0
0
0
0
0
0
0
0
0
0
0
0
0
0
0
0
0
0
0
0
0
0
0
0
0
0
0
0
0
0
0
0
0
0
0
0
0
0
0
0
0
0
0
0
0
0
0
0
0
0
0
0
0
0
0
0
0
0
0
0
0
0
0
0
0
0
0
0
0
0
0
0
0
0
0
0
0
0
0
0
0
0
0
0
0
0
0
0
0
0
0
0
0
0
0
0
0
0
0
0
0
0
0
0
0
0
0
0
0
0
0
0
0
0
0
0
0
0
0
0
0
0
0
0
0
0
0
0
0
0
0
0
0
0
0
0
0
0
0
0
0
0
0
0
0
0
0
0
0
0
0
0
0
0
0
0
0
0
0
0
0
0
0
0
0
0
0
0
0
0
0
0
0
0
0
0
0
0
0
0
0
0
0
0
0
0
0
0
0
0
0
0
0
0
0
0
0
0
0
0
0
0
0
0
0
0
0
0
0
0
0
0
0
0
0
0
0
0
0
0
0
0
0
0
0
0
0
0
0
0
0
0
0
0
0
0
0
0
0
0
0
0
0
0
0
0
0
0
0
0
0
0
0
0
0
0
0
0
0
0
0
0
0
0
0
0
0
0
0
0
0
0
0
0
0
0
0
0
0
0
0
0
0
0
0
0
0
0
0
0
0
0
0
0
0
0
0
0
0
0
0
0
0
0
0
0
0
0
0
0
0
0
0
0
0
0
0
0
0
0
0
0
0
0
0
0
0
0
0
0
0
0
0
0
0
0
0
0
0
0
0
0
0
0
0
0
0
0
0
0
0
0
0
0
0
0
0
0
0
0
0
0
0
0
0
0
0
0
0
0
0
0
0
0
0
0
0
0
0
0
0
0
0
0
0
0
0
0
0
0
0
0
0
0
0
0
0
0
0
0
0
0
0
0
0
0
0
0
0
0
0
0
0
0
0
0
0
0
0
0
0
0
0
0
0
0
0
0
0
0
0
0
0
0
0
0
0
0
0
0
0
0
0
0
0
0
0
0
0
0
0
0
0
0
0
0
0
0
0
0
0
0
0
0
0
0
0
0
0
0
0
0
0
0
0
0
0
0
0
0
0
0
0
0
0
0
0
0
0
0
0
0
0
0
0
0
0
0
0
0
0
0
0
0
0
0
0
0
0
0
0
0
0
0
0
0
0
0
0
0
0
0
0
0
0
0
0
0
0
0
0
0
0
0
0
0
0
0
0
0
0
0
0
0
0
0
0
0
0
0
0
0
0
0
0
0
0
0
0
0
0
0
0
0
0
0
0
0
0
0
0
0
0
0
0
0
0
0
0
0
0
0
0
0
0
0
0
0
0
0
0
0
0
0
0
0
0
0
0
0
0
0
0
0
0
0
0
0
0
0
0
0
0
0
0
0
0
0
0
0
0
0
0
0
0
0
0
0
0
0
0
0
0
0
0
0
0
0
0
0
0
0
0
0
0
0
0
0
0
0
0
0
0
0
0
0
0
0
0
0
0
0
0
0
0
0
0
0
0
0
0
0
0
0
0
0
0
0
0
0
0
0
0
0
0
0
0
0
0
0
0
0
0
0
0
0
0
0
0
0
0
0
0
0
0
0
0
0
0
0
0
0
0
0
0
0
0
0
0
0
0
0
0
0
0
0
0
0
0
0
0
0
0
0
0
0
0
0
0
0
0
0
0
0
0
0
0
0
0
0
0
0
0
0
0
0
0
0
0
0
0
0
0
0
0
0
0
0
0
0
0
0
0
0
0
0
0
0
0
0
0
0
0
0
0
0
0
0
0
0
0
0
0
0
0
0
0
0
0
0
0
0
0
0
0
0
0
0
0
0
0
0
0
0
0
0
0
0
0
0
0
0
0
0
0
0
0
0
0
0
0
0
0
0
0
0
0
0
0
0
0
0
0
0
0
0
0
0
0
0
0
0
0
0
0
0
0
0
0
0
0
0
0
0
0
0
0
0
0
0
0
0
0
0
0
0
0
0
0
0
0
0
0
0
0
0
0
0
0
0
0
0
0
0
0
0
0
0
0
0
0
0
0
0
0
0
0
0
0
0
0
0
0
0
0
0
0
0
0
0
0
0
0
0
0
0
0
0
0
0
0
0
0
0
0
0
0
0
0
0
0
0
0
0
0
0
0
0
0
0
0
0
0
0
0
0
0
0
0
0
0
0
0
0
0
0
0
0
0
0
0
0
0
0
0
0
0
0
0
0
0
0
0
0
0
0
0
0
0
0
0
0
0
0
0
0
0
