int
0
0
0
0
0
0
2068
3621
2074
3595
0
0
2098
2052
0
3589
2094
3627
0
2102
2048
2082
0
3657
2078
3847
2086
2056
3650
3618
3586
3653
2118
2114
2110
2106
2090
2066
2062
7939
0
0
0
2098
0
0
2072
3841
2094
3623
0
2102
0
2068
3657
2078
0
2086
3655
2082
2052
2057
3650
3618
3594
3590
3586
2048
3625
2118
2114
2110
2106
2090
2066
2062
7943
0
0
0
2098
0
0
2072
3841
2094
3659
0
2102
0
2068
3653
2078
0
2086
3627
2082
2052
2057
3650
3618
3594
3590
3586
2048
3621
2118
2114
2110
2106
2090
2066
2062
7943
0
0
0
2098
0
0
2068
3841
2094
3591
0
2102
0
2052
3657
2078
0
2086
3655
2082
3592
2057
3650
3626
3622
3618
3586
2048
2073
2118
2114
2110
2106
2090
2066
2062
7943
0
0
0
2099
0
0
2095
2052
2049
3654
2103
0
2079
0
2087
2072
2061
3846
2083
3651
3627
3623
3595
3584
2057
3842
3591
2119
2115
2111
2107
2068
3617
3658
2091
6163
0
0
0
2099
0
0
2095
0
2052
2049
3846
2103
0
2079
0
2087
0
2072
2061
3842
2083
3651
3627
3623
3595
3591
3584
2057
3658
2119
2115
2111
2107
2091
2067
2068
3617
7750
0
0
0
2098
0
0
2068
3841
2094
3659
0
2102
0
2052
3653
2078
0
2086
3595
2082
3588
2057
3650
3626
3622
3618
3586
2048
2073
2118
2114
2110
2106
2090
2066
2062
7943
0
0
0
2099
0
0
2095
0
2052
2049
3846
2103
0
2079
0
2087
0
2072
2061
3842
2083
3651
3627
3623
3595
3591
3584
2057
3658
2119
2115
2111
2107
2091
2067
2068
3617
7750
0
0
0
2099
0
0
2095
2052
2049
3658
2103
0
2079
0
2087
2072
2061
3846
2083
3651
3627
3623
3595
3584
2057
3842
3591
2119
2115
2111
2107
2068
3617
3654
2091
6163
0
0
0
2098
0
0
3624
3841
2094
3623
0
2102
0
2052
2057
2078
0
2086
3591
2082
3592
2073
3658
3654
3650
3618
3586
2048
2069
2118
2114
2110
2106
2090
2066
2062
7943
0
0
0
2099
0
0
2095
2052
2049
3622
2103
0
2079
0
2087
2072
3649
3846
2083
3659
3655
3619
3595
3584
3625
3842
3591
2119
2115
2111
2107
2068
2057
2066
2091
6159
0
0
0
2099
0
0
2095
0
2052
3649
3846
2103
0
2079
0
2087
0
2072
3625
3842
2083
3659
3655
3619
3595
3591
3584
3621
2066
2119
2115
2111
2107
2091
2063
2068
2057
6146
0
0
0
0
0
0
0
3616
2049
2058
3591
0
0
2098
0
3592
3649
2094
3847
0
2102
0
2078
2064
2073
2086
3843
2082
3658
3654
3626
2060
2069
3622
3586
2118
2114
2110
2106
2090
6151
0
0
0
2099
0
0
2103
0
2072
3649
2066
2095
0
2111
0
2083
0
2068
2053
3842
2079
0
2087
3659
3655
3844
3627
2049
2062
3623
3595
3591
2119
3584
2115
2107
3617
2058
6187
0
0
0
2099
0
0
2103
0
0
2072
3649
2066
2095
0
2079
0
2087
0
2083
2068
2053
3842
2111
0
2107
3659
3655
3627
3844
3623
2049
2062
3595
3591
2119
2115
2091
3584
0
0
3617
6154
0
0
0
0
0
0
0
0
3592
3649
2058
3847
0
0
2098
0
0
3588
2073
2094
3843
0
2102
0
2078
0
2064
2069
2086
2055
2082
3658
3654
3626
3622
2060
3617
3586
2118
2114
2110
2106
2090
6147
0
0
0
2099
0
0
2103
0
0
2072
3649
2066
2095
0
2111
0
2083
0
2079
2068
2053
3842
2087
3659
3655
3627
3623
3595
3844
3591
2049
2062
2119
2115
2107
2091
0
3584
0
0
3617
6154
0
0
0
2099
0
0
2103
0
0
2072
3649
2066
2095
0
2111
0
2083
0
2079
2068
2053
3842
2087
3659
3655
3627
3623
3595
3844
3591
2049
2062
2119
2115
2107
2091
0
3584
0
0
3617
6154
0
0
0
2098
0
0
3620
3841
2094
3595
0
2102
0
2052
2057
2078
0
2086
3627
2082
3588
2073
3658
3654
3650
3618
3586
2048
2069
2118
2114
2110
2106
2090
2066
2062
7943
0
0
0
2099
0
0
2095
0
2052
3649
3846
2103
0
2079
0
2087
0
2072
3625
3842
2083
3659
3655
3619
3595
3591
3584
3621
2066
2119
2115
2111
2107
2091
2063
2068
2057
6146
0
0
0
2099
0
0
2095
2052
2049
3626
2103
0
2079
0
2087
2072
3649
3846
2083
3659
3655
3619
3595
3584
3621
3842
3591
2119
2115
2111
2107
2068
2057
2066
2091
6159
0
0
0
0
0
0
0
0
3592
3649
2058
3847
0
0
2098
0
0
3588
2073
2094
3843
0
2102
0
2078
0
2064
2069
2086
2055
2082
3658
3654
3626
3622
2060
3617
3586
2118
2114
2110
2106
2090
6147
0
0
0
2099
0
0
2103
0
0
2072
3649
2066
2095
0
2111
0
2083
0
2079
2068
2053
3842
2087
3659
3655
3627
3623
3595
3844
3591
2049
2062
2119
2115
2107
2091
0
3584
0
0
3617
6154
0
0
0
2099
0
0
2103
0
0
2072
3649
2066
2095
0
2111
0
2083
0
2079
2068
2053
3842
2087
3659
3655
3627
3623
3595
3844
3591
2049
2062
2119
2115
2107
2091
0
3584
0
0
3617
6154
0
0
0
0
0
0
0
3616
2049
2058
3595
0
0
2098
0
3588
3649
2094
3847
0
2102
0
2078
2064
2073
2086
3843
2082
3658
3654
3626
2060
2069
3622
3586
2118
2114
2110
2106
2090
6151
0
0
0
2099
0
0
2103
0
0
2072
3649
2066
2095
0
2079
0
2087
0
2083
2068
2053
3842
2111
0
2107
3659
3655
3627
3844
3623
2049
2062
3595
3591
2119
2115
2091
3584
0
0
3617
6154
0
0
0
2099
0
0
2103
0
2072
3649
2066
2095
0
2111
0
2083
0
2068
2053
3842
2079
0
2087
3659
3655
3844
3627
2049
2062
3623
3595
3591
2119
3584
2115
2107
3617
2058
6187
0
0
0
2099
0
0
2103
0
2072
3649
2066
2095
0
2111
0
2083
0
2068
2053
3842
2079
0
2087
3659
3655
3844
3627
2049
2062
3623
3595
3591
2119
3584
2115
2107
3617
2058
6187
0
0
0
0
0
0
0
0
0
0
0
0
0
0
0
0
0
0
0
0
0
0
0
0
0
0
0
0
0
0
0
0
0
0
0
0
0
0
0
0
0
0
0
0
0
0
0
0
0
0
0
0
0
0
0
0
0
0
0
0
0
0
0
0
0
0
0
0
0
0
0
0
0
0
0
0
0
0
0
0
0
0
0
0
0
0
0
0
0
0
0
0
0
0
0
0
0
0
0
0
0
0
0
0
0
0
0
0
0
0
0
0
0
0
0
0
0
0
0
0
0
0
0
0
0
0
0
0
0
0
0
0
0
0
0
0
0
0
0
0
0
0
0
0
0
0
0
0
0
0
0
0
0
0
0
0
0
0
0
0
0
0
0
0
0
0
0
0
0
0
0
0
0
0
0
0
0
0
0
0
0
0
0
0
0
0
0
0
0
0
0
0
0
0
0
0
0
0
0
0
0
0
0
0
0
0
0
0
0
0
0
0
0
0
0
0
0
0
0
0
0
0
0
0
0
0
0
0
0
0
0
0
0
0
0
0
0
0
0
0
0
0
0
0
0
0
0
0
0
0
0
0
0
0
0
0
0
0
0
0
0
0
0
0
0
0
0
0
0
0
0
0
0
0
0
0
0
0
0
0
0
0
0
0
0
0
0
0
0
0
0
0
0
0
0
0
0
0
0
0
0
0
0
0
0
0
0
0
0
0
0
0
0
0
0
0
0
0
0
0
0
0
0
0
0
0
0
0
0
0
0
0
0
0
0
0
0
0
0
0
0
0
0
0
0
0
0
0
0
0
0
0
0
0
0
0
0
0
0
0
0
0
0
0
0
0
0
0
0
0
0
0
0
0
0
0
0
0
0
0
0
0
0
0
0
0
0
0
0
0
0
0
0
0
0
0
0
0
0
0
0
0
0
0
0
0
0
0
0
0
0
0
0
0
0
0
0
0
0
0
0
0
0
0
0
0
0
0
0
0
0
0
0
0
0
0
0
0
0
0
0
0
0
0
0
0
0
0
0
0
0
0
0
0
0
0
0
0
0
0
0
0
0
0
0
0
0
0
0
0
0
0
0
0
0
0
0
0
0
0
0
0
0
0
0
0
0
0
0
0
0
0
0
0
0
0
0
0
0
0
0
0
0
0
0
0
0
0
0
0
0
0
0
0
0
0
0
0
0
0
0
0
0
0
0
0
0
0
0
0
0
0
0
0
0
0
0
0
0
0
0
0
0
0
0
0
0
0
0
0
0
0
0
0
0
0
0
0
0
0
0
0
0
0
0
0
0
0
0
0
0
0
0
0
0
0
0
0
0
0
0
0
0
0
0
0
0
0
0
0
0
0
0
0
0
0
0
0
0
0
0
0
0
0
0
0
0
0
0
0
0
0
0
0
0
0
0
0
0
0
0
0
0
0
0
0
0
0
0
0
0
0
0
0
0
0
0
0
0
0
0
0
0
0
0
0
0
0
0
0
0
0
0
0
0
0
0
0
0
0
0
0
0
0
0
0
0
0
0
0
0
0
0
0
0
0
0
0
0
0
0
0
0
0
0
0
0
0
0
0
0
0
0
0
0
0
0
0
0
0
0
0
0
0
0
0
0
0
0
0
0
0
0
0
0
0
0
0
0
0
0
0
0
0
0
0
0
0
0
0
0
0
0
0
0
0
0
0
0
0
0
0
0
0
0
0
0
0
0
0
0
0
0
0
0
0
0
0
0
0
0
0
0
0
0
0
0
0
0
0
0
0
0
0
0
0
0
0
0
0
0
0
0
0
0
0
0
0
0
0
0
0
0
0
0
0
0
0
0
0
0
0
0
0
0
0
0
0
0
0
0
0
0
0
0
0
0
0
0
0
0
0
0
0
0
0
0
0
0
0
0
0
0
0
0
0
0
0
0
0
0
0
0
0
0
0
0
0
0
0
0
0
0
0
0
0
0
0
0
0
0
0
0
0
0
0
0
0
0
0
0
0
0
0
0
0
0
0
0
0
0
0
0
0
0
0
0
0
0
0
0
0
0
0
0
0
0
0
0
0
0
0
0
0
0
0
0
0
0
0
0
0
0
0
0
0
0
0
0
0
0
0
0
0
0
0
0
0
0
0
0
0
0
0
0
0
0
0
0
0
0
0
0
0
0
0
0
0
0
0
0
0
0
0
0
0
0
0
0
0
0
0
0
0
0
0
0
0
0
0
0
0
0
0
0
0
0
0
0
0
0
0
0
0
0
0
0
0
0
0
0
0
0
0
0
0
0
0
0
0
0
0
0
0
0
0
0
0
0
0
0
0
0
0
0
0
0
0
0
0
0
0
0
0
0
0
0
0
0
0
0
0
0
0
0
0
0
0
0
0
0
0
0
0
0
0
0
0
0
0
0
0
0
0
0
0
0
0
0
0
0
0
0
0
0
0
0
0
0
0
0
0
0
0
0
0
0
0
0
0
0
0
0
0
0
0
0
0
0
0
0
0
0
0
0
0
0
0
0
0
0
0
0
0
0
0
0
0
0
0
0
0
0
0
0
0
0
0
0
0
0
0
0
0
0
0
0
0
0
0
0
0
0
0
0
0
0
0
0
0
0
0
0
0
0
0
0
0
0
0
0
0
0
0
0
0
0
0
0
0
0
0
0
0
0
0
0
0
0
0
0
0
0
0
0
0
0
0
0
0
0
0
0
0
0
0
0
0
0
0
0
0
0
0
0
0
0
0
0
0
0
0
0
0
0
0
0
0
0
0
0
0
0
0
0
0
0
0
0
0
0
0
0
0
0
0
0
0
0
0
0
0
0
0
0
0
0
0
0
0
0
0
0
0
0
0
0
0
0
0
0
0
0
0
0
0
0
0
0
0
0
0
0
0
0
0
0
0
0
0
0
0
0
0
0
0
0
0
0
0
0
0
0
0
0
0
0
0
0
0
0
0
0
0
0
0
0
0
0
0
0
0
0
0
0
0
0
0
0
0
0
0
0
0
0
0
0
0
0
0
0
0
0
0
0
0
0
0
0
0
0
0
0
0
0
0
0
0
0
0
0
0
0
0
0
0
0
0
0
0
0
0
0
0
0
0
0
0
0
0
0
0
0
0
0
0
0
0
0
0
0
0
0
0
0
0
0
0
0
0
0
0
0
0
0
0
0
0
0
0
0
0
0
0
0
0
0
0
0
0
0
0
0
0
0
0
0
0
0
0
0
0
0
0
0
0
0
0
0
0
0
0
0
0
0
0
0
0
0
0
0
0
0
0
0
0
0
0
0
0
0
0
0
0
0
0
0
0
0
0
0
0
0
0
0
0
0
0
0
0
0
0
0
0
0
0
0
0
0
0
0
0
0
0
0
0
0
0
0
0
0
0
0
0
0
0
0
0
0
0
0
0
0
0
0
0
0
0
0
0
0
0
0
0
0
0
0
0
0
0
0
0
0
0
0
0
0
0
0
0
0
0
0
0
0
0
0
0
0
0
0
0
0
0
0
0
0
0
0
0
0
0
0
0
0
0
0
0
0
0
0
0
0
0
0
0
0
0
0
0
0
0
0
0
0
0
0
0
0
0
0
0
0
0
0
0
0
0
0
0
0
0
0
0
0
0
0
0
0
0
0
0
0
0
0
0
0
0
0
0
0
0
0
0
0
0
0
0
0
0
0
0
0
0
0
0
0
0
0
0
0
0
0
0
0
0
0
0
0
0
0
0
0
0
0
0
0
0
0
0
0
0
0
0
0
0
0
0
0
0
0
0
0
0
0
0
0
0
0
0
0
0
0
0
0
0
0
0
0
0
0
0
0
0
0
0
0
0
0
0
0
0
0
0
0
0
0
0
0
0
0
0
0
0
0
0
0
0
0
0
0
0
0
0
0
0
0
0
0
0
0
0
0
0
0
0
0
0
0
0
0
0
0
0
0
0
0
0
0
0
0
0
0
0
0
0
0
0
0
0
0
0
0
0
0
0
0
0
0
0
0
0
0
0
0
0
0
0
0
0
0
0
0
0
0
0
0
0
0
0
0
0
0
0
0
0
0
0
0
0
0
0
0
0
0
0
0
0
0
0
0
0
0
0
0
0
0
0
0
0
0
0
0
0
0
0
0
0
0
0
0
0
0
0
0
0
0
0
0
0
0
0
0
0
0
0
0
0
0
0
0
0
0
0
0
0
0
0
0
0
0
0
0
0
0
0
0
0
0
0
0
0
0
0
0
0
0
0
0
0
0
0
0
0
0
0
0
0
0
0
0
0
0
0
0
0
0
0
0
0
0
0
0
0
0
0
0
0
0
0
0
0
0
0
0
0
0
0
0
0
0
0
0
0
0
0
0
0
0
0
0
0
0
0
0
0
0
0
0
0
0
0
0
0
0
0
0
0
0
0
0
0
0
0
0
0
0
0
0
0
0
0
0
0
0
0
0
0
0
0
0
0
0
0
0
0
0
0
0
0
0
0
0
0
0
0
0
0
0
0
0
0
0
0
0
0
0
0
0
0
0
0
0
0
0
0
0
0
0
0
0
0
0
0
0
0
0
0
0
0
0
0
0
0
0
0
0
0
0
0
0
0
0
0
0
0
0
0
0
0
0
0
0
0
0
0
0
0
0
0
0
0
0
0
0
0
0
0
0
0
0
0
0
0
0
0
0
0
0
0
0
0
0
0
0
0
0
0
0
0
0
0
0
0
0
0
0
0
0
0
0
0
0
0
0
0
0
0
0
0
0
0
0
0
0
0
0
0
0
0
0
0
0
0
0
0
0
0
0
0
0
0
0
0
0
0
0
0
0
0
0
0
0
0
0
0
0
0
0
0
0
0
0
0
0
0
0
0
0
0
0
0
0
0
0
0
0
0
0
0
0
0
0
0
0
0
0
0
0
0
0
0
0
0
0
0
0
0
0
0
0
0
0
0
0
0
0
0
0
0
0
0
0
0
0
0
0
0
0
0
0
0
0
0
0
0
0
0
0
0
0
0
0
0
0
0
0
0
0
0
0
0
0
0
0
0
0
0
0
0
0
0
0
0
0
0
0
0
0
0
0
0
0
0
0
0
0
0
0
0
0
0
0
0
0
0
0
0
0
0
0
0
0
0
0
0
0
0
0
0
0
0
0
0
0
0
0
0
0
0
0
0
0
0
0
0
0
0
0
0
0
0
0
0
0
0
0
0
0
0
0
0
0
0
0
0
0
0
0
0
0
0
0
0
0
0
0
0
0
0
0
0
0
0
0
0
0
0
0
0
0
0
0
0
0
0
0
0
0
0
0
0
0
0
0
0
0
0
0
0
0
0
0
0
0
0
0
0
0
0
0
0
0
0
0
0
0
0
0
0
0
0
0
0
0
0
0
0
0
0
0
0
0
0
0
0
0
0
0
0
0
0
0
0
0
0
0
0
0
0
0
0
0
0
0
0
0
0
0
0
0
0
0
0
0
0
0
0
0
0
0
0
0
0
0
0
0
0
0
0
0
0
0
0
0
0
0
0
0
0
0
0
0
0
0
0
0
0
0
0
0
0
0
0
0
0
0
0
0
0
0
0
0
0
0
0
0
0
0
0
0
0
0
0
0
0
0
0
0
0
0
0
0
0
0
0
0
0
0
0
0
0
0
0
0
0
0
0
0
0
0
0
0
0
0
0
0
0
0
0
0
0
0
0
0
0
0
0
0
0
0
0
0
0
0
0
0
0
0
0
0
0
0
0
0
0
0
0
0
0
0
0
0
0
0
0
0
0
0
0
0
0
0
0
0
0
0
0
0
0
0
0
0
0
0
0
0
0
0
0
0
0
0
0
0
0
0
0
0
0
0
0
0
0
0
0
0
0
0
0
0
0
0
0
0
0
0
0
0
0
0
0
0
0
0
0
0
0
0
0
0
0
0
0
0
0
0
0
0
0
0
0
0
0
0
0
0
0
0
0
0
0
0
0
0
0
0
0
0
0
0
0
0
0
0
0
0
0
0
0
0
0
0
0
0
0
0
0
0
0
0
0
0
0
0
0
0
0
0
0
0
0
0
0
0
0
0
0
0
0
0
0
0
0
0
0
0
0
0
0
0
0
0
0
0
0
0
0
0
0
0
0
0
0
0
0
0
0
0
0
0
0
0
0
0
0
0
0
0
0
0
0
0
0
0
0
0
0
0
0
0
0
0
0
0
0
0
0
0
0
0
0
0
0
0
0
0
0
0
0
0
0
0
0
0
0
0
0
0
0
0
0
0
0
0
0
0
0
0
0
0
0
0
0
0
0
0
0
0
0
0
0
0
0
0
0
0
0
0
0
0
0
0
0
0
0
0
0
0
0
0
0
0
0
0
0
0
0
0
0
0
0
0
0
0
0
0
0
0
0
0
0
0
0
0
0
0
0
0
0
0
0
0
0
0
0
0
0
0
0
0
0
0
0
0
0
0
0
0
0
0
0
0
0
0
0
0
0
0
0
0
0
0
0
0
0
0
0
0
0
0
0
0
0
0
0
0
0
0
0
0
0
0
0
0
0
0
0
0
0
0
0
0
0
0
0
0
0
0
0
0
0
0
0
0
0
0
0
0
0
0
0
0
0
0
0
0
0
0
0
0
0
0
0
0
0
0
0
0
0
0
0
0
0
0
0
0
0
0
0
0
0
0
0
0
0
0
0
0
0
0
0
0
0
0
0
0
0
0
0
0
0
0
0
0
0
0
0
0
0
0
0
0
0
0
0
0
0
0
0
0
0
0
0
0
0
0
0
0
0
0
0
0
0
0
0
0
0
0
0
0
0
0
0
0
0
0
0
0
0
0
0
0
0
0
0
0
0
0
