int
0
0
2111
2120
3861
3626
2063
2096
3857
2091
3622
2092
2137
2087
0
2064
2133
3590
2083
2068
2129
3875
3658
2100
2181
2051
2056
3654
2177
2052
3651
3619
2116
2173
3594
2112
3587
2125
2142
2171
2167
2163
2159
2155
2151
2147
2107
2079
6171
0
0
2111
2120
2141
3654
2063
2096
2137
2091
2084
3622
2133
3656
3875
2094
2080
2129
2051
3624
3862
2181
2056
3591
3858
2052
2177
3651
2116
2066
2173
2112
3619
2070
2125
3595
3587
2102
2171
2167
2163
2159
2155
2151
2147
2107
2079
6171
0
0
2111
2120
2141
3626
2063
2096
2137
2091
2084
3658
2133
3652
3875
2094
2080
2129
3595
3620
3862
2181
2056
2051
3858
2052
2177
3651
2116
2066
2173
2112
3619
2070
2125
3591
3587
2102
2171
2167
2163
2159
2155
2151
2147
2107
2079
6171
0
0
3595
2124
2101
3654
2083
2120
2141
2119
3590
2096
2137
3875
2056
2094
2133
3656
2111
3862
2052
2129
2051
2060
3858
2181
2088
3623
2066
2084
2177
2115
2070
3651
2173
3627
3619
3587
2171
2167
2163
2159
2155
2151
2147
2107
2079
6171
0
0
0
2084
3617
3654
2127
2080
2101
2118
2123
2052
2097
3862
2115
2072
3585
3858
3875
2068
2181
3658
2051
2140
2177
2066
3591
2136
2173
2062
3623
2132
2093
2058
3651
2128
2089
3627
3595
2171
2167
2163
2159
2155
2151
2147
2111
2107
6175
0
0
0
2125
2091
3620
3874
2121
2087
0
0
3616
2081
2062
2143
0
2181
3592
2139
2058
2177
0
2135
2048
2173
3658
2131
0
2065
3584
2115
3654
2069
3651
2116
3627
2101
2074
3860
3591
2097
2171
3856
2054
2093
2167
2163
2159
2155
2151
2147
2111
2107
6175
0
0
3591
2124
2101
3594
2083
2120
2141
2119
3658
2096
2137
3875
2056
2094
2133
3652
2111
3862
2052
2129
3627
2060
3858
2181
2088
2051
2066
2084
2177
2115
2070
3651
2173
3623
3619
3587
2171
2167
2163
2159
2155
2151
2147
2107
2079
6171
0
0
0
2125
2091
2052
3874
2121
2087
0
0
3616
2081
2062
2143
0
2181
2048
2139
2058
2177
0
2135
3588
2173
3658
2131
0
2065
3584
2115
3654
2069
3651
2116
3623
2101
2074
3860
3595
2097
2171
3856
3626
2093
2167
2163
2159
2155
2151
2147
2111
2107
6175
0
0
0
2084
3617
3658
2127
2080
2101
2118
2123
2052
2097
3862
2115
2072
3585
3858
3875
2068
2181
3654
3595
2140
2177
2066
3627
2136
2173
2062
2051
2132
2093
2058
3651
2128
2089
3623
3591
2171
2167
2163
2159
2155
2151
2147
2111
2107
6175
0
0
3595
2124
2101
3590
2083
2120
2141
2119
3622
2096
2137
3875
2056
2094
2133
2052
2111
3862
2060
2129
3655
2088
3858
2181
3624
2051
2066
2084
2177
2115
2070
3659
2173
3651
3619
3587
2171
2167
2163
2159
2155
2151
2147
2107
2079
6171
0
0
0
2076
2097
2126
3623
2052
2093
2122
2111
2068
2089
2118
3863
2064
3585
2114
3859
2060
2181
3874
2059
2140
2177
2050
2103
2136
2173
3654
3651
2132
2085
3590
3658
2128
2081
3618
3594
2170
2166
2162
2158
2154
2150
2146
2106
2074
7723
0
0
0
3857
2087
3620
3874
2121
2083
0
0
2052
2113
2062
2067
0
2069
3592
2143
2078
2181
0
2139
2048
2177
2058
2135
0
2173
3584
2131
3654
2101
0
2108
2127
2097
3650
3659
2116
2093
3619
3591
3860
2089
3626
2171
2167
2163
2159
2155
2151
2147
2107
6171
0
0
0
2080
2097
2126
3591
2076
3617
2122
2059
2072
3593
2062
3863
2068
2093
2114
3859
2064
2181
3874
2111
2140
2177
3622
2055
2136
2173
3654
3651
2132
2089
2050
3658
2128
2085
3626
3586
2170
2166
2162
2158
2154
2150
2146
2118
2106
6199
0
0
0
2140
3617
2078
2071
2136
3875
2081
2074
2132
3591
0
2113
2128
2058
3655
0
2180
3585
2054
2147
2176
2065
3623
2062
2172
3861
2051
3659
2124
3857
3650
3627
2120
2101
3595
2090
2092
2097
2171
2167
2086
2163
2159
2155
2151
2119
2111
6203
0
0
0
2127
2088
0
3621
3874
2123
2112
0
0
2095
3617
2084
2058
2071
0
3860
0
3593
2067
3856
2078
0
2103
2136
2049
0
2099
2132
2074
0
2143
2128
3585
2147
0
2180
3654
2171
3659
2176
2061
3627
3591
2172
3650
2081
2167
2163
2159
2155
2151
2054
2119
2111
6203
0
0
0
3857
2095
2052
3874
2125
2091
0
0
3616
2121
2058
2087
0
2081
3592
2143
2078
2181
0
2139
3588
2177
2074
2135
0
2173
2048
2131
3654
2069
2115
3659
2060
2065
3650
3623
3587
2108
2101
2171
3626
3860
2097
2167
2163
2159
2155
2151
2147
2119
6203
0
0
0
2127
2088
0
2053
3874
2123
2112
0
0
2095
3617
2084
2058
2071
0
3860
0
2049
2067
3856
2078
0
2103
2136
3589
0
2099
2132
2074
0
2143
2128
3585
2147
3659
2180
3654
3623
3595
2176
2061
2171
2167
2172
3650
2081
2163
2159
2155
2151
2119
3626
2111
6203
0
0
0
2127
2088
0
2053
3874
2123
2112
0
0
2095
3617
2084
2058
2071
0
3860
0
3593
2067
3856
2078
0
2103
2136
2049
0
2099
2132
2074
0
2143
2128
3585
2147
3659
2180
3654
3623
3591
2176
2061
2171
2167
2172
3650
2081
2163
2159
2155
2151
2119
3626
2111
6203
0
0
3591
2124
2101
3626
2083
2120
2141
2119
3594
2096
2137
3875
2056
2094
2133
2052
3659
3862
2060
2129
2111
2088
3858
2181
3620
2051
2066
2084
2177
2115
2070
3655
2173
3651
3619
3587
2171
2167
2163
2159
2155
2151
2147
2107
2079
6171
0
0
0
3857
2087
3620
3874
2121
2083
0
0
2052
2113
2062
2067
0
2069
2048
2143
2078
2181
0
2139
3588
2177
3658
2135
0
2173
3584
2131
2058
2101
0
2108
2127
2097
3650
3655
2116
2093
3619
3595
3860
2089
3626
2171
2167
2163
2159
2155
2151
2147
2107
6171
0
0
0
2076
2097
2126
3627
2052
2093
2122
2111
2068
2089
2118
3863
2064
3585
2114
3859
2060
2181
3874
2059
2140
2177
3658
2103
2136
2173
3594
3651
2132
2085
2050
3654
2128
2081
3618
3590
2170
2166
2162
2158
2154
2150
2146
2106
2074
7719
0
0
0
3857
2095
3620
3874
2125
2091
0
0
3616
2121
2058
2087
0
2081
3592
2143
2078
2181
0
2139
3588
2177
3658
2135
0
2173
2048
2131
2074
2069
2115
3655
2060
2065
3650
3627
3587
2108
2101
2171
2054
3860
2097
2167
2163
2159
2155
2151
2147
2119
6203
0
0
0
2127
2088
0
3621
3874
2123
2112
0
0
2095
3617
2084
2058
2071
0
3860
0
2049
2067
3856
2078
0
2103
2136
3589
0
2099
2132
3658
0
2143
2128
3585
2147
3655
2180
2074
3627
3595
2176
2061
2171
2167
2172
3650
2081
2163
2159
2155
2151
2119
2054
2111
6203
0
0
0
2127
2088
0
3621
3874
2123
2112
0
0
2095
3617
2084
2058
2071
0
3860
0
3593
2067
3856
2078
0
2103
2136
2049
0
2099
2132
3658
0
2143
2128
3585
2147
3655
2180
2074
3627
3591
2176
2061
2171
2167
2172
3650
2081
2163
2159
2155
2151
2119
2054
2111
6203
0
0
0
2080
2097
2126
3595
2076
3617
2122
2059
2072
3589
2062
3863
2068
2093
2114
3859
2064
2181
3874
2111
2140
2177
3658
2055
2136
2173
2050
3651
2132
2089
3626
3654
2128
2085
3622
3586
2170
2166
2162
2158
2154
2150
2146
2118
2106
6199
0
0
0
2127
2088
0
2053
3874
2123
2112
0
0
2095
3617
2084
2058
2071
0
3860
0
2049
2067
3856
2078
0
2103
2136
3589
0
2099
2132
3658
0
2143
2128
3585
2147
0
2180
2074
2171
3655
2176
2061
3623
3595
2172
3650
2081
2167
2163
2159
2155
2151
3626
2119
2111
6203
0
0
0
2140
3617
2078
2071
2136
3875
2081
2074
2132
3659
0
2113
2128
2058
2051
0
2180
3585
2054
3627
2176
2065
2147
2062
2172
3861
3595
3655
2124
3857
3650
3623
2120
2101
3591
2090
2092
2097
2171
2167
2086
2163
2159
2155
2151
2119
2111
6203
0
0
0
2140
2053
3586
2095
2136
0
3617
2086
2132
2115
0
2061
2128
2082
2071
0
2124
2089
2078
2067
2180
2101
2147
2074
2176
3861
3875
3659
2172
3857
3650
3655
2120
2097
3627
2058
3623
3595
3591
2171
2167
2163
2159
2155
2151
2119
2111
2107
6147
0
0
0
0
0
0
2156
3857
3626
2119
0
0
0
2068
2089
0
2115
3622
0
0
2148
2085
0
2111
0
0
3590
2064
2081
0
2063
0
0
0
2140
2181
3658
2103
0
0
0
2136
2177
0
2099
3654
3875
0
2132
2173
2051
3651
3619
3587
3594
2128
2057
2171
2163
2155
2147
2094
2124
2165
2107
2079
2075
0
3862
2120
6149
0
0
0
0
0
0
2052
2093
3654
2127
0
0
0
2156
2089
0
2123
3622
0
0
2068
2085
0
2119
2102
0
0
2148
2081
0
2115
3862
0
0
2064
2181
0
2111
3858
0
0
2140
2177
0
2063
3658
3875
0
2136
2173
2051
0
2098
3591
3651
2132
2057
3619
3595
3626
3587
2171
2128
2165
2163
2155
2147
2107
2079
6171
0
0
0
0
0
0
2052
2093
3626
2127
0
0
0
2156
2089
0
2123
3658
0
0
2068
2085
0
2119
2102
0
0
2148
2081
0
2115
3862
0
0
2064
2181
0
2111
3858
0
0
2140
2177
0
2063
3654
3875
0
2136
2173
3595
0
2098
2051
3651
2132
2057
3619
3591
3622
3587
2171
2128
2165
2163
2155
2147
2107
2079
6171
0
0
0
0
0
0
2052
2089
3654
2127
0
0
0
2156
2085
0
2123
3590
0
0
2068
3593
0
2119
2102
0
0
2148
2081
0
2115
3862
0
0
2064
2181
0
2111
3858
0
0
2140
2177
0
2063
3658
3875
0
2136
2173
3623
0
2098
2051
3651
2132
2057
3627
3619
2094
3587
2171
2128
2165
2163
2155
2147
2107
2079
6171
0
0
0
0
0
0
0
2072
3617
2126
3655
0
0
0
0
2156
2085
2122
2103
0
0
0
0
2068
2081
2118
3863
0
0
0
0
2148
3585
2114
3859
0
0
0
0
2064
2181
2062
3659
0
0
0
0
2140
2177
2058
2099
3874
0
2050
0
2136
2173
3590
2095
3622
3650
3626
3594
2132
2053
2170
2162
2154
2146
2110
2106
2128
2165
2078
6187
0
0
0
0
0
0
0
2084
2091
3873
3594
0
0
0
0
2080
2143
0
0
3861
2074
0
0
2180
2139
0
0
0
0
3857
3586
2176
2135
0
0
0
0
0
0
2172
3657
2070
2131
0
0
0
0
2100
0
0
3653
2066
2127
0
0
2164
0
0
0
0
2053
2062
2123
2096
3651
3627
3591
2171
2163
2155
2049
2156
2058
2147
2111
2107
2079
0
0
2092
3621
2118
0
0
0
0
0
2148
0
2114
7713
0
0
0
0
0
0
2052
2089
3594
2127
0
0
0
2156
2085
0
2123
3658
0
0
2068
3589
0
2119
2102
0
0
2148
2081
0
2115
3862
0
0
2064
2181
0
2111
3858
0
0
2140
2177
0
2063
3654
3875
0
2136
2173
2051
0
2098
3627
3651
2132
2057
3623
3619
2094
3587
2171
2128
2165
2163
2155
2147
2107
2079
6171
0
0
0
0
0
0
0
2084
2091
3873
2074
0
0
0
0
2080
2143
0
0
3861
3590
0
0
2180
2139
0
0
0
0
3857
3586
2176
2135
0
0
0
0
0
0
2172
3657
2070
2131
0
0
0
0
2100
0
0
3653
2066
2127
0
0
2164
0
0
0
0
2053
2062
2123
2096
3651
3623
3595
2171
2163
2155
3625
2156
2058
2147
2111
2107
2079
0
0
2092
2049
2118
0
0
0
0
0
2148
0
2114
7713
0
0
0
0
0
0
0
2072
3617
2126
3659
0
0
0
0
2156
2085
2122
2103
0
0
0
0
2068
2081
2118
3863
0
0
0
0
2148
3585
2114
3859
0
0
0
0
2064
2181
2062
3655
0
0
0
0
2140
2177
2058
2099
3874
0
3594
0
2136
2173
3626
2095
2050
3650
3622
3590
2132
2053
2170
2162
2154
2146
2110
2106
2128
2165
2078
6187
0
0
0
0
0
0
2052
3625
3590
2127
0
0
0
2156
2085
0
2123
3622
0
0
2068
3593
0
2119
2102
0
0
2148
2081
0
2115
3862
0
0
2064
2181
0
2111
3858
0
0
2140
2177
0
2063
2098
3875
0
2136
2173
2051
0
2094
3655
3659
2132
2057
3651
3619
2090
3587
2171
2128
2165
2163
2155
2147
2107
2079
6171
0
0
0
0
0
0
0
2068
2085
2126
3623
0
0
0
0
2156
2081
2122
2099
0
0
0
0
2064
2077
2118
3863
0
0
0
0
2148
3585
2114
3859
0
0
0
0
2060
2181
2110
2095
0
0
0
0
2140
2177
2058
2091
0
0
0
0
2136
2173
2102
3651
3874
0
2050
0
2132
2053
3654
3627
3590
3658
3618
3594
2128
2165
2170
2162
2154
2146
2106
6170
0
0
0
0
0
0
0
2113
2151
3872
3594
0
0
0
0
2081
2087
0
0
3860
2050
0
0
2101
2143
0
0
0
0
3856
3586
2181
2139
0
0
0
0
0
0
2052
2177
2070
2135
0
0
0
0
0
2173
3652
2131
2066
0
0
0
0
2097
0
2127
3648
0
2062
0
0
2165
0
2123
3659
3619
3624
3591
2058
2093
2171
2163
2155
2147
2107
2075
3620
2157
2110
0
0
0
0
0
0
2089
2076
6214
0
0
0
0
0
0
0
2068
2081
2126
3591
0
0
0
0
2156
3617
2122
2099
0
0
0
0
2064
3593
2058
3863
0
0
0
0
2148
2077
2114
3859
0
0
0
0
2060
2181
2110
2095
0
0
0
0
2140
2177
2054
2091
0
0
0
0
2136
2173
2102
3651
3874
0
3622
0
2132
2073
3654
2087
2050
3658
3626
3586
2128
2165
2170
2162
2154
2146
2118
6202
0
0
0
0
0
0
0
0
2156
2085
2054
2123
0
0
0
0
0
2068
2081
3862
2063
0
0
0
0
0
2148
3585
3858
2115
0
0
0
0
0
2064
2181
2102
2059
0
3875
0
3591
0
2140
2177
2098
3655
0
2051
0
3623
0
2136
2173
3650
2147
3659
3627
3595
2171
2163
2132
2077
2094
2155
2119
2111
2107
0
0
2128
2165
2090
0
0
0
0
0
0
2124
2073
7714
0
0
0
0
0
0
0
0
2112
2095
3873
3594
0
0
0
0
0
2084
2143
0
0
3861
2058
0
0
0
2180
2139
0
0
0
0
3857
3586
0
2176
2135
0
0
0
0
0
0
2065
2172
2054
2131
0
0
0
0
0
0
2080
3653
2127
2050
0
0
0
0
0
2164
0
2123
3649
2147
2078
2171
3659
3627
2100
3591
2163
2155
2119
2061
2111
2074
2107
2156
0
0
0
0
0
0
3621
0
2096
2070
0
0
0
0
0
0
0
2148
3617
6186
0
0
0
0
0
0
0
2085
2151
3872
3594
0
0
0
0
2113
2091
0
0
3860
3590
0
0
2081
2143
0
0
0
0
3856
2058
2181
2139
0
0
0
0
0
0
2064
2177
2054
2135
0
0
0
0
0
2173
3652
2131
2050
0
0
0
0
2101
0
2127
3648
0
2078
0
0
2165
0
2123
3659
3623
3624
3587
2074
2097
2171
2163
2155
2147
2119
2107
2060
2157
2070
0
0
0
0
0
0
2093
3616
6206
0
0
0
0
0
0
0
0
2112
2095
3873
2058
0
0
0
0
0
2084
2143
0
0
3861
3590
0
0
0
2180
2139
0
0
0
0
3857
3586
0
2176
2135
0
0
0
0
0
0
2065
2172
2054
2131
0
0
0
0
0
0
2080
3653
2127
2050
0
0
0
0
0
2164
0
2123
3649
2147
2078
3659
3623
3595
2100
2171
2163
2155
2119
3625
2111
2074
2107
2156
0
0
0
0
0
0
2061
0
2096
2070
0
0
0
0
0
0
0
2148
3617
6186
0
0
0
0
0
0
0
0
2112
2095
3873
3594
0
0
0
0
0
2084
2143
0
0
3861
2058
0
0
0
2180
2139
0
0
0
0
3857
3586
0
2176
2135
0
0
0
0
0
0
2065
2172
2054
2131
0
0
0
0
0
0
2080
3653
2127
2050
0
0
0
0
0
2164
0
2123
3649
2147
2078
3659
3623
3591
2100
2171
2163
2155
2119
3625
2111
2074
2107
2156
0
0
0
0
0
0
2061
0
2096
2070
0
0
0
0
0
0
0
2148
3617
6186
0
0
0
0
0
0
2052
3621
3626
2127
0
0
0
2156
2085
0
2123
3594
0
0
2068
3589
0
2119
2102
0
0
2148
2081
0
2115
3862
0
0
2064
2181
0
2111
3858
0
0
2140
2177
0
2063
2098
3875
0
2136
2173
3659
0
2094
2051
3655
2132
2057
3651
3619
2090
3587
2171
2128
2165
2163
2155
2147
2107
2079
6171
0
0
0
0
0
0
0
2113
2151
3872
2050
0
0
0
0
2081
2087
0
0
3860
3590
0
0
2101
2143
0
0
0
0
3856
3586
2181
2139
0
0
0
0
0
0
3656
2177
2070
2135
0
0
0
0
0
2173
2052
2131
2066
0
0
0
0
2097
0
2127
3648
0
2062
0
0
2165
0
2123
3655
3619
3624
3595
2058
2093
2171
2163
2155
2147
2107
2075
3620
2157
2110
0
0
0
0
0
0
2089
2076
6214
0
0
0
0
0
0
0
2068
2085
2126
3627
0
0
0
0
2156
2081
2122
2099
0
0
0
0
2064
2077
2118
3863
0
0
0
0
2148
3585
2114
3859
0
0
0
0
2060
2181
2110
2095
0
0
0
0
2140
2177
2058
2091
0
0
0
0
2136
2173
2102
3651
3874
0
3658
0
2132
2053
3594
3623
2050
3654
3618
3590
2128
2165
2170
2162
2154
2146
2106
6170
0
0
0
0
0
0
0
2085
2151
3872
3594
0
0
0
0
2113
2091
0
0
3860
3590
0
0
2081
2143
0
0
0
0
3856
2058
2181
2139
0
0
0
0
0
0
3656
2177
2054
2135
0
0
0
0
0
2173
2064
2131
2050
0
0
0
0
2101
0
2127
3648
0
2078
0
0
2165
0
2123
3655
3627
2060
3587
2074
2097
2171
2163
2155
2147
2119
2107
3620
2157
2070
0
0
0
0
0
0
2093
3616
6206
0
0
0
0
0
0
0
0
2112
2095
3873
2058
0
0
0
0
0
2084
2143
0
0
3861
3590
0
0
0
2180
2139
0
0
0
0
3857
3586
0
2176
2135
0
0
0
0
0
0
3657
2172
2054
2131
0
0
0
0
0
0
2080
2065
2127
2050
0
0
0
0
0
2164
0
2123
3649
2147
2078
3655
3627
3595
2100
2171
2163
2155
2119
2061
2111
2074
2107
2156
0
0
0
0
0
0
3621
0
2096
2070
0
0
0
0
0
0
0
2148
3617
6186
0
0
0
0
0
0
0
0
2112
2095
3873
3594
0
0
0
0
0
2084
2143
0
0
3861
2058
0
0
0
2180
2139
0
0
0
0
3857
3586
0
2176
2135
0
0
0
0
0
0
3657
2172
2054
2131
0
0
0
0
0
0
2080
2065
2127
2050
0
0
0
0
0
2164
0
2123
3649
2147
2078
3655
3627
3591
2100
2171
2163
2155
2119
2061
2111
2074
2107
2156
0
0
0
0
0
0
3621
0
2096
2070
0
0
0
0
0
0
0
2148
3617
6186
0
0
0
0
0
0
0
2068
2081
2126
3595
0
0
0
0
2156
3617
2122
2099
0
0
0
0
2064
3589
2058
3863
0
0
0
0
2148
2077
2114
3859
0
0
0
0
2060
2181
2110
2095
0
0
0
0
2140
2177
2054
2091
0
0
0
0
2136
2173
2102
3651
3874
0
3658
0
2132
2073
2050
2087
3626
3654
3622
3586
2128
2165
2170
2162
2154
2146
2118
6202
0
0
0
0
0
0
0
0
2112
2095
3873
2058
0
0
0
0
0
2084
2143
0
0
3861
3590
0
0
0
2180
2139
0
0
0
0
3857
3586
0
2176
2135
0
0
0
0
0
0
3657
2172
2054
2131
0
0
0
0
0
0
2080
2065
2127
2050
0
0
0
0
0
2164
0
2123
3649
2147
2078
2171
3655
3623
2100
3595
2163
2155
2119
3625
2111
2074
2107
2156
0
0
0
0
0
0
2061
0
2096
2070
0
0
0
0
0
0
0
2148
3617
6186
0
0
0
0
0
0
0
0
2156
2085
2054
2123
0
0
0
0
0
2068
2081
3862
2063
0
0
0
0
0
2148
3585
3858
2115
0
0
0
0
0
2064
2181
2102
2059
0
3875
0
3659
0
2140
2177
2098
2147
0
3627
0
2051
0
2136
2173
3650
3595
3655
3623
3591
2171
2163
2132
2077
2094
2155
2119
2111
2107
0
0
2128
2165
2090
0
0
0
0
0
0
2124
2073
7714
0
0
0
0
0
0
0
0
2164
3617
2134
2055
0
0
0
0
0
2072
2085
2130
3863
0
0
0
0
0
2156
2081
2126
3859
0
0
0
0
0
2068
3585
2122
2103
0
0
0
0
0
2148
2181
2062
2099
0
0
0
0
0
2064
2177
2114
3651
0
0
0
0
0
2140
2173
2058
2095
2146
3874
3658
3654
3626
2136
2077
3622
3594
3590
2170
2162
2154
2118
2110
2106
2050
6187
0
0
0
0
0
0
0
0
0
0
0
0
0
0
0
0
0
0
0
0
0
0
0
0
0
0
0
0
0
0
0
0
0
0
0
0
0
0
0
0
0
0
0
0
0
0
0
0
0
0
0
0
0
0
0
0
0
0
0
0
0
0
0
0
0
0
0
0
0
0
0
0
0
0
0
0
0
0
0
0
0
0
0
0
0
0
0
0
0
0
0
0
0
0
0
0
0
0
0
0
0
0
0
0
0
0
0
0
0
0
0
0
0
0
0
0
0
0
0
0
0
0
0
0
0
0
0
0
0
0
0
0
0
0
0
0
0
0
0
0
0
0
0
0
0
0
0
0
0
0
0
0
0
0
0
0
0
0
0
0
0
0
0
0
0
0
0
0
0
0
0
0
0
0
0
0
0
0
0
0
0
0
0
0
0
0
0
0
0
0
0
0
0
0
0
0
0
0
0
0
0
0
0
0
0
0
0
0
0
0
0
0
0
0
0
0
0
0
0
0
0
0
0
0
0
0
0
0
0
0
0
0
0
0
0
0
0
0
0
0
0
0
0
0
0
0
0
0
0
0
0
0
0
0
0
0
0
0
0
0
0
0
0
0
0
0
0
0
0
0
0
0
0
0
0
0
0
0
0
0
0
0
