int
0
2163
0
2168
2145
3590
2115
2136
2095
2141
2096
3658
2087
2048
2053
2075
2088
3654
2131
2108
2061
3651
2104
3594
3619
2100
2177
3840
3587
2124
3626
2120
2173
2116
2159
2164
3622
2057
2155
2151
2135
2083
2079
2071
6163
0
2127
0
3625
2060
2146
2105
2123
0
2176
2101
2142
2119
2097
3652
2167
2049
2054
2163
2172
2089
2170
2115
2109
2056
3841
3658
2073
2095
3620
2129
2138
2087
3651
3619
3595
3591
3587
2159
2155
2151
2135
2083
2079
2071
6163
0
2127
0
3621
2060
2146
2105
2123
0
3656
2101
2142
2119
2097
2176
2167
2049
2054
2163
2172
2089
2170
2115
2109
3624
3841
3654
2073
2095
2056
2129
2138
2087
3651
3619
3595
3591
3587
2159
2155
2151
2135
2083
2079
2071
6163
0
2167
3656
2163
2141
2100
3590
2115
2096
2053
2095
2048
2062
3593
2088
2087
3651
2108
2137
3840
2178
2072
3653
2128
3627
2124
2169
2120
2174
2116
2105
3623
3619
2058
3587
2159
2155
2151
2146
2135
2083
2079
2071
6163
0
0
2126
0
2172
2061
3842
3655
2168
2114
0
3617
2136
2094
2055
2096
2086
2057
2048
2130
3659
2088
2145
2122
2108
2166
3587
2104
2141
2162
2100
2074
3650
2177
3626
3622
3594
3590
2158
2154
2150
2134
2118
2082
2078
2070
6163
0
0
2107
0
2141
2103
2056
3842
2115
2061
2095
0
2087
3616
2125
3658
2131
0
2137
2123
2064
2167
2169
3654
2163
2176
2097
2075
3651
2049
2172
2054
2089
3627
3623
2144
2109
3595
3586
3591
2159
2155
2151
2135
2119
2083
2079
6167
0
2167
3652
2163
2141
2100
2054
2115
2096
3593
2095
2048
2062
3589
2088
2087
3651
2108
3657
3840
2178
2072
2137
2128
3627
2124
2169
2120
2174
2116
2105
3623
3619
2058
3587
2159
2155
2151
2146
2135
2083
2079
2071
6163
0
0
2107
0
2141
2103
2056
3842
2115
2061
2095
0
2087
3616
2125
3658
2131
0
2137
2123
2064
2167
2169
3654
2163
2176
2097
2075
3651
2049
2172
2054
2089
3627
3623
2144
2109
3595
3586
3591
2159
2155
2151
2135
2119
2083
2079
6167
0
0
2126
0
2172
2061
3842
3659
2168
2114
0
3617
2136
2094
2055
2096
2086
2057
2048
2130
3655
2088
2145
2122
2108
2166
3587
2104
2141
2162
2100
2074
3650
2177
3626
3622
3594
3590
2158
2154
2150
2134
2118
2082
2078
2070
6163
0
2167
2100
2163
2141
2096
3590
2115
2048
2053
2095
3624
2062
2137
2088
2087
3659
2108
3621
3840
2178
2072
2169
2128
3655
2124
3593
2120
2174
2116
2105
3651
3619
2058
3587
2159
2155
2151
2146
2135
2083
2079
2071
6163
0
0
2050
0
2172
3625
2118
3623
2168
3842
0
2061
2136
2094
2071
2088
2086
2057
2108
2074
3587
2104
2145
2130
2100
2122
2055
2096
2141
2166
2124
2162
3651
2177
2114
3658
3654
3618
3594
3590
2158
2154
2150
2134
2082
2078
6162
0
0
2107
0
2172
2103
3841
3622
2099
2144
2095
0
2087
2136
2061
2070
2075
2168
2131
0
2123
2124
2057
3586
2167
2116
2163
0
2048
2053
3650
2088
2115
3659
2108
2142
3625
3655
3619
3595
2178
3591
2159
2155
2151
2135
2083
2079
6163
0
3843
0
3648
2177
2115
3590
2068
2095
2173
2087
2064
2062
2131
2048
2145
2075
2116
2058
2167
2088
2141
2163
2108
2054
3617
2104
2123
3659
2100
2137
3594
2096
3655
2169
3627
3623
3587
2159
2155
2151
2135
2127
2083
6175
0
0
2091
0
2141
3843
2068
2062
2123
2177
2075
0
2115
3616
2137
3586
2095
0
2169
2131
2064
2109
2058
2087
2105
2172
2167
2101
2163
3650
2144
2097
3659
3655
2049
3627
2054
3623
3595
3591
2159
2155
2151
2135
2127
2119
2083
6175
0
0
2111
0
2140
2115
0
2069
3842
2176
2095
0
2135
0
2172
3617
3586
2131
2168
2087
0
2123
2136
2065
2058
2104
2167
0
2100
2163
0
2096
2061
3650
2048
2075
3659
2088
2145
3655
3627
2054
3623
3595
3591
2159
2155
2151
2127
2119
2083
6175
0
0
2107
0
2140
2053
2058
2103
0
2176
2173
2115
0
2116
2062
2065
2095
2136
2087
0
3649
2168
3842
2131
2096
2069
2075
2048
3594
2167
2088
2145
2163
2108
3590
2123
3617
3659
3655
3627
3623
3587
2159
2155
2151
2135
2127
2083
6175
0
0
2111
0
2140
2123
0
2069
3842
2176
2075
0
2115
0
2172
3617
3586
2095
2168
2131
0
2087
2136
2065
2058
2104
2167
0
2100
2163
3659
2096
2061
3650
2048
3655
3627
2088
2145
3623
3595
2054
3591
2159
2155
2151
2135
2127
2119
2083
6175
0
0
2111
0
2140
2123
0
2069
3842
2176
2075
0
2115
0
2172
3617
3586
2095
2168
2131
0
2087
2136
2065
2058
2104
2167
0
2100
2163
3659
2096
2061
3650
2048
3655
3627
2088
2145
3623
3595
2054
3591
2159
2155
2151
2135
2127
2119
2083
6175
0
2167
2100
2163
2141
2096
2054
2115
2048
3593
2095
3620
2062
3625
2088
2087
3659
2108
2137
3840
2178
2072
2169
2128
3655
2124
3589
2120
2174
2116
2105
3651
3619
2058
3587
2159
2155
2151
2146
2135
2083
2079
2071
6163
0
0
2107
0
2172
2103
3841
3622
2099
2144
2095
0
2087
2136
2061
2070
2075
2168
2131
0
2123
2124
2057
3586
2167
2116
2163
0
2048
2053
3650
2088
2115
3659
2108
2142
3625
3655
3619
3595
2178
3591
2159
2155
2151
2135
2083
2079
6163
0
0
2050
0
2172
3621
2118
3627
2168
3842
0
2061
2136
2094
2071
2088
2086
2057
2108
2074
3587
2104
2145
2130
2100
2122
2055
2096
2141
2166
2124
2162
3651
2177
2114
3658
3654
3618
3594
3590
2158
2154
2150
2134
2082
2078
6162
0
0
2107
0
2140
2053
2058
2103
0
2176
2173
2115
0
2116
2062
2065
2095
2136
2087
0
3649
2168
3842
2131
2096
2069
2075
2048
3594
2167
2088
2145
2163
2108
3590
2123
3617
3659
3655
3627
3623
3587
2159
2155
2151
2135
2127
2083
6175
0
0
2111
0
2140
2123
0
2069
3842
2176
2075
0
2115
0
2172
3617
3586
2095
2168
2131
0
2087
2136
2065
2058
2104
2167
0
2100
2163
3659
2096
2061
3650
2048
3655
3627
2088
2145
3623
3595
2054
3591
2159
2155
2151
2135
2127
2119
2083
6175
0
0
2111
0
2140
2123
0
2069
3842
2176
2075
0
2115
0
2172
3617
3586
2095
2168
2131
0
2087
2136
2065
2058
2104
2167
0
2100
2163
3659
2096
2061
3650
2048
3655
3627
2088
2145
3623
3595
2054
3591
2159
2155
2151
2135
2127
2119
2083
6175
0
3843
0
3648
2177
2115
3594
2068
2095
2173
2087
2064
2062
2131
2048
2145
2075
2116
2058
2167
2088
2141
2163
2108
2054
3617
2104
2123
3659
2100
2137
3590
2096
3655
2169
3627
3623
3587
2159
2155
2151
2135
2127
2083
6175
0
0
2111
0
2140
2115
0
2069
3842
2176
2095
0
2135
0
2172
3617
3586
2131
2168
2087
0
2123
2136
2065
2058
2104
2167
0
2100
2163
0
2096
2061
3650
2048
2075
3659
2088
2145
3655
3627
2054
3623
3595
3591
2159
2155
2151
2127
2119
2083
6175
0
0
2091
0
2141
3843
2068
2062
2123
2177
2075
0
2115
3616
2137
3586
2095
0
2169
2131
2064
2109
2058
2087
2105
2172
2167
2101
2163
3650
2144
2097
3659
3655
2049
3627
2054
3623
3595
3591
2159
2155
2151
2135
2127
2119
2083
6175
0
0
2091
0
2141
3843
2068
2062
2123
2177
2075
0
2115
3616
2137
3586
2095
0
2169
2131
2064
2109
2058
2087
2105
2172
2167
2101
2163
3650
2144
2097
3659
3655
2049
3627
2054
3623
3595
3591
2159
2155
2151
2135
2127
2119
2083
6175
0
0
0
0
0
0
0
0
0
0
0
0
0
0
0
0
0
0
0
0
0
0
0
0
0
0
0
0
0
0
0
0
0
0
0
0
0
0
0
0
0
0
0
0
0
0
0
0
0
0
0
0
0
0
0
0
0
0
0
0
0
0
0
0
0
0
0
0
0
0
0
0
0
0
0
0
0
0
0
0
0
0
0
0
0
0
0
0
0
0
0
0
0
0
0
0
0
0
0
0
0
0
0
0
0
0
0
0
0
0
0
0
0
0
0
0
0
0
0
0
0
0
0
0
0
0
0
0
0
0
0
0
0
0
0
0
0
0
0
0
0
0
0
0
0
0
0
0
0
0
0
0
0
0
0
0
0
0
0
0
0
0
0
0
0
0
0
0
0
0
0
0
0
0
0
0
0
0
0
0
0
0
0
0
0
0
0
0
0
0
0
0
0
0
0
0
0
0
0
0
0
0
0
0
0
0
0
0
0
0
0
0
0
0
0
0
0
0
0
0
0
0
0
0
0
0
0
0
0
0
0
0
0
0
0
0
0
0
0
0
0
0
0
0
0
0
0
0
0
0
0
0
0
0
0
0
0
0
0
0
0
0
0
0
0
0
0
0
0
0
0
0
0
0
0
0
0
0
0
0
0
0
0
0
0
0
0
0
0
0
0
0
0
0
0
0
0
0
0
0
0
0
0
0
0
0
0
0
0
0
0
0
0
0
0
0
0
0
0
0
0
0
0
0
0
0
0
0
0
0
0
0
0
0
0
0
0
0
0
0
0
0
0
0
0
0
0
0
0
0
0
0
0
0
0
0
0
0
0
0
0
0
0
0
0
0
0
0
0
0
0
0
0
0
0
0
0
0
0
0
0
0
0
0
0
0
0
0
0
0
0
0
0
0
0
0
0
0
0
0
0
0
0
0
0
0
0
0
0
0
0
0
0
0
0
0
0
0
0
0
0
0
0
0
0
0
0
0
0
0
0
0
0
0
0
0
0
0
0
0
0
0
0
0
0
0
0
0
0
0
0
0
0
0
0
0
0
0
0
0
0
0
0
0
0
0
0
0
0
0
0
0
0
0
0
0
0
0
0
0
0
0
0
0
0
0
0
0
0
0
0
0
0
0
0
0
0
0
0
0
0
0
0
0
0
0
0
0
0
0
0
0
0
0
0
0
0
0
0
0
0
0
0
0
0
0
0
0
0
0
0
0
0
0
0
0
0
0
0
0
0
0
0
0
0
0
0
0
0
0
0
0
0
0
0
0
0
0
0
0
0
0
0
0
0
0
0
0
0
0
0
0
0
0
0
0
0
0
0
0
0
0
0
0
0
0
0
0
0
0
0
0
0
0
0
0
0
0
0
0
0
0
0
0
0
0
0
0
0
0
0
0
0
0
0
0
0
0
0
0
0
0
0
0
0
0
0
0
0
0
0
0
0
0
0
0
0
0
0
0
0
0
0
0
0
0
0
0
0
0
0
0
0
0
0
0
0
0
0
0
0
0
0
0
0
0
0
0
0
0
0
0
0
0
0
0
0
0
0
0
0
0
0
0
0
0
0
0
0
0
0
0
0
0
0
0
0
0
0
0
0
0
0
0
0
0
0
0
0
0
0
0
0
0
0
0
0
0
0
0
0
0
0
0
0
0
0
0
0
0
0
0
0
0
0
0
0
0
0
0
0
0
0
0
0
0
0
0
0
0
0
0
0
0
0
0
0
0
0
0
0
0
0
0
0
0
0
0
0
0
0
0
0
0
0
0
0
0
0
0
0
0
0
0
0
0
0
0
0
0
0
0
0
0
0
0
0
0
0
0
0
0
0
0
0
0
0
0
0
0
0
0
0
0
0
0
0
0
0
0
0
0
0
0
0
0
0
0
0
0
0
0
0
0
0
0
0
0
0
0
0
0
0
0
0
0
0
0
0
0
0
0
0
0
0
0
0
0
0
0
0
0
0
0
0
0
0
0
0
0
0
0
0
0
0
0
0
0
0
0
0
0
0
0
0
0
0
0
0
0
0
0
0
0
0
0
0
0
0
0
0
0
0
0
0
0
0
0
0
0
0
0
0
0
0
0
0
0
0
0
0
0
0
0
0
0
0
0
0
0
0
0
0
0
0
0
0
0
0
0
0
0
0
0
0
0
0
0
0
0
0
0
0
0
0
0
0
0
0
0
0
0
0
0
0
0
0
0
0
0
0
0
0
0
0
0
0
0
0
0
0
0
0
0
0
0
0
0
0
0
0
0
0
0
0
0
0
0
0
0
0
0
0
0
0
0
0
0
0
0
0
0
0
0
0
0
0
0
0
0
0
0
0
0
0
0
0
0
0
0
0
0
0
0
0
0
0
0
0
0
0
0
0
0
0
0
0
0
0
0
0
0
0
0
0
0
0
0
0
0
0
0
0
0
0
0
0
0
0
0
0
0
0
0
0
0
0
0
0
0
0
0
0
0
0
0
0
0
0
0
0
0
0
0
0
0
0
0
0
0
0
0
0
0
0
0
0
0
0
0
0
0
0
0
0
0
0
0
0
0
0
0
0
0
0
0
0
0
0
0
0
0
0
0
0
0
0
0
0
0
0
0
0
0
0
0
0
0
0
0
0
0
0
0
0
0
0
0
0
0
0
0
0
0
0
0
0
0
0
0
0
0
0
0
0
0
0
0
0
0
0
0
0
0
0
0
0
0
0
0
0
0
0
0
0
0
0
0
0
0
0
0
0
0
0
0
0
0
0
0
0
0
0
0
0
0
0
0
0
0
0
0
0
0
0
0
0
0
0
0
0
0
0
0
0
0
0
0
0
0
0
0
0
0
0
0
0
0
0
0
0
0
0
0
0
0
0
0
0
0
0
0
0
0
0
0
0
0
0
0
0
0
0
0
0
0
0
0
0
0
0
0
0
0
0
0
0
0
0
0
0
0
0
0
0
0
0
0
0
0
0
0
0
0
0
0
0
0
0
0
0
0
0
0
0
0
0
0
0
0
0
0
0
0
0
0
0
0
0
0
0
0
0
0
0
0
0
0
0
0
0
0
0
0
0
0
0
0
0
0
0
0
0
0
0
0
0
0
0
0
0
0
0
0
0
0
0
0
0
0
0
0
0
0
0
0
0
0
0
0
0
0
0
0
0
0
0
0
0
0
0
0
0
0
0
0
0
0
0
0
0
0
0
0
0
0
0
0
0
0
0
0
0
0
0
0
0
0
0
0
0
0
0
0
0
0
0
0
0
0
0
0
0
0
0
0
0
0
0
0
0
0
0
0
0
0
0
0
0
0
0
0
0
0
0
0
0
0
0
0
0
0
0
0
0
0
0
0
0
0
0
0
0
0
0
0
0
0
0
0
0
0
0
0
0
0
0
0
0
0
0
0
0
0
0
0
0
0
0
0
0
0
0
0
0
0
0
0
0
0
0
0
0
0
0
0
0
0
0
0
0
0
0
0
0
0
0
0
0
0
0
0
0
0
0
0
0
0
0
0
0
0
0
0
0
0
0
0
0
0
0
0
0
0
0
0
0
0
0
0
0
0
0
0
0
0
0
0
0
0
0
0
0
0
0
0
0
0
0
0
0
0
0
0
0
0
0
0
0
0
0
0
0
0
0
0
0
0
0
0
0
0
0
0
0
0
0
0
0
0
0
0
0
0
0
0
0
0
0
0
0
0
0
0
0
0
0
0
0
0
0
0
0
0
0
0
0
0
0
0
0
0
0
0
0
0
0
0
0
0
0
0
0
0
0
0
0
0
0
0
0
0
0
0
0
0
0
0
0
0
0
0
0
0
0
0
0
0
0
0
0
0
0
0
0
0
0
0
0
0
0
0
0
0
0
0
0
0
0
0
0
0
0
0
0
0
0
0
0
0
0
0
0
0
0
0
0
0
0
0
0
0
0
0
0
0
0
0
0
0
0
0
0
0
0
0
0
0
0
0
0
0
0
0
0
0
0
0
0
0
0
0
0
0
0
0
0
0
0
0
0
0
0
0
0
0
0
0
0
0
0
0
0
0
0
0
0
0
0
0
0
0
0
0
0
0
0
0
0
0
0
0
0
0
0
0
0
0
0
0
0
0
0
0
0
0
0
0
0
0
0
0
0
0
0
0
0
0
0
0
0
0
0
0
0
0
0
0
0
0
0
0
0
0
0
0
0
0
0
0
0
0
0
0
0
0
0
0
0
0
0
0
0
0
0
0
0
0
0
0
0
0
0
0
0
0
0
0
0
0
0
0
0
0
0
0
0
0
0
0
0
0
0
0
0
0
0
0
0
0
0
0
0
0
0
0
0
0
0
0
0
0
0
0
0
0
0
0
0
0
0
0
0
0
0
0
0
0
0
0
0
0
0
0
0
0
0
0
0
0
0
0
0
0
0
0
0
0
0
0
0
0
0
0
0
0
0
0
0
0
0
0
0
0
0
0
0
0
0
0
0
0
0
0
0
0
0
0
0
0
0
0
0
0
0
0
0
0
0
0
0
0
0
0
0
0
0
0
0
0
0
0
0
0
0
0
0
0
0
0
0
0
0
0
0
0
0
0
0
0
0
0
0
0
0
0
0
0
0
0
0
0
0
0
0
0
0
0
0
0
0
0
0
0
0
0
0
0
0
0
0
0
0
0
0
0
0
0
0
0
0
0
0
0
0
0
0
0
0
0
0
0
0
0
0
0
0
0
0
0
0
0
0
0
0
0
0
0
0
0
0
0
0
0
0
0
0
0
0
0
0
0
0
0
0
0
0
0
0
0
0
0
0
0
0
0
0
0
0
0
0
0
0
0
0
0
0
0
0
0
0
0
0
0
0
0
0
0
0
0
0
0
0
0
0
0
0
0
0
0
0
0
0
0
0
0
0
0
0
0
0
0
0
0
0
0
0
0
0
0
0
0
0
0
0
0
0
0
0
0
0
0
0
0
0
0
0
0
0
0
0
0
0
0
0
0
0
0
0
0
0
0
0
0
0
0
0
0
0
0
0
0
0
0
0
0
0
0
0
0
0
0
0
0
0
0
0
0
0
0
0
0
0
0
0
0
0
0
0
0
0
0
0
0
0
0
0
0
0
0
0
0
0
0
0
0
0
0
0
0
0
0
0
0
0
0
0
0
0
0
0
0
0
0
0
0
0
0
0
0
0
0
0
0
0
0
0
0
0
0
0
0
0
0
0
0
0
0
0
0
0
0
0
0
0
0
0
0
0
0
0
0
0
0
0
0
0
0
0
0
0
0
0
0
0
0
0
0
0
0
0
0
0
0
0
0
0
0
0
0
0
0
0
0
0
0
0
0
0
0
0
0
0
0
0
0
0
0
0
0
0
0
0
0
0
0
0
0
0
0
0
0
0
0
0
0
0
0
0
0
0
0
0
0
0
0
0
0
0
0
0
0
0
0
0
0
0
0
0
0
0
0
0
0
0
0
0
0
0
0
0
0
0
0
0
0
0
0
0
0
0
0
0
0
0
0
0
0
0
0
0
0
0
0
0
0
0
0
0
0
0
0
0
0
0
0
0
0
0
0
0
0
0
0
0
0
0
0
0
0
0
0
0
0
0
0
0
0
0
0
0
0
0
0
0
0
0
0
0
0
0
0
0
0
0
0
0
0
0
0
0
0
0
0
0
0
0
0
0
0
0
0
0
0
0
0
0
0
0
0
0
0
0
0
0
0
0
0
0
0
0
0
0
0
0
0
0
0
0
0
0
0
0
0
0
0
0
0
0
0
0
0
0
0
0
0
0
0
0
0
0
0
0
0
0
0
0
0
0
0
0
0
0
0
0
0
0
0
0
0
0
0
0
0
0
0
0
0
0
0
0
0
0
0
0
0
0
0
0
0
0
0
0
0
0
0
0
0
0
0
0
0
0
0
0
0
0
0
0
0
0
0
0
0
0
0
0
0
0
0
0
0
0
0
0
0
0
0
0
0
0
0
0
0
0
0
0
0
0
0
0
0
0
0
0
0
0
0
0
0
0
0
0
0
0
0
0
0
0
0
0
0
0
0
0
0
0
0
0
0
0
0
0
0
0
0
0
0
0
0
0
0
0
0
0
0
0
0
0
0
0
0
0
0
0
0
0
0
0
0
0
0
0
0
0
0
0
0
0
0
0
0
0
0
0
0
0
0
0
0
0
0
0
0
0
0
0
0
0
0
0
0
0
0
0
0
0
0
0
0
0
0
0
0
0
0
0
0
0
0
0
0
0
0
0
0
0
0
0
0
0
0
0
0
0
0
0
0
0
0
0
