int
0
2067
0
2083
3620
3653
3590
2084
3911
3907
2052
3593
3598
2076
3651
3619
2048
3629
2072
3662
3587
2099
3625
2095
3658
2091
2071
2063
6155
3911
3907
2052
3657
3622
2076
2049
3628
3663
2080
3593
2072
3626
2064
3589
3651
3654
2085
3619
3599
3587
2099
2095
2091
2071
2063
6155
2076
2068
2064
2060
2056
2052
2048
3593
3589
3585
2097
2093
2089
2085
2081
3622
3911
2074
3907
3630
3663
3626
3659
3655
3651
3619
7695
0
2083
3596
2049
3662
3592
2057
2067
2052
3629
3658
3584
3625
3910
2076
2085
3652
3906
3617
3651
3623
3591
2099
2095
2091
2075
2071
6159
0
0
0
2087
0
2056
2077
3910
2083
0
2067
3592
3629
3906
3651
3623
3599
3588
3625
3662
2099
2095
2091
3584
2049
3658
2075
2071
2063
2052
3617
7750
0
0
0
2087
0
3596
2077
3910
2083
0
2075
2056
3629
3906
2067
3651
3623
3588
3625
2054
3595
2099
2095
3584
2049
3658
2091
2071
3660
2063
3617
7750
2064
2060
2052
2048
2057
3910
3661
3623
3657
3906
3653
3649
3629
3625
3586
3599
3595
3618
3591
2099
2095
2091
2087
2083
2079
2075
6167
3911
3907
2052
3657
3590
3624
3621
2080
3663
2072
2077
3596
3594
2064
2049
3651
3654
2085
3631
3619
3587
2099
2095
2091
2071
2063
6155
0
0
0
2087
0
3596
2077
3910
2083
0
2067
3592
2049
3906
3651
3631
3591
2056
3625
3662
2099
2095
2091
3584
3621
3658
2075
2071
2063
2052
3617
7750
0
2083
2052
2049
3654
3592
2057
2067
3588
2085
3658
3584
3625
3910
2076
3621
3660
3906
3617
3651
3631
3599
2099
2095
2091
2075
2071
6159
0
0
0
2087
0
3596
2077
3910
2083
0
2067
2056
2049
3906
3651
3631
3595
3588
3625
3662
2099
2095
2091
3584
3621
3658
2075
2071
2063
2052
3617
7750
2064
2060
2052
2048
2057
3910
3661
3623
3657
3906
3653
3649
3629
3625
3586
3599
3595
3618
3591
2099
2095
2091
2087
2083
2079
2075
6167
0
0
0
2087
0
3596
2077
3910
2083
0
2075
3592
3629
3906
2067
3651
3627
2056
2049
2054
3591
2099
2095
3584
3621
3658
2091
2071
3660
2063
3617
7750
0
0
0
2087
0
2056
2077
3910
2083
0
2067
3592
3629
3906
3651
3627
3599
3588
2049
3662
2099
2095
2091
3584
3621
3658
2075
2071
2063
2052
3617
7750
2076
2068
2064
2060
2056
2052
2048
3621
3617
3585
2097
2093
2089
2085
2081
3590
3911
2074
3907
3598
3663
3594
3659
3655
3651
3631
7723
2064
2060
2052
2048
2057
3910
3661
3623
3657
3906
3653
3649
3629
3625
3586
3599
3595
3618
3591
2099
2095
2091
2087
2083
2079
2075
6167
2064
2060
2052
2048
2057
3910
3661
3623
3657
3906
3653
3649
3629
3625
3586
3599
3595
3618
3591
2099
2095
2091
2087
2083
2079
2075
6167
0
2083
2076
3661
2072
3630
3904
3657
2060
3587
3648
2049
3620
3626
2064
2085
3598
3911
2053
3594
3655
3619
3591
2099
2095
2091
2071
6155
0
0
0
2087
2060
3905
3630
2075
0
2048
3661
2067
3626
2083
3592
3657
3911
3655
3622
3588
2077
3619
3599
2054
3584
3649
2099
2095
2091
2071
6155
0
0
0
2075
2060
3661
3622
2087
0
3596
3657
2067
3626
2083
2048
2077
3911
2054
3655
3588
3649
3619
3906
3595
3584
3629
2099
2095
2091
2071
6155
2068
2064
2056
2052
2048
3617
3597
3593
3589
2097
2093
2089
2085
2081
2077
3622
3651
3906
3631
2062
3627
3586
3911
2074
3663
3659
7751
0
3591
3624
3661
3908
3598
2064
3657
2060
2075
3648
2049
2080
3594
3616
2085
2054
2059
3629
2078
3907
3655
3623
3587
2099
2095
2091
6167
0
2083
3596
2085
3586
3592
3649
2067
2076
3629
3906
2056
3625
3910
2052
2061
3662
2048
3617
3658
2091
3655
3623
3591
2099
2095
2075
6167
0
0
0
0
0
0
2060
3649
3910
2059
0
0
0
3592
3629
3906
2087
0
2083
0
3588
3625
3662
2067
0
2091
3655
3584
2049
3658
3623
3599
2099
2095
2076
3617
2054
2075
6167
0
0
0
0
0
0
3596
3649
3910
2059
0
0
0
2060
3629
3906
2087
0
2067
0
3588
3625
3662
2091
0
2083
0
3584
2049
3658
2075
3655
3623
3595
2076
3617
2054
2099
2095
6167
2096
2092
2084
2080
2076
2072
2068
2064
2052
2048
3617
3586
2091
2061
3663
3906
2057
3659
3910
3649
3655
3631
3627
3623
3599
3595
7687
0
0
0
0
2048
2057
3590
2079
0
3624
3661
2087
3598
0
3620
3657
2075
0
3594
3616
2053
2067
0
3910
2060
3649
2083
3907
3655
3631
3587
2099
2095
2091
6167
0
0
0
0
0
3624
3909
2054
3587
0
0
3620
3661
2050
0
3907
0
3616
3657
2086
0
2082
3651
3596
2077
2066
0
2090
3654
3592
2057
3630
3590
2098
2094
2074
2070
6159
0
0
0
0
0
2060
2057
3590
3911
0
0
3624
3661
2050
0
3907
0
3620
3657
2086
0
2082
3587
2052
2077
2066
0
2090
3654
3592
3649
3630
3598
2098
2094
2074
2070
7715
0
0
0
0
0
0
3596
3649
3910
2059
0
0
0
2060
2049
3906
2087
0
2083
0
3588
3625
3662
2067
0
2091
3655
3584
3621
3658
3631
3595
2099
2095
2076
3617
2054
2075
6167
2096
2092
2084
2080
2076
2072
2068
2064
2052
2048
3617
3586
2091
2061
3663
3906
2057
3659
3910
3649
3655
3631
3627
3623
3599
3595
7687
0
0
0
0
2048
3661
3590
2079
0
3620
3657
2075
3594
0
3616
2053
2087
3910
2067
3596
3649
2083
2058
3907
2060
3629
3655
3627
3587
2099
2095
2091
6167
0
0
0
0
0
2056
3909
3586
2055
0
0
3620
3661
0
3906
2051
0
3616
3657
2087
0
3650
2067
3596
2077
2091
0
2083
2062
3592
3629
2075
3655
3627
3591
2099
2095
6167
0
0
0
0
0
0
2060
3649
3910
2059
0
0
0
3592
3629
3906
2087
0
2083
0
3588
2049
3662
2067
0
2091
3655
3584
3621
3658
3627
3599
2099
2095
2076
3617
2054
2075
6167
0
0
0
0
0
3628
2057
3590
3911
0
0
2060
3661
2050
0
3907
0
3620
3657
2086
0
2082
3587
3596
2077
2066
0
2090
3654
2052
3649
3626
3594
2098
2094
2074
2070
7715
2080
2076
2068
2064
2052
2048
3657
3653
3629
3625
3621
3585
2097
2093
2089
2085
3910
3651
3618
2059
3598
2075
3594
2063
3590
3907
7759
2096
2092
2084
2080
2076
2072
2068
2064
2052
2048
3617
3586
2091
2061
3663
3906
2057
3659
3910
3649
3655
3631
3627
3623
3599
3595
7687
2096
2092
2084
2080
2076
2072
2068
2064
2052
2048
3617
3586
2091
2061
3663
3906
2057
3659
3910
3649
3655
3631
3627
3623
3599
3595
7687
3599
3587
2084
2053
2072
3622
2064
2077
2080
3908
3904
3660
3648
3628
3616
2049
3594
2099
3657
2095
3590
3653
2091
2071
3626
2063
6155
0
0
0
2087
2060
3905
3630
2075
0
3596
2077
2067
3626
2083
3592
3657
3911
3663
3622
2048
3653
3619
3591
2054
3584
3649
2099
2095
2091
2071
6155
0
2083
2076
3589
2072
3622
3904
3657
2060
3587
3648
3653
3628
3626
2064
2085
2050
3911
2053
3594
3663
3619
3599
2099
2095
2091
2071
6155
0
0
0
2087
2060
3905
3630
2075
0
3596
2077
2067
3626
2083
2048
3657
3911
3663
3622
3588
3653
3619
3595
2054
3584
3649
2099
2095
2091
2071
6155
2068
2064
2056
2052
2048
3617
3597
3593
3589
2097
2093
2089
2085
2081
2077
3622
3651
3906
3631
2062
3627
3586
3911
2074
3663
3659
7751
0
0
0
0
3628
2057
3590
2079
0
3624
2053
2087
3598
0
2048
3657
2075
0
3594
3616
3653
2067
0
3910
2060
3649
2083
3907
3663
3623
3587
2099
2095
2091
6167
0
0
0
0
0
3628
2057
2054
3911
0
0
3624
2077
2050
0
3907
0
2060
3657
2086
0
2082
3587
3596
3653
2066
0
2090
3662
3592
3649
3622
3590
2098
2094
2074
2070
7715
0
0
0
0
0
3624
3909
3590
3587
0
0
2056
2077
2050
0
3907
0
3616
3657
2086
0
2082
3651
2052
3653
2066
0
2090
3662
3592
3629
3622
3598
2098
2094
2074
2070
6159
0
0
0
0
0
0
3596
3649
3910
2059
0
0
0
2060
3629
3906
2087
0
2067
0
3588
3625
2054
2091
0
2083
0
3584
2049
3658
2075
3663
3623
3595
2076
3617
3654
2099
2095
6167
2096
2092
2084
2080
2076
2072
2068
2064
2052
2048
3617
3586
2091
2061
3663
3906
2057
3659
3910
3649
3655
3631
3627
3623
3599
3595
7687
0
3599
3624
2049
3908
3590
2064
3657
2060
2075
3648
3653
2080
3594
3616
2085
3622
2059
2053
2078
3907
3663
3631
3587
2099
2095
2091
6167
0
0
0
0
0
0
3596
3649
3910
2059
0
0
0
3592
2049
3906
2087
0
2083
0
2060
3625
2054
2067
0
2091
3663
3584
3621
3658
3631
3591
2099
2095
2076
3617
3654
2075
6167
0
2083
2076
3653
3586
3592
3649
2067
3588
2061
3906
2056
3625
3910
2052
3621
2086
2048
3617
3658
2091
3663
3631
3599
2099
2095
2075
6167
0
0
0
0
0
0
3596
3649
3910
2059
0
0
0
2060
2049
3906
2087
0
2083
0
3588
3625
2054
2067
0
2091
3663
3584
3621
3658
3631
3595
2099
2095
2076
3617
3654
2075
6167
2096
2092
2084
2080
2076
2072
2068
2064
2052
2048
3617
3586
2091
2061
3663
3906
2057
3659
3910
3649
3655
3631
3627
3623
3599
3595
7687
0
0
0
0
3628
2057
3590
2079
0
2048
2053
2087
3598
0
3620
3657
2075
0
3594
3616
3653
2067
0
3910
2060
3649
2083
3907
3663
3627
3587
2099
2095
2091
6167
0
0
0
0
0
0
3596
3649
3910
2059
0
0
0
3592
3629
3906
2087
0
2067
0
2060
2049
2054
2091
0
2083
0
3584
3621
3658
2075
3663
3627
3591
2076
3617
3654
2099
2095
6167
0
0
0
0
0
2056
3909
3590
3587
0
0
3620
2077
2050
0
3907
0
3616
3657
2086
0
2082
3651
2052
3653
2066
0
2090
3662
3592
3629
3626
3598
2098
2094
2074
2070
6159
0
0
0
0
0
3628
2057
3590
3911
0
0
2060
2077
2050
0
3907
0
3620
3657
2086
0
2082
3587
3596
3653
2066
0
2090
3662
2052
3649
3626
3594
2098
2094
2074
2070
7715
2080
2076
2068
2064
2052
2048
3657
3653
3629
3625
3621
3585
2097
2093
2089
2085
3910
3651
3618
2059
3598
2075
3594
2063
3590
3907
7759
2096
2092
2084
2080
2076
2072
2068
2064
2052
2048
3617
3586
2091
2061
3663
3906
2057
3659
3910
3649
3655
3631
3627
3623
3599
3595
7687
2096
2092
2084
2080
2076
2072
2068
2064
2052
2048
3617
3586
2091
2061
3663
3906
2057
3659
3910
3649
3655
3631
3627
3623
3599
3595
7687
0
0
0
2075
2060
3661
3622
2087
0
3596
2077
2067
3626
2083
3592
3653
3911
2054
3659
2048
3649
3619
3906
3591
3584
3629
2099
2095
2091
2071
6155
0
0
0
2087
2060
3905
3630
2075
0
2048
3661
2067
3626
2083
3592
2077
3911
3659
3622
3588
3653
3619
3599
2054
3584
3649
2099
2095
2091
2071
6155
0
0
0
0
3624
3661
3590
2079
0
2048
2053
2075
3594
0
3616
3653
2087
3910
2067
3596
3649
2083
2058
3907
2060
3629
3659
3623
3587
2099
2095
2091
6167
0
0
0
0
0
3628
2057
2054
3911
0
0
3624
3661
2050
0
3907
0
2060
2077
2086
0
2082
3587
3596
3653
2066
0
2090
3658
3592
3649
3622
3590
2098
2094
2074
2070
7715
0
0
0
0
0
0
2060
3649
3910
2059
0
0
0
3592
3629
3906
2087
0
2083
0
3588
3625
3662
2067
0
2091
3659
3584
2049
2054
3623
3599
2099
2095
2076
3617
3654
2075
6167
0
0
0
0
0
3624
3909
3586
3591
0
0
2056
3661
0
3906
2051
0
3616
2077
2087
0
3650
2067
3596
3653
2091
0
2083
2062
2052
3629
2075
3659
3623
3595
2099
2095
6167
0
0
0
0
2048
2057
3590
2079
0
3624
3661
2087
3598
0
3620
2053
2075
0
3594
3616
3653
2067
0
3910
2060
3649
2083
3907
3659
3631
3587
2099
2095
2091
6167
0
0
0
0
0
2059
3596
3649
3586
0
2087
0
2083
3592
2077
3906
2067
0
2091
3659
2048
3625
3662
3631
3591
2099
3908
2095
3621
2054
2075
2071
3616
0
0
2061
7750
0
0
0
0
0
2060
2057
3590
3911
0
0
3624
3661
2050
0
3907
0
3620
2077
2086
0
2082
3587
2052
3653
2066
0
2090
3658
3592
3649
3630
3598
2098
2094
2074
2070
7715
0
0
0
0
0
3624
3909
3590
3587
0
0
3620
3661
2050
0
3907
0
3616
2077
2086
0
2082
3651
3596
3653
2066
0
2090
3658
2052
2057
3630
3594
2098
2094
2074
2070
6159
0
0
0
0
0
0
3596
3649
3910
2059
0
0
0
3592
3629
3906
2087
0
2067
0
2060
2049
3662
2091
0
2083
0
3584
3621
2054
2075
3659
3627
3591
2076
3617
3654
2099
2095
6167
0
0
0
0
0
0
2060
3649
3910
2059
0
0
0
3592
3629
3906
2087
0
2083
0
3588
2049
3662
2067
0
2091
3659
3584
3621
2054
3627
3599
2099
2095
2076
3617
3654
2075
6167
2076
2068
2064
2060
2056
2052
2048
3589
3585
2097
2093
2089
2085
2081
3650
3630
3626
3622
3618
3598
3594
2075
3911
3907
3663
3659
7751
2068
2064
2056
2052
2048
3617
3597
3593
3589
2097
2093
2089
2085
2081
2077
3622
3651
3906
3631
2062
3627
3586
3911
2074
3663
3659
7751
2068
2064
2056
2052
2048
3617
3597
3593
3589
2097
2093
2089
2085
2081
2077
3622
3651
3906
3631
2062
3627
3586
3911
2074
3663
3659
7751
2080
2076
2068
2064
2052
2048
3657
3653
3629
3625
3621
3585
2097
2093
2089
2085
3910
3651
3618
2059
3598
2075
3594
2063
3590
3907
7759
2096
2092
2084
2080
2076
2072
2068
2064
2052
2048
3617
3586
2091
2061
3663
3906
2057
3659
3910
3649
3655
3631
3627
3623
3599
3595
7687
2096
2092
2084
2080
2076
2072
2068
2064
2052
2048
3617
3586
2091
2061
3663
3906
2057
3659
3910
3649
3655
3631
3627
3623
3599
3595
7687
2096
2092
2084
2080
2076
2072
2068
2064
2052
2048
3617
3586
2091
2061
3663
3906
2057
3659
3910
3649
3655
3631
3627
3623
3599
3595
7687
2080
2076
2068
2064
2052
2048
3657
3653
3629
3625
3621
3585
2097
2093
2089
2085
3910
3651
3618
2059
3598
2075
3594
2063
3590
3907
7759
2096
2092
2084
2080
2076
2072
2068
2064
2052
2048
3617
3586
2091
2061
3663
3906
2057
3659
3910
3649
3655
3631
3627
3623
3599
3595
7687
2096
2092
2084
2080
2076
2072
2068
2064
2052
2048
3617
3586
2091
2061
3663
3906
2057
3659
3910
3649
3655
3631
3627
3623
3599
3595
7687
0
0
0
0
0
0
0
0
0
0
0
0
0
0
0
0
0
0
0
0
0
0
0
0
0
0
0
0
0
0
0
0
0
0
0
0
0
0
0
0
0
0
0
0
0
0
0
0
0
0
0
0
0
0
0
0
0
0
0
0
0
0
0
0
0
0
0
0
0
0
0
0
0
0
0
0
0
0
0
0
0
0
0
0
0
0
0
0
0
0
0
0
0
0
0
0
0
0
0
0
0
0
0
0
0
0
0
0
0
0
0
0
0
0
0
0
0
0
0
0
0
0
0
0
0
0
0
0
0
0
0
0
0
0
0
0
0
0
0
0
0
0
0
0
0
0
0
0
0
0
0
0
0
0
0
0
0
0
0
0
0
0
0
0
0
0
0
0
0
0
0
0
0
0
0
0
0
0
0
0
0
0
0
0
0
0
0
0
0
0
0
0
0
0
0
0
0
0
0
0
0
0
0
0
0
0
0
0
0
0
0
0
0
0
0
0
0
0
0
0
0
0
0
0
0
0
0
0
0
0
0
0
0
0
0
0
0
0
0
0
0
0
0
0
0
0
0
0
0
0
0
0
0
0
0
0
0
0
0
0
0
0
0
0
0
0
0
0
0
0
0
0
0
0
0
0
0
0
0
0
0
0
0
0
0
0
0
0
0
0
0
0
0
0
0
0
0
0
0
0
0
0
0
0
0
0
0
0
0
0
0
0
0
0
0
0
0
0
0
0
0
0
0
0
0
0
0
0
0
0
0
0
0
0
0
0
0
0
0
0
0
0
0
0
0
0
0
0
0
0
0
0
0
0
0
0
0
0
0
0
0
0
0
0
0
0
0
0
0
0
0
0
0
0
0
0
0
0
0
0
0
0
0
0
0
0
0
0
0
0
0
0
0
0
0
0
0
0
0
0
0
0
0
0
0
0
0
0
0
0
0
0
0
0
0
0
0
0
0
0
0
0
0
0
0
0
0
0
0
0
0
0
0
0
0
0
0
0
0
0
0
0
0
0
0
0
0
0
0
0
0
0
0
0
0
0
0
0
0
0
0
0
0
0
0
0
0
0
0
0
0
0
0
0
0
0
0
0
0
0
0
0
0
0
0
0
0
0
0
0
0
0
0
0
0
0
0
0
0
0
0
0
0
0
0
0
0
0
0
0
0
0
0
0
0
0
0
0
0
0
0
0
0
0
0
0
0
0
0
0
0
0
0
0
0
0
0
0
0
0
0
0
0
0
0
0
0
0
0
0
0
0
0
0
0
0
0
0
0
0
0
0
0
0
0
0
0
0
0
0
0
0
0
0
0
0
0
0
0
0
0
0
0
0
0
0
0
0
0
0
0
0
0
0
0
0
0
0
0
0
0
0
0
0
0
0
0
0
0
0
0
0
0
0
0
0
0
0
0
0
0
0
0
0
0
0
0
0
0
0
0
0
0
0
0
0
0
0
0
0
0
0
0
0
0
0
0
0
0
0
0
0
0
0
0
0
0
0
0
0
0
0
0
0
0
0
0
0
0
0
0
0
0
0
0
0
0
0
0
0
0
0
0
0
0
0
0
0
0
0
0
0
0
0
0
0
0
0
0
0
0
0
0
0
0
0
0
0
0
0
0
0
0
0
0
0
0
0
0
0
0
0
0
0
0
0
0
0
0
0
0
0
0
0
0
0
0
0
0
0
0
0
0
0
0
0
0
0
0
0
0
0
0
0
0
0
0
0
0
0
0
0
0
0
0
0
0
0
0
0
0
0
0
0
0
0
0
0
0
0
0
0
0
0
0
0
0
0
0
0
0
0
0
0
0
0
0
0
0
0
0
0
0
0
0
0
0
0
0
0
0
0
0
0
0
0
0
0
0
0
0
0
0
0
0
0
0
0
0
0
0
0
0
0
0
0
0
0
0
0
0
0
0
0
0
0
0
0
0
0
0
0
0
0
0
0
0
0
0
0
0
0
0
0
0
0
0
0
0
0
0
0
0
0
0
0
0
0
0
0
0
0
0
0
0
0
0
0
0
0
0
0
0
0
0
0
0
0
0
0
0
0
0
0
0
0
0
0
0
0
0
0
0
0
0
0
0
0
0
0
0
0
0
0
0
0
0
0
0
0
0
0
0
0
0
0
0
0
0
0
0
0
0
0
0
0
0
0
0
0
0
0
0
0
0
0
0
0
0
0
0
0
0
0
0
0
0
0
0
0
0
0
0
0
0
0
0
0
0
0
0
0
0
0
0
0
0
0
0
0
0
0
0
0
0
0
0
0
0
0
0
0
0
0
0
0
0
0
0
0
0
0
0
0
0
0
0
0
0
0
0
0
0
0
0
0
0
0
0
0
0
0
0
0
0
0
0
0
0
0
0
0
0
0
0
0
0
0
0
0
0
0
0
0
0
0
0
0
0
0
0
0
0
0
0
0
0
0
0
0
0
0
0
0
0
0
0
0
0
0
0
0
0
0
0
0
0
0
0
0
0
0
0
0
0
0
0
0
0
0
0
0
0
0
0
0
0
0
0
0
0
0
0
0
0
0
0
0
0
0
0
0
0
0
0
0
0
0
0
0
0
0
0
0
0
0
0
0
0
0
0
0
0
0
0
0
0
0
0
0
0
0
0
0
0
0
0
0
0
0
0
0
0
0
0
0
0
0
0
0
0
0
0
0
0
0
0
0
0
0
0
0
0
0
0
0
0
0
0
0
0
0
0
0
0
0
0
0
0
0
0
0
0
0
0
0
0
0
0
0
0
0
0
0
0
0
0
0
0
0
0
0
0
0
0
0
0
0
0
0
0
0
0
0
0
0
0
0
0
0
0
0
0
0
0
0
0
0
0
0
0
0
0
0
0
0
0
0
0
0
0
0
0
0
0
0
0
0
0
0
0
0
0
0
0
0
0
0
0
0
0
0
0
0
0
0
0
0
0
0
0
0
0
0
0
0
0
0
0
0
0
0
0
0
0
0
0
0
0
0
0
0
0
0
0
0
0
0
0
0
0
0
0
0
0
0
0
0
0
0
0
0
0
0
0
0
0
0
0
0
0
0
0
0
0
0
0
0
0
0
0
0
0
0
0
0
0
0
0
0
0
0
0
0
0
0
0
0
0
0
0
0
0
0
0
0
0
0
0
0
0
0
0
0
0
0
0
0
0
0
0
0
0
0
0
0
0
0
0
0
0
0
0
0
0
0
0
0
0
0
0
0
0
0
0
0
0
0
0
0
0
0
0
0
0
0
0
0
0
0
0
0
0
0
0
0
0
0
0
0
0
0
0
0
0
0
0
0
0
0
0
0
0
0
0
0
0
0
0
0
0
0
0
0
0
0
0
0
0
0
0
0
0
0
0
0
0
0
0
0
0
0
0
0
0
0
0
0
0
0
0
0
0
0
0
0
