int
0
0
0
0
0
0
0
0
0
0
0
2187
2056
0
0
0
0
2129
2066
0
0
0
0
2291
0
2052
0
0
0
0
0
0
0
0
0
2125
2062
2183
2168
0
0
0
0
0
2263
0
0
0
0
0
0
2164
2179
2121
2090
0
0
0
0
2175
0
0
0
0
2160
0
2295
0
0
0
0
2117
2086
2271
0
0
0
2156
2267
0
0
3851
0
0
3847
0
0
3843
0
2113
2152
2082
2191
0
0
2199
0
0
2195
0
2275
0
2259
2148
2255
0
2251
2109
2247
2078
2243
0
2239
0
2235
0
2144
2231
0
2227
0
2223
0
2219
0
2073
2287
2138
2215
2140
2203
2343
2339
2335
2331
2327
2323
2319
2315
2311
2307
2303
2048
2069
2299
2134
2283
2279
2211
2207
2107
2103
2099
6191
0
0
0
0
0
0
0
0
0
0
0
2289
2056
0
0
0
0
2130
2067
0
0
0
0
2181
0
2052
0
0
0
0
2293
0
0
0
0
2126
2063
2173
2168
0
0
0
0
0
2177
0
0
0
0
0
2265
2164
0
2122
2091
0
2269
0
0
0
0
2297
0
0
2160
2305
0
0
0
2301
0
2118
2087
2261
0
0
3849
2156
0
3845
0
0
3841
0
0
2101
0
0
2209
2114
2152
2205
2083
0
2201
0
0
2197
0
0
2193
0
0
2148
2189
0
0
2105
2110
2253
2079
2249
0
2245
0
2241
2144
2237
0
2233
0
2229
0
2225
0
2221
2074
2285
2139
2140
2217
0
2213
0
2273
0
2257
2341
2337
2333
2329
2325
2048
2321
2317
2313
2309
2281
2277
2097
2093
2070
2135
0
6280
0
0
0
0
0
0
2295
0
0
0
0
0
2048
2175
0
0
0
0
0
2101
2138
2179
0
0
0
2056
0
2267
0
0
0
0
0
2271
0
0
0
0
2168
2065
2134
2247
0
0
0
0
2243
0
0
0
0
2164
2287
0
0
0
0
2239
0
2061
2130
0
2235
0
2160
0
0
2231
0
0
0
0
2227
0
0
0
0
2156
2223
2089
2126
0
0
2219
0
0
0
0
2319
0
2152
0
0
2315
0
0
0
0
2311
2085
2122
0
0
2148
2215
0
0
0
2263
0
0
3851
0
0
3847
0
2144
3843
0
2081
2118
2199
0
0
2195
0
0
2191
0
2140
2203
0
2275
0
2259
0
2255
0
2251
2077
2114
2343
2052
2339
2335
2331
2327
2323
2307
2303
2299
2283
2279
2211
2184
2207
2099
2095
0
2073
2110
0
0
0
0
0
2288
0
0
0
0
0
0
0
0
0
0
0
2180
2069
6202
0
0
0
0
0
0
0
0
0
0
0
0
2171
0
0
0
0
0
0
0
0
0
2100
2137
3850
2187
0
0
0
0
0
0
0
0
0
0
0
2291
0
0
0
0
0
0
0
2064
2133
3846
0
2183
0
0
0
0
0
0
2295
0
0
0
0
0
0
2175
0
0
0
0
2060
2129
3842
2179
0
0
0
0
0
2271
0
0
0
0
2165
2267
0
0
0
0
2235
0
0
2088
0
2126
2231
2161
0
0
0
2227
0
0
0
0
2223
0
0
0
2157
2219
0
0
0
0
2084
2215
2122
0
0
0
2319
2153
0
0
0
2315
0
0
0
0
2311
0
0
0
2149
2247
0
2080
0
2118
2243
0
0
0
0
2299
0
2145
0
0
2287
0
0
0
0
2239
0
0
0
2307
2076
2141
2114
2303
0
0
0
2263
0
0
2211
0
0
2207
2053
0
2203
0
0
2199
0
0
2195
2072
0
2110
2191
2049
2275
0
2259
0
2255
0
2251
2343
2339
2335
2331
2327
2057
2323
2283
2279
2099
2095
2068
0
6202
0
0
0
0
0
0
0
0
0
0
0
2289
0
0
2100
0
0
2126
2067
0
0
0
0
2181
0
0
0
0
0
2052
2261
0
0
0
0
2122
2063
2177
0
0
0
0
0
0
2048
2173
0
0
0
0
0
0
2293
2118
2091
0
0
0
2265
2056
0
0
0
2237
0
0
0
0
2285
0
0
2114
2087
2221
2168
0
0
0
2217
0
0
0
0
2213
0
0
0
0
2269
2164
2110
2083
0
2329
0
0
0
0
2325
0
0
0
0
2321
2160
0
0
0
2257
2074
2079
0
0
2253
0
0
0
0
2249
2156
0
0
0
2245
0
0
0
2070
2241
2139
0
3849
0
0
2152
3845
0
0
3841
0
0
2197
2146
0
2193
0
0
2189
2135
2148
2201
0
2273
0
2233
0
2229
2142
2225
2341
2337
2184
2333
2317
2313
2309
2305
2301
2297
2281
2277
2209
2205
2097
2093
2106
6227
0
0
0
0
0
0
0
0
0
0
0
2291
0
0
0
0
0
2076
3849
2150
0
0
0
2183
0
0
0
0
0
0
2263
0
0
0
0
2072
3845
2146
2179
0
0
0
0
0
0
2295
0
0
0
0
0
0
2175
2068
3841
2142
0
0
0
2267
0
0
0
0
0
2271
0
0
0
0
2219
2064
2109
2138
0
2215
0
0
0
0
2259
0
0
0
0
2331
0
0
0
2060
2105
2134
2327
0
0
0
0
2323
0
0
0
0
2255
0
0
0
0
2056
2101
2130
2251
0
0
0
0
2247
0
0
0
0
2243
0
0
0
0
2168
2053
2126
2239
0
0
0
0
2299
0
0
0
0
2287
0
0
0
0
2164
2049
2122
2223
0
0
0
2307
0
0
0
2303
0
0
2211
0
0
2207
2160
2089
2118
2203
0
0
2199
0
0
2195
0
0
2191
0
2275
0
2235
0
2156
2085
2114
2231
0
2227
2343
2339
2335
2319
2315
2311
2283
2279
2186
2099
2095
0
2152
6177
0
0
0
0
0
0
0
0
0
0
0
0
0
0
0
0
0
0
0
0
0
0
0
0
0
0
0
0
0
0
0
0
2128
2165
2086
2123
0
0
0
0
0
0
0
0
0
0
0
0
0
0
0
0
0
0
0
0
0
0
0
0
0
0
0
0
0
2124
2161
2082
2119
0
0
0
0
0
0
0
0
2184
0
0
0
0
0
0
0
0
0
0
0
2288
0
0
0
0
0
0
0
0
0
2157
2078
2180
2115
0
0
0
0
0
0
2232
0
0
0
0
0
0
0
2228
0
0
0
0
0
0
0
2224
0
0
0
0
0
0
2153
2212
2074
2111
0
0
0
0
0
2216
0
0
0
0
0
0
0
2256
0
0
0
0
0
0
0
2328
0
0
0
0
0
0
0
2324
2149
2070
2107
0
0
0
0
2320
0
0
0
0
0
0
0
2316
0
0
0
0
0
0
0
2312
0
0
0
0
0
0
0
2308
0
2145
2066
2103
0
0
0
2252
0
0
0
0
0
0
0
2248
0
0
0
0
0
0
0
2244
0
0
0
0
0
0
0
2240
0
0
2141
2062
2055
0
0
2284
0
0
0
0
0
0
0
2236
0
0
0
0
0
0
2292
0
0
0
0
0
0
2172
0
0
0
0
0
2137
2176
2058
2051
0
0
0
2268
0
0
0
0
0
2264
0
0
0
0
2220
0
0
0
2260
0
0
3848
0
0
3844
0
0
3840
0
2133
2196
2170
2091
2192
0
0
2188
0
2272
0
2200
2340
2336
2332
2304
2300
2296
2280
2276
2208
2204
2096
6188
0
0
0
0
0
0
0
0
0
0
0
0
0
0
0
0
0
0
0
0
0
0
0
0
0
0
0
0
0
0
0
0
0
0
0
2156
2081
3850
2119
0
0
0
0
0
0
0
0
0
0
0
0
0
0
0
0
0
0
0
0
0
0
0
0
0
0
0
0
0
0
0
0
2152
2077
3846
2115
0
0
0
0
0
0
0
0
0
0
0
2187
0
0
0
0
0
0
0
0
0
0
0
2291
0
0
0
0
0
0
0
0
2148
2073
3842
2183
0
0
0
0
0
0
0
2223
0
0
0
0
0
0
0
2219
0
0
0
0
0
0
0
2259
0
0
0
0
0
0
0
2331
2144
2069
2110
0
0
0
0
2327
0
0
0
0
0
0
0
2323
0
0
0
0
0
0
0
2319
0
0
0
0
0
0
0
2315
0
0
0
0
2140
2065
2106
2311
0
0
0
0
0
0
0
2255
0
0
0
0
0
0
0
2251
0
0
0
0
0
0
0
2247
0
0
0
0
0
0
0
2243
2136
2061
2102
0
0
0
0
2287
0
0
0
0
0
0
0
2239
0
0
0
0
0
0
0
2235
0
0
0
0
0
0
0
2231
0
0
0
0
2132
2057
2054
2227
0
0
0
0
0
0
2179
0
0
0
0
0
0
2263
0
0
0
0
0
0
2295
0
0
0
0
0
0
2175
0
0
0
0
2128
2169
2050
2215
0
0
0
0
0
2271
0
0
0
0
2267
0
0
0
0
2299
0
0
0
2303
0
0
0
2307
0
0
2211
0
0
2207
0
0
2124
2165
2090
2203
0
0
2199
0
0
2195
0
0
2191
0
2275
2343
2339
2335
2283
2279
2099
2095
0
0
0
0
0
0
0
0
0
0
0
0
0
0
2120
2161
6182
0
0
0
0
0
0
0
0
2175
0
0
0
0
0
2097
0
0
2064
2122
2279
0
0
0
0
0
0
0
0
2263
2093
0
0
0
0
0
2060
2118
2295
0
0
0
0
0
0
2057
0
2339
0
0
0
0
0
0
2088
2114
2335
0
0
0
2169
0
0
0
0
2179
0
0
0
0
0
0
2084
2110
2283
2165
0
0
0
0
0
0
2271
0
0
0
0
0
0
2275
2080
2161
2074
0
0
0
2343
0
0
0
0
0
2267
0
0
3851
2157
0
2076
3847
2070
0
3843
0
0
2191
0
0
2199
0
0
2153
2195
0
2243
2146
2136
2239
0
2235
0
2231
0
2227
0
2223
2149
2219
0
2215
2142
2203
0
2287
2132
2259
0
2255
2185
2251
0
2247
2331
2327
2323
2054
2319
2315
2311
2307
2289
2303
2128
2299
2211
2207
2107
2103
0
0
2050
0
2181
0
0
0
0
0
0
0
6220
0
0
0
0
0
0
0
0
2173
0
0
0
0
0
2098
0
0
2064
2177
2123
0
0
0
0
0
0
0
2293
0
2094
0
0
0
0
0
2060
2273
2119
0
0
0
0
0
0
2058
2337
0
0
0
0
0
0
0
2088
2277
2115
0
0
0
2170
0
0
2281
0
0
0
0
0
0
2333
0
2084
0
2111
2166
0
2341
0
0
0
0
0
2261
0
0
0
0
0
2269
2080
2162
2075
0
0
2265
0
0
0
0
2297
0
0
0
2301
0
2158
0
2076
2305
2071
0
3849
0
0
3845
0
0
3841
0
0
2189
2154
0
2105
2147
2136
2101
0
0
2209
0
0
2205
0
0
2201
2150
0
2197
2143
0
2193
0
2132
2233
0
2229
0
2225
2186
2221
0
2217
0
2213
2055
2285
0
2257
0
2253
2128
2249
2290
2245
0
2241
0
2237
2329
2325
2321
2317
2313
2309
2182
2051
0
0
6220
0
0
0
0
0
0
0
0
2277
0
0
0
0
0
2096
0
0
2273
0
2138
2067
0
0
0
0
0
2177
0
0
2092
0
0
0
0
0
2293
0
0
0
2134
2063
0
0
0
2056
2265
0
0
0
0
0
0
0
0
2173
0
0
0
0
2052
2130
2091
2337
0
0
0
0
0
0
0
2269
0
0
0
2048
0
0
0
2261
0
2126
2087
0
0
0
0
2281
0
0
2168
0
0
2333
0
0
0
0
0
2341
0
2122
2083
0
2221
2164
0
0
0
2217
0
0
0
0
2213
0
0
0
0
2245
2160
2118
2079
0
2241
0
0
0
0
2237
0
0
0
0
2317
2156
0
0
0
2313
0
2114
2075
0
2309
0
0
0
0
2233
2152
0
0
0
2229
0
0
0
0
2225
0
2110
2071
0
2285
2148
0
3849
0
0
3845
0
0
3841
0
0
2197
2184
2147
2193
0
2106
2189
0
2249
0
2201
0
2257
2288
2253
2329
2325
2321
2305
2301
2297
2209
2205
2143
0
2180
6198
0
0
0
0
0
0
0
0
0
0
0
2288
0
0
0
0
0
0
0
0
0
0
2129
2180
2066
3851
0
0
0
0
0
0
2260
0
0
0
0
2093
0
0
0
2336
0
0
0
0
0
2062
3847
0
2176
0
2057
0
0
0
0
0
0
2172
0
0
0
0
0
0
0
2053
2292
0
2090
3843
0
0
0
0
2340
0
0
0
0
0
2049
0
2276
0
0
0
0
0
0
0
2272
2086
2127
0
0
2169
0
0
2268
0
0
0
0
0
0
0
2280
0
0
0
2165
0
2332
0
2082
2123
0
0
2264
0
0
0
0
2240
0
2161
0
0
2236
0
0
0
0
2232
0
0
0
2078
2316
2119
2157
0
0
2312
0
0
0
0
2308
0
0
0
0
2228
0
2153
0
0
2224
0
2074
0
2115
2296
0
0
0
0
2284
0
2149
0
0
2220
0
0
0
0
2216
0
0
0
0
2212
2070
2145
2111
0
2244
0
0
0
2300
0
0
0
2304
0
0
2208
2141
0
2204
0
0
2200
0
2138
2196
2107
0
2192
0
0
2188
2097
2256
0
2252
0
2248
2328
2324
2320
0
0
0
2185
0
0
2134
0
6199
0
0
0
0
0
0
0
0
2279
0
0
0
0
0
0
0
2148
2117
2066
2275
0
0
0
0
0
0
0
0
2343
0
0
0
0
2144
0
2113
2062
2339
0
0
0
0
0
0
0
0
2295
0
0
0
2140
0
0
2109
2090
2175
0
0
0
0
0
0
0
2267
0
0
0
2104
0
0
0
2073
2086
2271
0
0
0
0
0
0
2335
0
0
0
2100
0
2263
0
0
2069
2082
0
2283
0
0
0
0
2259
0
0
0
2096
2255
0
0
0
2049
2251
2078
0
0
0
2331
0
0
0
0
2327
2092
0
0
0
2323
2169
0
0
2138
2247
0
0
0
0
2243
0
0
2056
0
2239
0
0
2165
0
2223
0
2134
0
0
2219
0
0
0
0
2052
2215
0
0
0
2161
2287
0
0
3851
2130
0
2184
3847
0
0
3843
0
0
2199
0
0
2157
2195
2288
0
2191
0
2126
2227
0
2203
0
2235
0
2231
2180
2319
2315
2153
2311
2307
2303
2299
2211
2176
2122
6303
0
0
0
0
0
0
0
0
0
0
0
2181
0
0
0
0
0
2080
0
2102
2261
3851
0
0
0
0
0
0
0
2337
0
0
0
0
0
2076
0
0
2177
2098
0
3847
0
0
0
0
0
2173
0
0
0
0
0
2072
0
0
2293
0
0
2094
0
3843
0
0
2341
0
0
0
0
0
0
2068
2277
0
0
0
0
0
0
2054
2273
2163
0
0
0
0
0
0
2269
2064
0
0
0
0
0
0
2281
0
0
2050
0
2159
2333
0
0
0
0
2060
2265
0
0
0
0
2329
0
0
0
0
2325
2170
0
2155
0
2321
0
2136
0
0
2241
0
0
0
0
2237
0
0
0
0
2221
2166
0
2151
0
2132
2217
0
0
0
0
2213
0
0
0
0
2297
0
0
2118
0
2285
0
2128
2147
0
2257
0
0
0
0
2253
0
0
0
0
2249
2114
0
0
0
2124
2245
0
2143
0
2301
0
0
0
2305
0
0
2209
0
2110
2205
0
0
2120
2201
0
0
2197
2059
0
2193
0
0
2189
0
2184
2233
2090
2229
0
2225
2317
2313
2309
0
0
0
2288
2107
0
0
0
0
0
0
6182
0
0
0
0
0
0
0
0
0
0
0
0
0
0
0
0
0
0
0
0
0
0
0
0
0
0
0
0
0
0
0
0
0
0
2148
2065
2106
2111
0
0
0
0
0
0
0
0
0
0
0
2187
0
0
0
0
0
0
0
0
0
0
0
2291
0
0
0
0
0
0
0
2144
2061
2102
0
2183
0
0
0
0
0
0
0
0
2335
0
0
0
0
0
0
0
0
2175
0
0
0
0
0
0
0
0
2295
0
0
0
2140
2057
2098
0
0
2263
0
0
0
0
0
0
0
0
2179
0
0
0
0
0
0
0
2271
0
0
0
0
0
0
0
2267
0
0
0
0
2136
2053
2094
2259
0
0
0
0
0
0
0
2255
0
0
0
0
0
0
0
2251
0
0
0
0
0
0
0
2331
0
0
0
0
0
0
0
2132
2049
2090
2327
0
0
0
0
0
0
0
2323
0
0
0
0
0
0
0
2319
0
0
0
0
0
0
0
2315
0
0
0
0
0
0
0
2128
2169
2086
2311
0
0
0
0
0
0
0
2247
0
0
0
0
0
0
0
2243
0
0
0
0
0
0
0
2239
0
0
0
0
0
0
0
2124
2165
2082
2287
0
0
0
0
0
0
0
2235
0
0
0
0
0
0
0
2231
0
0
0
0
0
0
0
2227
0
0
0
0
0
0
2339
2120
2161
2078
0
0
2275
0
0
0
0
0
2215
0
0
0
0
0
2283
0
0
0
0
0
2343
0
0
0
0
0
2279
0
0
0
0
2223
2116
2157
2074
0
2219
0
0
3851
0
0
3847
0
0
3843
0
0
2199
0
0
2195
0
0
2191
0
2203
2307
2303
2299
2211
2207
0
0
0
0
0
2112
2153
6166
0
0
0
0
0
0
0
0
0
0
0
0
0
0
0
0
0
0
0
0
0
0
0
0
0
0
0
0
0
0
0
0
0
0
0
0
0
2140
2061
3850
2099
0
0
0
0
0
0
0
0
0
0
0
2187
0
0
0
0
0
0
0
0
0
0
0
2291
0
0
0
0
0
0
0
0
0
0
2136
2057
3846
2183
0
0
0
0
0
0
0
0
2343
0
0
0
0
0
0
0
0
2339
0
0
0
0
0
0
0
0
2175
0
0
0
0
0
0
0
2132
2053
3842
2271
0
0
0
0
0
0
0
0
2267
0
0
0
0
0
0
0
0
2295
0
0
0
0
0
0
0
0
2263
0
0
0
0
0
0
0
2128
2049
2094
2179
0
0
0
0
0
0
0
0
2279
0
0
0
0
0
0
0
2243
0
0
0
0
0
0
0
2331
0
0
0
0
0
0
0
2327
0
2124
2169
2090
0
0
0
2323
0
0
0
0
0
0
0
2319
0
0
0
0
0
0
0
2315
0
0
0
0
0
0
0
2311
0
0
0
0
0
0
0
2120
2165
2086
2239
0
0
0
0
0
0
0
2235
0
0
0
0
0
0
0
2231
0
0
0
0
0
0
0
2287
0
0
0
0
0
0
0
2227
0
0
2116
2161
2082
0
0
2223
0
0
0
0
0
0
0
2259
0
0
0
0
0
0
0
2255
0
0
0
0
0
0
0
2251
0
0
0
0
0
0
0
2247
2112
2157
2078
0
0
2335
0
0
0
0
0
2283
0
0
0
0
0
2275
0
0
0
0
0
2215
0
0
0
0
2299
0
0
0
0
2219
0
0
0
2307
2108
2153
2074
2303
0
0
2211
0
0
2207
0
0
2203
0
0
2199
0
0
2195
0
0
2191
0
0
0
0
0
0
0
0
0
0
0
0
0
0
0
0
2104
2149
2070
0
0
0
0
0
0
0
0
0
0
0
0
0
0
0
0
0
0
0
0
0
0
0
0
0
0
0
0
0
0
0
0
0
0
0
2100
2145
6162
0
0
0
0
0
0
0
0
0
0
0
0
0
0
0
0
0
0
0
0
0
0
0
0
0
0
0
0
0
0
0
0
0
0
0
0
0
0
0
0
0
0
0
0
0
0
0
0
0
0
0
0
0
0
0
0
0
0
0
0
0
0
0
0
0
0
0
0
0
0
0
0
0
0
0
0
0
0
0
0
0
0
0
0
0
0
0
0
0
0
0
0
0
0
0
0
0
0
0
0
0
0
0
0
0
0
0
0
0
0
0
0
0
0
0
0
0
0
0
0
0
0
0
0
0
0
0
0
0
0
0
0
0
0
0
0
0
0
0
0
0
0
0
0
0
0
0
0
0
0
0
0
0
0
0
0
0
0
0
0
0
0
0
0
0
0
0
0
0
0
0
0
0
0
0
0
0
0
0
0
0
0
0
0
0
0
0
0
0
0
0
0
0
0
0
0
0
0
0
0
0
0
0
0
0
0
0
0
0
0
0
0
0
0
0
0
0
0
0
0
0
0
0
0
0
0
0
0
0
0
0
0
0
0
0
0
0
0
0
0
0
0
0
0
0
0
0
0
0
0
0
0
0
0
0
0
0
0
0
0
0
0
0
0
0
0
0
0
0
0
0
0
0
0
0
0
0
0
0
0
0
0
0
0
0
0
0
0
0
0
0
0
0
0
0
0
0
0
0
0
0
0
0
0
0
0
0
0
0
0
0
0
0
0
0
0
0
0
0
0
0
0
0
0
0
0
0
0
0
0
0
0
0
0
0
0
0
0
