int
0
0
0
2191
0
0
2116
2183
0
0
0
2175
2101
2120
2054
2151
0
0
0
2195
2200
0
3851
0
0
2097
2152
2050
3847
0
0
3843
2156
0
2131
0
0
2064
2093
2127
2058
0
2176
2135
0
2247
0
2196
2243
0
2147
2089
2256
2114
2143
0
2139
2252
2163
2239
2235
2231
2248
2227
2085
2223
2110
2060
2219
2215
2211
2207
2068
2171
2167
2079
2075
2184
2081
6202
0
0
0
0
2206
0
0
0
0
2066
0
0
0
0
2062
2100
2053
3851
0
2190
0
0
0
0
2186
0
0
0
0
2070
0
2096
2049
3847
2154
0
0
0
0
2174
0
0
0
0
2214
0
0
2092
2057
2210
3843
0
0
2198
0
2121
0
2194
0
0
0
2182
2117
2088
0
2178
2115
0
2142
2201
0
2138
0
0
2134
0
2149
2130
0
2084
2126
0
2157
2146
2111
2246
0
2257
2242
0
2162
2238
2253
2234
2230
2080
2226
2249
2222
2218
2170
2166
2078
2074
6203
0
0
0
0
2191
0
0
0
2118
2187
0
0
0
0
2112
2049
2259
2226
0
0
0
2255
0
0
0
0
2122
2251
0
2108
2081
0
2067
0
0
2202
0
2063
0
0
0
0
2175
0
2104
2077
2162
2195
0
0
0
2183
0
0
2154
2179
0
0
0
2100
2073
2199
2158
0
3851
0
0
3847
0
0
2170
3843
0
0
2096
2057
2131
0
2222
2127
0
0
2135
0
2247
2218
2243
0
2147
2092
2053
2150
2143
0
2139
2239
2235
2166
2231
2215
2211
2207
2070
2085
6184
0
0
0
0
0
0
2148
0
0
0
0
0
2160
0
0
0
0
2101
2156
2074
3851
0
0
0
2152
0
0
0
0
2256
0
0
0
0
2252
2097
0
2058
3847
2068
0
0
0
0
2188
0
0
0
0
2184
0
0
0
2093
2064
2054
3843
0
0
2060
0
0
2201
0
2172
0
0
0
0
2212
0
2165
0
2050
2208
2091
0
0
0
2204
2221
0
0
0
2196
0
0
0
2248
2217
0
2140
2114
2087
2136
0
0
2132
2121
0
2128
0
0
2124
0
0
2192
2117
0
2180
2110
2083
2176
0
0
2144
2169
2244
0
2240
2236
2232
2228
2225
0
0
0
0
2106
6175
0
0
0
0
0
0
0
0
0
0
0
2159
0
0
0
0
0
0
2092
2061
2090
0
0
2203
0
0
0
0
0
0
0
2176
0
0
0
2199
0
0
2057
2086
0
0
0
0
2184
0
0
2195
0
0
0
0
0
0
0
0
0
2148
2113
2082
2191
0
0
0
0
0
0
0
0
0
2256
0
2183
0
0
0
0
2109
2054
0
0
0
0
2252
2175
0
0
3851
0
0
3847
0
0
3843
0
2152
2105
2050
2131
0
0
2127
0
0
2135
0
2247
2120
2243
0
2147
0
2143
0
2139
2101
2070
2163
2239
2116
2235
2231
2227
2223
2219
2215
2211
2207
2171
2167
2079
2248
2075
0
2097
6162
0
0
0
0
0
0
0
0
0
0
0
0
2196
0
0
0
0
0
0
0
0
2093
2062
3851
0
2148
0
0
0
0
0
0
0
0
0
0
0
0
2188
0
0
0
0
2089
2058
3847
0
0
0
0
0
2184
0
0
0
0
0
0
0
0
0
0
0
0
2116
2085
2114
3843
0
0
0
0
0
0
0
2252
0
0
0
0
0
0
0
0
0
0
2180
2081
2110
2055
0
0
0
0
0
0
0
2176
0
0
2257
0
0
0
0
0
0
0
2120
0
2106
2051
0
2157
0
0
0
0
0
2192
0
0
0
0
2208
0
2249
0
0
2204
0
0
2102
2071
2212
0
0
2140
0
2173
2136
0
0
2132
0
0
2128
0
0
2124
0
0
2144
2153
2244
2098
2240
2067
2160
2236
2232
2228
2224
2220
2216
2168
2164
2076
2072
6297
0
0
0
0
0
0
0
0
0
0
0
0
0
2149
2182
0
0
0
0
0
2064
2099
0
0
0
0
0
2201
0
2178
0
0
0
0
0
0
0
0
0
0
0
2060
2253
2095
2258
0
0
0
0
0
0
0
0
0
0
0
2249
0
0
2118
0
0
2056
0
2091
0
0
0
0
0
2189
0
0
0
2122
0
0
0
0
0
0
0
0
2052
2173
2087
0
0
0
2166
0
0
0
0
0
0
0
2217
0
0
0
0
0
0
2048
2198
2083
0
0
0
2157
0
0
0
0
0
0
0
0
0
2194
0
2153
0
0
2112
3849
2079
0
3845
0
0
3841
0
0
2129
2162
0
2125
0
0
2133
0
2245
0
2241
2108
2145
2075
2141
0
2137
2237
2233
2229
2213
2209
2205
2186
0
0
0
0
0
0
0
0
2104
0
2071
0
0
0
2226
0
0
0
0
0
0
0
0
0
0
2223
0
0
2170
6196
0
0
0
0
0
0
0
0
0
0
0
0
0
0
2167
0
0
0
0
0
0
0
0
2096
3849
2062
0
0
0
2163
0
0
0
0
0
0
0
0
0
0
0
0
0
2259
0
0
0
2092
3845
2058
0
0
0
0
0
0
0
2219
0
0
0
0
0
0
2122
0
0
0
0
0
0
2088
3841
2199
0
0
0
0
0
2202
0
0
0
0
0
0
0
2171
0
0
0
0
0
0
2154
2084
2053
0
0
0
0
2119
0
0
0
0
0
0
0
2194
0
0
0
0
2223
0
0
0
0
2080
2049
0
0
0
2190
0
0
2251
0
0
0
0
0
0
0
0
0
0
0
2186
2159
0
0
2076
2113
0
0
0
0
0
0
0
2255
0
2182
0
0
2211
0
0
0
0
2207
0
0
0
0
2072
2109
2178
2215
0
0
2143
0
0
2139
0
0
2135
0
0
2131
0
2226
2127
0
0
2147
0
2247
2068
2105
2243
2239
2235
2231
0
0
2174
0
0
0
0
0
0
0
0
0
0
0
0
0
0
2150
2064
6197
0
0
0
0
0
0
0
0
0
0
0
0
0
0
0
0
0
0
0
0
0
0
0
0
0
0
0
0
0
0
0
0
0
0
0
0
0
0
0
0
0
0
0
0
0
0
0
0
0
0
0
0
0
0
0
0
0
0
0
0
0
0
0
0
0
0
0
0
0
0
0
0
0
0
0
0
0
0
0
0
0
0
0
0
0
0
0
0
0
0
0
0
0
0
0
0
0
0
0
0
0
0
0
0
0
0
0
0
0
0
0
0
0
0
0
0
0
0
0
0
0
0
0
0
0
0
0
0
0
0
0
0
0
0
0
0
0
0
0
0
0
0
0
0
0
0
0
0
0
0
0
0
0
0
0
0
0
0
0
0
0
0
0
0
0
0
0
0
0
0
0
0
0
0
0
0
0
0
0
0
0
0
0
0
0
0
0
0
0
0
0
0
0
0
0
0
0
0
0
0
0
0
0
0
0
0
0
0
0
0
0
0
0
0
0
0
0
0
0
0
0
0
0
0
0
0
0
0
0
0
0
0
0
0
0
0
0
0
0
0
0
0
0
0
0
0
0
0
0
0
0
0
0
0
0
0
0
0
0
0
0
0
0
0
0
0
0
0
0
0
0
0
0
0
0
0
0
0
0
0
0
0
0
0
0
0
0
0
0
0
0
0
0
0
0
0
0
0
0
0
0
0
0
0
0
0
0
0
0
0
0
0
0
0
0
0
0
0
0
0
0
0
0
0
0
0
0
0
0
0
0
0
0
0
0
0
0
0
0
0
0
0
0
0
0
0
0
0
0
0
0
0
0
0
0
0
0
0
0
0
0
0
0
0
0
0
0
0
0
0
0
0
0
0
0
0
0
0
0
0
0
0
0
0
0
0
0
0
0
0
0
0
0
0
0
0
0
0
0
0
0
0
0
0
0
0
0
0
0
0
0
0
0
0
0
0
0
0
0
0
0
0
0
0
0
0
0
0
0
0
0
0
0
0
0
0
0
0
0
0
0
0
0
0
0
0
0
0
0
0
0
0
0
0
0
0
0
0
0
0
0
0
0
0
0
0
0
0
0
0
0
0
0
0
0
0
0
0
0
0
0
0
0
0
0
0
0
0
0
0
0
0
0
0
0
0
0
0
0
0
0
0
0
0
0
0
0
0
0
0
0
0
0
0
0
0
0
0
0
0
0
0
0
0
0
0
0
0
0
0
0
0
0
0
0
0
0
0
0
0
0
0
0
0
0
0
0
0
0
0
0
0
0
0
0
0
0
0
0
0
0
0
0
0
0
0
0
0
0
0
0
0
0
0
0
0
0
0
0
0
0
0
0
0
0
0
0
0
0
0
0
0
0
0
0
0
0
0
0
0
0
0
0
0
0
0
0
0
0
0
0
0
0
0
0
0
0
0
0
0
0
0
0
0
0
0
0
0
0
0
0
0
0
0
0
0
0
0
0
0
0
0
0
0
0
0
0
0
0
0
0
0
0
0
0
0
0
0
0
0
0
0
0
0
0
0
0
0
0
0
0
0
0
0
0
0
0
0
0
0
0
0
0
0
0
0
0
0
0
0
0
0
0
0
0
0
0
0
0
0
0
0
0
0
0
0
0
0
0
0
0
0
0
0
0
0
0
0
0
0
0
0
0
0
0
0
0
0
0
0
0
0
0
0
0
0
0
0
0
0
0
0
0
0
0
0
0
0
0
0
0
0
0
0
0
0
0
0
0
0
0
0
0
0
0
0
0
0
0
0
0
0
0
0
0
0
0
0
0
0
0
0
0
0
0
0
0
0
0
0
0
0
0
0
0
0
0
0
0
0
0
0
0
0
0
0
0
0
0
0
0
0
0
0
0
0
0
0
0
0
0
0
0
0
0
0
0
0
0
0
0
0
0
0
0
0
0
0
0
0
0
0
0
0
0
0
0
0
0
0
0
0
0
0
0
0
0
0
0
0
0
0
0
0
0
0
0
0
0
0
0
0
0
0
0
0
0
0
0
0
0
0
0
0
0
0
0
0
0
0
0
0
0
0
0
0
0
0
0
0
0
0
0
0
0
0
0
0
0
0
0
0
0
0
0
0
0
0
0
0
0
0
0
0
0
0
0
0
0
0
0
0
0
0
0
0
0
0
0
0
0
0
0
0
0
0
0
0
0
0
0
0
0
0
0
0
0
0
0
0
0
0
0
0
0
0
0
0
0
0
0
0
0
0
0
0
0
0
0
0
0
0
0
0
0
0
0
0
0
0
0
0
0
0
0
0
0
0
0
0
0
0
0
0
0
0
0
0
0
0
0
0
0
0
0
0
0
0
0
0
0
0
0
0
0
0
0
0
0
0
0
0
0
0
0
0
0
0
0
0
0
0
0
0
0
0
0
0
0
0
0
0
0
0
0
0
0
0
0
0
0
0
0
0
0
0
0
0
0
0
0
0
0
0
0
0
0
0
0
0
0
0
0
0
0
0
0
0
0
0
0
0
0
0
0
0
0
0
0
0
0
0
0
0
0
0
0
0
0
0
0
0
0
0
0
0
0
0
0
0
0
0
0
0
0
0
0
0
0
0
0
0
0
0
0
0
0
0
0
0
0
0
0
0
0
0
0
0
0
0
0
0
0
0
0
0
0
0
0
0
0
0
0
0
0
0
0
0
0
0
0
0
0
0
0
0
0
0
0
0
0
0
0
0
0
0
0
0
0
0
0
0
0
0
0
0
0
0
0
0
0
0
0
0
0
0
0
0
0
0
0
0
0
0
0
0
0
0
0
0
0
0
0
0
0
0
0
0
0
0
0
0
0
0
0
0
0
0
0
0
0
0
0
0
0
0
0
0
0
0
0
0
0
0
0
0
0
0
0
0
0
0
0
0
0
0
0
0
0
0
0
0
0
0
0
0
0
0
0
0
0
0
0
0
0
0
0
0
0
0
0
0
0
0
0
0
0
0
0
0
0
0
0
0
0
0
0
0
0
0
0
0
0
0
0
0
0
0
0
0
0
0
0
0
0
0
0
0
0
0
0
0
0
0
0
0
0
0
0
0
0
0
0
0
0
0
0
0
0
0
0
0
0
0
0
0
0
0
0
0
0
0
0
0
0
0
0
0
0
0
0
0
0
0
0
0
0
0
0
0
0
0
0
0
0
0
0
0
0
0
0
0
0
0
0
0
0
0
0
0
0
0
0
0
0
0
0
0
0
0
0
0
0
0
0
0
0
0
0
0
0
0
0
0
0
0
0
0
0
0
0
0
0
0
0
0
0
0
0
0
0
0
0
0
0
0
0
0
0
0
0
0
0
0
0
0
0
0
0
0
0
0
0
0
0
0
0
0
0
0
0
0
0
0
0
0
0
0
0
0
0
0
0
0
0
0
0
0
0
0
0
0
0
0
0
0
0
0
0
0
0
0
0
0
0
0
0
0
0
0
0
0
0
0
0
0
0
0
0
0
0
0
0
0
0
0
0
0
0
0
0
0
0
0
0
0
0
0
0
0
0
0
0
0
0
0
0
0
0
0
0
0
0
0
0
0
0
0
0
0
0
0
0
0
0
0
0
0
0
0
0
0
0
0
0
0
0
0
0
0
0
0
0
0
0
0
0
0
0
0
0
0
0
0
0
0
0
0
0
0
0
0
0
0
0
0
0
0
0
0
0
0
0
0
0
0
0
0
0
0
0
0
0
0
0
0
0
0
0
0
0
0
0
0
0
0
0
0
0
0
0
0
0
0
0
0
0
0
0
0
0
0
0
0
0
0
0
0
0
0
0
0
0
0
0
0
0
0
0
0
0
0
0
0
0
0
0
0
0
0
0
0
0
0
0
0
0
0
0
0
0
0
0
0
0
0
0
0
0
0
0
0
0
0
0
0
0
0
0
0
0
0
0
0
0
0
0
0
0
0
0
0
0
0
0
0
0
0
0
0
0
0
0
0
0
0
0
0
0
0
0
0
0
0
0
0
0
0
0
0
0
0
0
0
0
0
0
0
0
0
0
0
0
0
0
0
0
0
0
0
0
0
0
0
0
0
0
0
0
0
0
0
0
0
0
0
0
0
0
0
0
0
0
0
0
0
0
0
0
0
0
0
0
0
0
0
0
0
0
0
0
0
0
0
0
0
0
0
0
0
0
0
0
0
0
0
0
0
0
0
0
0
0
0
0
0
0
0
0
0
0
0
0
0
0
0
0
0
0
0
0
0
0
0
0
0
0
0
0
0
0
0
0
0
0
0
0
0
0
0
0
0
0
0
0
0
0
0
0
0
0
0
0
0
0
0
0
0
0
0
0
0
0
0
0
0
0
0
0
0
0
0
0
0
0
0
0
0
0
0
0
0
0
0
0
0
0
0
0
0
0
0
0
0
0
0
0
0
0
0
0
0
0
0
0
0
0
0
0
0
0
0
0
0
0
0
0
0
0
0
0
0
0
0
0
0
0
0
0
0
0
0
0
0
0
0
0
0
0
0
0
0
0
0
0
0
0
0
0
0
0
0
0
0
0
0
0
0
0
0
0
0
0
0
0
0
0
0
0
0
0
0
0
0
0
0
0
0
0
0
0
0
0
0
0
0
0
0
0
0
0
0
0
0
0
0
0
0
0
0
0
0
0
0
0
0
0
0
0
0
0
0
0
0
0
0
0
0
0
0
0
0
0
0
0
0
0
0
0
0
0
0
0
0
0
0
0
0
0
0
0
0
0
0
0
0
0
0
0
0
0
0
0
0
0
0
0
0
0
0
0
0
0
0
0
0
0
0
0
0
0
0
0
0
0
0
0
0
0
0
0
0
0
0
0
0
0
0
0
0
0
0
0
0
0
0
0
0
0
0
0
0
0
0
0
0
0
0
0
0
0
0
0
0
0
0
0
0
0
0
0
0
0
0
0
0
0
0
0
0
0
0
0
0
0
0
0
0
0
0
0
0
0
0
0
0
0
0
0
0
0
0
0
0
0
0
0
0
0
0
0
0
0
0
0
0
0
0
0
0
0
0
0
0
0
0
0
0
0
0
0
0
0
0
0
0
0
0
0
0
0
0
0
0
0
0
0
0
0
0
0
0
0
0
0
0
0
0
0
0
0
0
0
0
0
0
0
0
0
0
0
0
0
0
0
0
0
0
0
0
0
0
0
0
0
0
0
0
0
0
0
0
0
0
0
0
0
0
0
0
0
0
0
0
0
0
0
0
0
0
0
0
0
0
0
0
0
0
0
0
0
0
0
0
0
0
0
0
0
0
0
0
0
0
0
0
0
0
0
0
0
0
0
0
0
0
0
0
0
0
0
0
0
0
0
0
0
0
0
0
0
0
0
0
0
0
0
0
0
0
0
0
0
0
0
0
0
0
0
0
0
0
0
0
0
0
0
0
0
0
0
0
0
0
0
0
0
0
0
0
0
0
0
0
0
0
0
0
0
0
0
0
0
0
0
0
0
0
0
0
0
0
0
0
0
0
0
0
0
0
0
0
0
0
0
0
0
0
0
0
0
0
0
0
0
0
0
0
0
0
0
0
0
0
0
0
0
0
0
0
0
0
0
0
0
0
0
0
0
0
0
0
0
0
0
0
0
0
0
0
0
0
0
0
0
0
0
0
0
0
0
0
0
0
0
0
0
0
0
0
0
0
0
0
0
0
0
0
0
0
0
0
0
0
0
0
0
0
0
0
0
0
0
0
0
0
0
0
0
0
0
0
0
0
0
0
0
0
0
0
0
0
0
0
0
0
0
0
0
0
0
0
0
0
0
0
0
0
0
0
0
0
0
0
0
0
0
0
0
0
0
0
0
0
0
0
0
0
0
0
0
0
0
0
0
0
0
0
0
0
0
0
0
0
0
0
0
0
0
0
0
0
0
0
0
0
0
0
0
0
0
0
0
0
0
0
0
0
0
0
0
0
0
0
0
0
0
0
0
0
0
0
0
0
0
0
0
0
0
0
0
0
0
0
0
0
0
0
0
0
0
0
0
0
0
0
0
0
0
0
0
0
0
0
0
0
0
0
0
0
0
0
0
0
0
0
0
0
0
0
0
0
0
0
0
0
0
0
0
0
0
0
0
0
0
0
0
0
0
0
0
0
0
0
0
0
0
0
0
0
0
0
0
0
0
0
0
0
0
0
0
0
0
0
0
0
0
0
0
0
0
0
0
0
0
0
0
0
0
0
0
0
0
0
0
0
0
0
0
0
0
0
0
0
0
0
0
0
0
0
0
0
0
0
0
0
0
0
0
0
0
0
0
0
0
0
0
0
0
0
0
0
0
0
0
0
0
0
0
0
0
0
0
0
0
0
0
0
0
0
0
0
0
0
0
0
0
0
0
0
0
0
0
0
0
0
0
0
0
0
0
0
0
0
0
0
0
0
0
0
0
0
0
0
0
0
0
0
0
0
0
0
0
0
0
0
0
0
0
0
0
0
0
0
0
0
0
0
0
0
0
0
0
0
0
0
0
0
0
0
0
0
0
0
0
0
0
0
0
0
0
0
0
0
0
0
0
0
0
0
0
0
0
0
0
0
0
0
0
0
0
0
0
0
0
0
0
0
0
0
0
0
0
0
0
0
0
0
0
0
0
0
0
0
0
0
0
0
0
0
0
0
0
0
0
0
0
0
0
0
0
0
0
0
0
0
0
0
0
0
0
0
0
0
0
0
0
0
0
0
0
0
0
0
0
0
0
0
0
0
0
0
0
0
0
0
0
0
0
0
0
0
0
0
