int
0
0
2183
3872
0
2083
0
3864
2051
3657
3590
3860
2111
0
2155
2168
2151
0
2119
2084
3653
3858
2175
2160
2127
3651
3882
2060
3619
3587
3593
2056
3878
2239
2235
2052
2231
2142
2227
2144
3625
2223
2070
2136
2219
2215
2211
2088
2134
2207
3621
2203
2191
2066
2187
2179
2167
2159
2131
2123
2115
2107
2103
2099
2095
2079
6171
0
2175
0
2088
3877
2127
0
2168
3858
2133
2111
2084
2155
0
2065
2160
3654
2151
0
2060
2141
2119
3651
2056
3622
2069
3619
2052
3595
3873
3626
2144
3591
3865
2080
3587
3658
2048
3861
2239
2180
3882
2137
2235
2231
2227
2223
2219
2215
2211
2207
2203
2191
2187
2179
2167
2159
2131
2123
2115
2107
2103
2099
2095
2079
6171
0
2175
0
2088
3877
2127
0
2168
3858
2133
2111
2084
2155
0
2065
2160
3626
2151
0
2060
2141
2119
3651
2056
3658
2069
3619
2052
3595
3873
3622
2144
3591
3865
2080
3587
3654
2048
3861
2239
2180
3882
2137
2235
2231
2227
2223
2219
2215
2211
2207
2203
2191
2187
2179
2167
2159
2131
2123
2115
2107
2103
2099
2095
2079
6171
0
2175
0
2088
3877
2127
0
2168
3858
2133
2111
2084
2155
0
2065
2160
3654
2151
0
2060
2141
2119
3651
2056
3590
2069
3627
2052
3623
3873
3619
2144
3658
3865
2080
3587
2239
2048
3861
3594
2180
2235
2137
2231
3882
2227
2223
2219
2215
2211
2207
2203
2191
2187
2179
2167
2159
2131
2123
2115
2107
2103
2099
2095
2079
6171
0
0
0
2139
0
0
2072
2065
2091
0
3654
2119
2168
0
3617
2111
0
3880
2183
0
3658
2053
3876
2151
0
2127
0
2132
2085
2175
3858
2155
2140
3651
3627
3865
3623
2068
2062
3595
3591
3872
3585
2239
2235
3860
2098
2231
2227
2056
2081
2223
2219
2144
2094
2215
2211
2049
2207
2203
2191
2187
2179
2167
2163
2159
2131
2123
2115
2107
2103
6175
0
0
0
2147
0
0
0
2048
2065
2139
3658
0
0
2091
0
2072
3617
2119
0
0
2111
3654
2168
2183
2053
2151
0
3880
2127
0
2175
0
3876
2085
3858
2155
3651
2132
3627
3623
3595
3865
2140
2062
3591
2239
2235
2068
2231
3585
2227
3872
2098
2223
2219
3860
2215
2081
2211
2056
2207
2094
2203
2191
2187
2179
2167
2163
2159
2131
2123
2115
2107
2103
6175
0
2175
0
2088
3877
2127
0
2168
3858
2133
2111
2084
2155
0
2065
2160
3658
2151
0
2060
2141
2119
3651
2056
3594
2069
3627
2052
3623
3873
3619
2144
3654
3865
2080
3587
2239
2048
3861
3590
2180
2235
2137
2231
3882
2227
2223
2219
2215
2211
2207
2203
2191
2187
2179
2167
2159
2131
2123
2115
2107
2103
2099
2095
2079
6171
0
0
0
2147
0
0
0
2048
2065
2139
3658
0
0
2091
0
2072
3617
2119
0
0
2111
3654
2168
2183
2053
2151
0
3880
2127
0
2175
0
3876
2085
3858
2155
3651
2132
3627
3623
3595
3865
2140
2062
3591
2239
2235
2068
2231
3585
2227
3872
2098
2223
2219
3860
2215
2081
2211
2056
2207
2094
2203
2191
2187
2179
2167
2163
2159
2131
2123
2115
2107
2103
6175
0
0
0
2139
0
0
2072
2065
2091
0
3658
2119
2168
0
3617
2111
0
3880
2183
0
3654
2053
3876
2151
0
2127
0
2132
2085
2175
3858
2155
2140
3651
3627
3865
3623
2068
2062
3595
3591
3872
3585
2239
2235
3860
2098
2231
2227
2056
2081
2223
2219
2144
2094
2215
2211
2049
2207
2203
2191
2187
2179
2167
2163
2159
2131
2123
2115
2107
2103
6175
0
2175
0
2088
3877
2127
0
2168
3858
2133
2111
2084
2155
0
2065
2160
3622
2151
0
2060
2141
2119
3659
2056
3626
2069
3655
2052
3651
3873
3619
2144
3590
3865
2080
3587
2239
2048
3861
3594
2180
2235
2137
2231
3882
2227
2223
2219
2215
2211
2207
2203
2191
2187
2179
2167
2159
2131
2123
2115
2107
2103
2099
2095
2079
6171
0
0
0
2139
0
0
3648
2061
2087
0
3622
0
2168
2055
2057
0
2111
0
2160
2127
3626
2089
2183
3880
2119
0
2155
0
3876
2049
3858
2175
0
2140
2151
3659
3585
3655
2064
2102
3619
3595
3591
2132
3861
2239
2235
3872
2070
2231
2227
3864
2081
2223
2219
2144
2094
2215
2211
2077
2207
2203
2191
2187
2179
2167
2159
2131
2123
2115
2107
2099
6171
0
0
0
3867
0
0
0
2076
2061
2147
3622
0
0
2139
0
3648
2057
2087
0
0
0
3626
2168
2055
2089
0
2111
0
0
2160
2127
0
2049
3858
3880
2183
0
2119
0
3876
3585
2155
2102
2175
2140
2151
3659
3655
3861
2064
3619
2070
3595
3591
2132
2239
2081
2235
3872
2231
2094
2227
2223
2219
2215
2211
2207
2203
2191
2187
2179
2167
2159
2131
2123
2115
2107
2099
6171
0
0
0
2147
0
0
0
3648
2065
2139
3590
0
2119
0
0
2088
3617
2083
0
0
3594
2183
0
2084
2057
2127
0
0
2051
2160
3858
2151
2077
2111
3880
2175
0
2155
3659
3876
3865
2102
3655
3627
2132
3623
3587
2239
3861
2140
2098
2235
2231
3872
2227
2223
2073
2060
2219
2070
2215
2211
2207
2203
2053
2191
2187
2179
2171
2167
2159
2131
2123
2115
2107
6191
0
0
0
0
3883
0
0
0
0
3879
2076
3585
2098
0
2135
0
0
0
0
2143
0
3648
2089
3875
2094
0
0
2147
0
0
0
2139
2072
2085
0
2111
2066
0
2183
0
0
2119
0
2056
3865
2127
0
2151
2062
2175
0
2155
0
2219
3616
3861
3659
3655
3627
3623
2070
3595
3591
2239
2235
2052
3857
2231
2227
2223
2215
2211
2102
2207
2203
2191
2048
2081
2187
2179
2171
2167
2163
2159
2131
2123
2115
6203
0
0
0
0
3883
0
0
0
0
3879
0
2076
3585
2098
2135
0
0
0
0
2143
0
0
0
3648
2089
3875
2094
0
0
2147
0
0
0
2139
0
2072
2085
2111
0
2066
2183
0
0
2119
0
0
2127
2056
3865
2151
0
2179
2062
2175
0
2203
0
2155
0
3616
3861
2219
3659
3655
3627
2070
3623
3595
3591
2239
2235
2052
3857
2231
2227
2223
2215
2211
2102
2207
2191
2187
2171
2048
2081
2167
2163
2159
2131
2123
2115
6203
0
0
0
3875
0
0
0
2063
2052
2065
3594
2147
0
0
0
2139
0
3648
3617
2119
0
3590
2083
0
0
2183
2088
2057
2127
0
0
2051
3858
2151
0
2084
2077
2111
0
2175
0
2155
2160
2102
3659
3865
3655
3880
3627
3623
3587
2239
3876
2098
3861
2235
2231
2132
2227
2223
2219
2215
2140
2073
2070
2211
2207
2203
2191
2187
2179
2171
2167
2159
2131
2123
2115
2107
6191
0
0
0
0
3883
0
0
0
0
3879
0
2076
3585
2098
2135
0
0
0
0
2143
0
0
0
3648
2089
3875
2094
0
0
2147
0
0
0
2139
0
2072
2085
2111
0
2066
2183
0
0
2119
0
0
2127
2056
3865
2151
0
2175
2062
2155
0
2219
3659
3655
3627
3616
3861
3623
3595
3591
2239
2070
2235
2231
2227
2223
2215
2052
3857
2211
2207
2203
2191
2187
2102
2179
2171
2167
2163
2048
2081
2159
2131
2123
2115
6203
0
0
0
0
3883
0
0
0
0
3879
0
2076
2049
2098
2135
0
0
0
0
2143
0
0
0
3648
3585
3875
2094
0
0
2147
0
0
0
2139
0
2072
2089
2111
0
2066
2183
0
0
2119
0
0
2127
2056
3865
2151
0
2175
2062
2155
0
2219
3659
3655
3627
3616
3861
3623
3595
3591
2239
2070
2235
2231
2227
2223
2215
2052
2085
2211
2207
2203
2191
2187
2102
2179
2171
2167
3856
2163
2081
2159
2131
2123
2115
6203
0
2175
0
2088
3877
2127
0
2168
3858
2133
2111
2084
2155
0
2065
2160
3626
2151
0
2060
2141
2119
3659
2056
3622
2069
3655
2052
3651
3873
3619
2144
3594
3865
2080
3587
2239
2048
3861
3590
2180
2235
2137
2231
3882
2227
2223
2219
2215
2211
2207
2203
2191
2187
2179
2167
2159
2131
2123
2115
2107
2103
2099
2095
2079
6171
0
0
0
3867
0
0
0
2076
2061
2147
3622
0
0
2139
0
3648
2057
2087
0
0
0
3626
2168
2055
2089
0
2111
0
0
2160
2127
0
2049
3858
3880
2183
0
2119
0
3876
3585
2155
2102
2175
2140
2151
3659
3655
3861
2064
3619
2070
3595
3591
2132
2239
2081
2235
3872
2231
2094
2227
2223
2219
2215
2211
2207
2203
2191
2187
2179
2167
2159
2131
2123
2115
2107
2099
6171
0
0
0
2139
0
0
3648
2061
2087
0
3626
0
2168
2055
2057
0
2111
0
2160
2127
3622
2089
2183
3880
2119
0
2155
0
3876
2049
3858
2175
0
2140
2151
3659
3585
3655
2064
2102
3619
3595
3591
2132
3861
2239
2235
3872
2070
2231
2227
3864
2081
2223
2219
2144
2094
2215
2211
2077
2207
2203
2191
2187
2179
2167
2159
2131
2123
2115
2107
2099
6171
0
0
0
3875
0
0
0
2063
2052
2065
3594
2147
0
0
0
2139
0
3648
3617
2119
0
3590
2083
0
0
2183
2088
2057
2127
0
0
2051
3858
2151
0
2084
2077
2111
0
2175
0
2155
2160
2102
3659
3865
3655
3880
3627
3623
3587
2239
3876
2098
3861
2235
2231
2132
2227
2223
2219
2215
2140
2073
2070
2211
2207
2203
2191
2187
2179
2171
2167
2159
2131
2123
2115
2107
6191
0
0
0
0
3883
0
0
0
0
3879
0
2076
2049
2098
2135
0
0
0
0
2143
0
0
0
3648
3585
3875
2094
0
0
2147
0
0
0
2139
0
2072
2089
2111
0
2066
2183
0
0
2119
0
0
2127
2056
3865
2151
0
2175
2062
2155
0
2219
3659
3655
3627
3616
3861
3623
3595
3591
2239
2070
2235
2231
2227
2223
2215
2052
2085
2211
2207
2203
2191
2187
2102
2179
2171
2167
3856
2163
2081
2159
2131
2123
2115
6203
0
0
0
0
3883
0
0
0
0
3879
0
2076
3585
2098
2135
0
0
0
0
2143
0
0
0
3648
2089
3875
2094
0
0
2147
0
0
0
2139
0
2072
2085
2111
0
2066
2183
0
0
2119
0
0
2127
2056
3865
2151
0
2175
2062
2155
0
2219
3659
3655
3627
3616
3861
3623
3595
3591
2239
2070
2235
2231
2227
2223
2215
2052
3857
2211
2207
2203
2191
2187
2102
2179
2171
2167
2163
2048
2081
2159
2131
2123
2115
6203
0
0
0
2147
0
0
0
3648
2065
2139
3594
0
2119
0
0
2088
3617
2083
0
0
3590
2183
0
2084
2057
2127
0
0
2051
2160
3858
2151
2077
2111
3880
2175
0
2155
3659
3876
3865
2102
3655
3627
2132
3623
3587
2239
3861
2140
2098
2235
2231
3872
2227
2223
2073
2060
2219
2070
2215
2211
2207
2203
2053
2191
2187
2179
2171
2167
2159
2131
2123
2115
2107
6191
0
0
0
0
3883
0
0
0
0
3879
0
2076
3585
2098
2135
0
0
0
0
2143
0
0
0
3648
2089
3875
2094
0
0
2147
0
0
0
2139
0
2072
2085
2111
0
2066
2183
0
0
2119
0
0
2127
2056
3865
2151
0
2179
2062
2175
0
2203
0
2155
0
3616
3861
2219
3659
3655
3627
2070
3623
3595
3591
2239
2235
2052
3857
2231
2227
2223
2215
2211
2102
2207
2191
2187
2171
2048
2081
2167
2163
2159
2131
2123
2115
6203
0
0
0
0
3883
0
0
0
0
3879
2076
3585
2098
0
2135
0
0
0
0
2143
0
3648
2089
3875
2094
0
0
2147
0
0
0
2139
2072
2085
0
2111
2066
0
2183
0
0
2119
0
2056
3865
2127
0
2151
2062
2175
0
2155
0
2219
3616
3861
3659
3655
3627
3623
2070
3595
3591
2239
2235
2052
3857
2231
2227
2223
2215
2211
2102
2207
2203
2191
2048
2081
2187
2179
2171
2167
2163
2159
2131
2123
2115
6203
0
0
0
0
3883
0
0
0
0
3879
2076
3585
2098
0
2135
0
0
0
0
2143
0
3648
2089
3875
2094
0
0
2147
0
0
0
2139
2072
2085
0
2111
2066
0
2183
0
0
2119
0
2056
3865
2127
0
2151
2062
2175
0
2155
0
2219
3616
3861
3659
3655
3627
3623
2070
3595
3591
2239
2235
2052
3857
2231
2227
2223
2215
2211
2102
2207
2203
2191
2048
2081
2187
2179
2171
2167
2163
2159
2131
2123
2115
6203
0
0
0
0
0
0
0
0
0
0
0
0
0
0
0
0
0
0
0
0
0
0
0
0
0
0
0
0
0
0
0
0
0
0
0
0
0
0
0
0
0
0
0
0
0
0
0
0
0
0
0
0
0
0
0
0
0
0
0
0
0
0
0
0
0
0
0
0
0
0
0
0
0
0
0
0
0
0
0
0
0
0
0
0
0
0
0
0
0
0
0
0
0
0
0
0
0
0
0
0
0
0
0
0
0
0
0
0
0
0
0
0
0
0
0
0
0
0
0
0
0
0
0
0
0
0
0
0
0
0
0
0
0
0
0
0
0
0
0
0
0
0
0
0
0
0
0
0
0
0
0
0
0
0
0
0
0
0
0
0
0
0
0
0
0
0
0
0
0
0
0
0
0
0
0
0
0
0
0
0
0
0
0
0
0
0
0
0
0
0
0
0
0
0
0
0
0
0
0
0
0
0
0
0
0
0
0
0
0
0
0
0
0
0
0
0
0
0
0
0
0
0
0
0
0
0
0
0
0
0
0
0
0
0
0
0
0
0
0
0
0
0
0
0
0
0
0
0
0
0
0
0
0
0
0
0
0
0
0
0
0
0
0
0
0
0
0
0
0
0
0
0
0
0
0
0
0
0
0
0
0
0
0
0
0
0
0
0
0
0
0
0
0
0
0
0
0
0
0
0
0
0
0
0
0
0
0
0
0
0
0
0
0
0
0
0
0
0
0
0
0
0
0
0
0
0
0
0
0
0
0
0
0
0
0
0
0
0
0
0
0
0
0
0
0
0
0
0
0
0
0
0
0
0
0
0
0
0
0
0
0
0
0
0
0
0
0
0
0
0
0
0
0
0
0
0
0
0
0
0
0
0
0
0
0
0
0
0
0
0
0
0
0
0
0
0
0
0
0
0
0
0
0
0
0
0
0
0
0
0
0
0
0
0
0
0
0
0
0
0
0
0
0
0
0
0
0
0
0
0
0
0
0
0
0
0
0
0
0
0
0
0
0
0
0
0
0
0
0
0
0
0
0
0
0
0
0
0
0
0
0
0
0
0
0
0
0
0
0
0
0
0
0
0
0
0
0
0
0
0
0
0
0
0
0
0
0
0
0
0
0
0
0
0
0
0
0
0
0
0
0
0
0
0
0
0
0
0
0
0
0
0
0
0
0
0
0
0
0
0
0
0
0
0
0
0
0
0
0
0
0
0
0
0
0
0
0
0
0
0
0
0
0
0
0
0
0
0
0
0
0
0
0
0
0
0
0
0
0
0
0
0
0
0
0
0
0
0
0
0
0
0
0
0
0
0
0
0
0
0
0
0
0
0
0
0
0
0
0
0
0
0
0
0
0
0
0
0
0
0
0
0
0
0
0
0
0
0
0
0
0
0
0
0
0
0
0
0
0
0
0
0
0
0
0
0
0
0
0
0
0
0
0
0
0
0
0
0
0
0
0
0
0
0
0
0
0
0
0
0
0
0
0
0
0
0
0
0
0
0
0
0
0
0
0
0
0
0
0
0
0
0
0
0
0
0
0
0
0
0
0
0
0
0
0
0
0
0
0
0
0
0
0
0
0
0
0
0
0
0
0
0
0
0
0
0
0
0
0
0
0
0
0
0
0
0
0
0
0
0
0
0
0
0
0
0
0
0
0
0
0
0
0
0
0
0
0
0
0
0
0
0
0
0
0
0
0
0
0
0
0
0
0
0
0
0
0
0
0
0
0
0
0
0
0
0
0
0
0
0
0
0
0
0
0
0
0
0
0
0
0
0
0
0
0
0
0
0
0
0
0
0
0
0
0
0
0
0
0
0
0
0
0
0
0
0
0
0
0
0
0
0
0
0
0
0
0
0
0
0
0
0
0
0
0
0
0
0
0
0
0
0
0
0
0
0
0
0
0
0
0
0
0
0
0
0
0
0
0
0
0
0
0
0
0
0
0
0
0
0
0
0
0
0
0
0
0
0
0
0
0
0
0
0
0
0
0
0
0
0
0
0
0
0
0
0
0
0
0
0
0
0
0
0
0
0
0
0
0
0
0
0
0
0
0
0
0
0
0
0
0
0
0
0
0
0
0
0
0
0
0
0
0
0
0
0
0
0
0
0
0
0
0
0
0
0
0
0
0
0
0
0
0
0
0
0
0
0
0
0
0
0
0
0
0
0
0
0
0
0
0
0
0
0
0
0
0
0
0
0
0
0
0
0
0
0
0
0
0
0
0
0
0
0
0
0
0
0
0
0
0
0
0
0
0
0
0
0
0
0
0
0
0
0
0
0
0
0
0
0
0
0
0
0
0
0
0
0
0
0
0
0
0
0
0
0
0
0
0
0
0
0
0
0
0
0
0
0
0
0
0
0
0
0
0
0
0
0
0
0
0
0
0
0
0
0
0
0
0
0
0
0
0
0
0
0
0
0
0
0
0
0
0
0
0
0
0
0
0
0
0
0
0
0
0
0
0
0
0
0
0
0
0
0
0
0
0
0
0
0
0
0
0
0
0
0
0
0
0
0
0
0
0
0
0
0
0
0
0
0
0
0
0
0
0
0
0
0
0
0
0
0
0
0
0
0
0
0
0
0
0
0
0
0
0
0
0
0
0
0
0
0
0
0
0
0
0
0
0
0
0
0
0
0
0
0
0
0
0
0
0
0
0
0
0
0
0
0
0
0
0
0
0
0
0
0
0
0
0
0
0
0
0
0
0
0
0
0
0
0
0
0
0
0
0
0
0
0
0
0
0
0
0
0
0
0
0
0
0
0
0
0
0
0
0
0
0
0
0
0
0
0
0
0
0
0
0
0
0
0
0
0
0
0
0
0
0
0
0
0
0
0
0
0
0
0
0
0
0
0
0
0
0
0
0
0
0
0
0
0
0
0
0
0
0
0
0
0
0
0
0
0
0
0
0
0
0
0
0
0
0
0
0
0
0
0
0
0
0
0
0
0
0
0
0
0
0
0
0
0
0
0
0
0
0
0
0
0
0
0
0
0
0
0
0
0
0
0
0
0
0
0
0
0
0
0
0
0
0
0
0
0
0
0
0
0
0
0
0
0
0
0
0
0
0
0
0
0
0
0
0
0
0
0
0
0
0
0
0
0
0
0
0
0
0
0
0
0
0
0
0
0
0
0
0
0
0
0
0
0
0
0
0
0
0
0
0
0
0
0
0
0
0
0
0
0
0
0
0
0
0
0
0
0
0
0
0
0
0
0
0
0
0
0
0
0
0
0
0
0
0
0
0
0
0
0
0
0
0
0
0
0
0
0
0
0
0
0
0
0
0
0
0
0
0
0
0
0
0
0
0
0
0
0
0
0
0
0
0
0
0
0
0
0
0
0
0
0
0
0
0
0
0
0
0
0
0
0
0
0
0
0
0
0
0
0
0
0
0
0
0
0
0
0
0
0
0
0
0
0
0
0
0
0
0
0
0
0
0
0
0
0
0
0
0
0
0
0
0
0
0
0
0
0
0
0
0
0
0
0
0
0
0
0
0
0
0
0
0
0
0
0
0
0
0
0
0
0
0
0
0
0
0
0
0
0
0
0
0
0
0
0
0
0
0
0
0
0
0
0
0
0
0
0
0
0
0
0
0
0
0
0
0
0
0
0
0
0
0
0
0
0
0
0
0
0
0
0
0
0
0
0
0
0
0
0
0
0
0
0
0
0
0
0
0
0
0
0
0
0
0
0
0
0
0
0
0
0
0
0
0
0
0
0
0
0
0
0
0
0
0
0
0
0
0
0
0
0
0
0
0
0
0
0
0
0
0
0
0
0
0
0
0
0
0
0
0
0
0
0
0
0
0
0
0
0
0
0
0
0
0
0
0
0
0
0
0
0
0
0
0
0
0
0
0
0
0
0
0
0
0
0
0
0
0
0
0
0
0
0
0
0
0
0
0
0
0
0
0
0
0
0
0
0
0
0
0
0
0
0
0
0
0
0
0
0
0
0
0
0
0
0
0
0
0
0
0
0
0
0
0
0
0
0
0
0
0
0
0
0
0
0
0
0
0
0
0
0
0
0
0
0
0
0
0
0
0
0
0
0
0
0
0
0
0
0
0
0
0
0
0
0
0
0
0
0
0
0
0
0
0
0
0
0
0
0
0
0
0
0
0
0
0
0
0
0
0
0
0
0
0
0
0
0
0
0
0
0
0
0
0
0
0
0
0
0
0
0
0
0
0
0
0
0
0
0
0
0
0
0
0
0
0
0
0
0
0
0
0
0
0
0
0
0
0
0
0
0
0
0
0
0
0
0
0
0
0
0
0
0
0
0
0
0
0
0
0
0
0
0
0
0
0
0
0
0
0
0
0
0
0
0
0
0
0
0
0
