int
0
2091
3848
2127
0
3844
2063
3651
3840
3619
3657
2052
3626
3587
2048
2139
2135
2084
2131
2123
2080
3653
2119
2076
3622
2115
2072
2111
2107
2056
2103
2092
3593
2099
2071
3590
6163
0
3591
2052
2127
3651
2048
3657
3654
2084
3849
3619
2080
3845
3595
2076
3841
2060
3622
2092
2073
2088
3587
2057
3626
2139
2135
2131
2123
2119
2115
2111
2107
2103
2099
2071
6163
0
2091
2052
2127
3651
2048
3653
3626
2084
3849
3619
2080
3845
3591
2076
3841
2060
3658
2092
2073
3592
3587
2057
3622
2139
2135
2131
2123
2119
2115
2111
2107
2103
2099
2071
6163
0
2091
2052
2127
3651
2048
3657
3654
2084
3849
3627
2080
3845
3619
2076
3841
2060
3590
2092
2073
3620
3587
2057
3594
2139
2135
2131
2123
2119
2115
2111
2107
2103
2099
2071
6163
0
0
2083
0
0
2059
3616
3845
2091
0
2127
3654
2063
2072
3841
3623
0
2095
0
3591
2048
2085
3658
3651
3627
3595
2139
3584
2053
2066
3848
2135
2131
2123
2119
2077
2115
2111
2107
2103
2099
6167
0
0
0
0
0
0
0
0
3592
3841
2075
3654
0
3851
0
0
2091
2084
2065
2083
0
0
2059
3658
2127
0
3584
2061
2095
3651
3627
3591
2054
2139
2135
2048
3621
2131
2123
2119
2115
3846
2111
2107
2076
3617
2103
2099
6167
0
2091
2052
2127
3651
2048
3653
3594
2084
3849
3623
2080
3845
3619
2076
3841
2060
3658
3624
2073
2092
3587
2057
3590
2139
2135
2131
2123
2119
2115
2111
2107
2103
2099
2071
6163
0
0
0
0
0
0
0
0
2084
3841
2075
3654
0
3851
0
0
2091
3588
2065
2083
0
0
2059
3658
2127
0
3584
3625
2095
3651
3623
3595
2054
2139
2135
2048
2061
2131
2123
2119
2115
3846
2111
2107
2076
3617
2103
2099
6167
0
0
2083
0
0
2059
3616
3845
2091
0
2127
3658
3627
2072
3841
2063
0
3595
0
2095
2048
2085
3654
3651
3623
3591
2139
3584
2053
2066
3848
2135
2131
2123
2119
2077
2115
2111
2107
2103
2099
6167
0
2091
2052
2127
3659
2048
3593
3590
2084
3849
3651
2080
3845
3619
2076
3841
2060
3622
3652
2073
2092
3587
2057
3626
2139
2135
2131
2123
2119
2115
2111
2107
2103
2099
2071
6163
0
0
2079
0
0
2095
2048
2057
2055
0
2127
3622
3655
2072
3841
2063
0
2091
0
3591
2068
2085
3626
3659
3619
3595
2139
3584
2081
3850
3844
2135
2131
2123
2119
3649
2115
2111
2107
2103
2099
6163
0
0
0
0
0
0
0
0
3592
3841
2075
3626
0
3847
0
0
2055
2084
2049
2079
0
0
2095
3622
2127
0
3584
3653
2091
3659
3619
3591
3850
2139
2135
2080
3649
2131
2123
2119
2115
2070
2111
2107
2056
2061
2103
2099
6163
0
0
2075
0
2127
0
2056
2065
3655
0
2063
3590
3623
3616
2053
3659
3627
3587
2139
2135
2068
2081
3594
3840
2131
2123
2048
2119
3649
2092
3850
2115
2088
2111
2107
2084
2077
3846
2103
6195
0
0
2091
0
0
2095
0
2127
0
3655
2068
3649
3850
2063
0
3623
0
2131
0
3591
3659
3584
2081
3846
3627
3595
2139
2135
2123
2119
2115
2111
2064
2077
3842
2107
2103
2099
0
0
0
0
0
2048
3617
2054
0
0
0
0
0
0
0
0
2056
2073
6182
0
0
0
0
0
0
0
0
0
0
0
0
2084
2061
3650
3851
0
0
0
0
0
0
0
0
0
2080
3585
2066
3847
0
0
0
0
0
0
0
0
0
2076
2057
3622
3843
0
0
0
0
0
0
0
0
0
2072
2053
3618
2092
2071
0
2088
0
2124
0
2128
3656
3624
3588
2136
2132
2120
2116
2112
2108
2104
2100
2096
2049
3594
7751
0
0
0
0
0
0
0
0
2060
2069
2055
3590
0
3843
0
0
2091
3616
2065
2087
0
0
2075
3594
0
2051
2056
3653
2095
0
2127
3659
3850
3623
3587
2080
3649
2139
2135
2131
2123
3846
2119
2115
2076
3625
2111
2107
2103
6195
0
0
0
0
0
0
0
0
0
0
0
0
2084
3589
3650
3851
0
0
0
0
0
0
0
0
0
2080
3585
3626
3847
0
0
0
0
0
0
0
0
0
2076
2057
2066
3843
0
0
0
0
0
0
0
0
0
2072
2053
3618
2092
2071
0
2088
0
2124
0
2128
3656
3620
3592
2136
2132
2120
2116
2112
2108
2104
2100
2096
2049
2062
7751
0
0
0
0
0
0
0
0
0
0
0
0
2084
2061
3650
3851
0
0
0
0
0
0
0
0
0
2080
3585
3626
3847
0
0
0
0
0
0
0
0
0
2076
2057
2066
3843
0
0
0
0
0
0
0
0
0
2072
2053
3618
2092
2071
0
2088
0
2124
0
2128
3656
3620
3588
2136
2132
2120
2116
2112
2108
2104
2100
2096
2049
3594
7751
0
2091
2052
2127
3655
2048
3589
3626
2084
3849
3651
2080
3845
3619
2076
3841
3656
3594
2060
2073
2092
3587
2057
3622
2139
2135
2131
2123
2119
2115
2111
2107
2103
2099
2071
6163
0
0
0
0
0
0
0
0
2084
3841
2075
3626
0
3847
0
0
2055
3588
3657
2079
0
0
2095
3622
2127
0
3584
2049
2091
3655
3619
3595
3850
2139
2135
2080
3649
2131
2123
2119
2115
2070
2111
2107
2056
2061
2103
2099
6163
0
0
2079
0
0
2095
2048
2057
2055
0
3659
3626
2127
2072
3841
2063
0
3595
0
2091
2068
2085
3622
3655
3619
3591
2139
3584
2081
3850
3844
2135
2131
2123
2119
3649
2115
2111
2107
2103
2099
6163
0
0
0
0
0
0
0
0
3620
2069
2055
3590
0
3843
0
0
2091
3616
3657
2087
0
0
2075
3594
0
2051
2056
2065
2095
0
2127
3655
3850
3627
3587
2080
3649
2139
2135
2131
2123
3846
2119
2115
2076
2061
2111
2107
2103
6195
0
0
0
0
0
0
0
0
0
0
0
0
2084
3589
3650
3851
0
0
0
0
0
0
0
0
0
2080
3585
2066
3847
0
0
0
0
0
0
0
0
0
2076
2057
3622
3843
0
0
0
0
0
0
0
0
0
2072
2053
3618
2092
3659
0
2088
0
2124
0
2128
3652
3624
3592
2136
2132
2120
2116
2112
2108
2104
2100
2096
2049
2062
6167
0
0
0
0
0
0
0
0
0
0
0
0
2084
2061
3650
3851
0
0
0
0
0
0
0
0
0
2080
3585
2066
3847
0
0
0
0
0
0
0
0
0
2076
2057
3622
3843
0
0
0
0
0
0
0
0
0
2072
2053
3618
2092
3659
0
2088
0
2124
0
2128
3652
3624
3588
2136
2132
2120
2116
2112
2108
2104
2100
2096
2049
3594
6167
0
0
2075
0
3659
0
2056
2065
2127
0
3627
3594
2063
3616
2053
3655
3623
3587
2139
2135
2068
2081
3590
3840
2131
2123
2048
2119
3649
2092
3850
2115
2088
2111
2107
2084
2077
3846
2103
6195
0
0
0
0
0
0
0
0
0
0
0
0
2084
3589
3650
3851
0
0
0
0
0
0
0
0
0
2080
3585
3626
3847
0
0
0
0
0
0
0
0
0
2076
2057
2066
3843
0
0
0
0
0
0
0
0
0
2072
2053
3618
2092
3659
0
2088
0
2124
0
2128
3652
3620
3592
2136
2132
2120
2116
2112
2108
2104
2100
2096
2049
2062
6167
0
0
2091
0
0
2095
0
3659
0
2127
2068
3649
3850
3627
0
2063
0
3595
0
2131
3655
3584
2081
3846
3623
3591
2139
2135
2123
2119
2115
2111
2064
2077
3842
2107
2103
2099
0
0
0
0
0
2048
3617
2054
0
0
0
0
0
0
0
0
2056
2073
6182
0
0
2091
0
0
2095
0
2131
3659
3655
2068
3649
3850
3627
3623
3595
3591
2139
2135
2127
2123
3584
2081
3846
2119
2115
2111
2107
2103
2099
2063
0
2064
2077
3842
0
0
0
0
0
0
0
0
2048
3617
2054
0
0
0
0
0
0
0
0
2056
2073
6182
0
0
0
0
0
0
0
0
0
0
0
0
0
0
0
0
0
0
0
0
0
0
0
0
0
0
0
0
0
0
0
0
0
0
0
0
0
0
0
0
0
0
0
0
0
0
0
0
0
0
0
0
0
0
0
0
0
0
0
0
0
0
0
0
0
0
0
0
0
0
0
0
0
0
0
0
0
0
0
0
0
0
0
0
0
0
0
0
0
0
0
0
0
0
0
0
0
0
0
0
0
0
0
0
0
0
0
0
0
0
0
0
0
0
0
0
0
0
0
0
0
0
0
0
0
0
0
0
0
0
0
0
0
0
0
0
0
0
0
0
0
0
0
0
0
0
0
0
0
0
0
0
0
0
0
0
0
0
0
0
0
0
0
0
0
0
0
0
0
0
0
0
0
0
0
0
0
0
0
0
0
0
0
0
0
0
0
0
0
0
0
0
0
0
0
0
0
0
0
0
0
0
0
0
0
0
0
0
0
0
0
0
0
0
0
0
0
0
0
0
0
0
0
0
0
0
0
0
0
0
0
0
0
0
0
0
0
0
0
0
0
0
0
0
0
0
0
0
0
0
0
0
0
0
0
0
0
0
0
0
0
0
0
0
0
0
0
0
0
0
0
0
0
0
0
0
0
0
0
0
0
0
0
0
0
0
0
0
0
0
0
0
0
0
0
0
0
0
0
0
0
0
0
0
0
0
0
0
0
0
0
0
0
0
0
0
0
0
0
0
0
0
0
0
0
0
0
0
0
0
0
0
0
0
0
0
0
0
0
0
0
0
0
0
0
0
0
0
0
0
0
0
0
0
0
0
0
0
0
0
0
0
0
0
0
0
0
0
0
0
0
0
0
0
0
0
0
0
0
0
0
0
0
0
0
0
0
0
0
0
0
0
0
0
0
0
0
0
0
0
0
0
0
0
0
0
0
0
0
0
0
0
0
0
0
0
0
0
0
0
0
0
0
0
0
0
0
0
0
0
0
0
0
0
0
0
0
0
0
0
0
0
0
0
0
0
0
0
0
0
0
0
0
0
0
0
0
0
0
0
0
0
0
0
0
0
0
0
0
0
0
0
0
0
0
0
0
0
0
0
0
0
0
0
0
0
0
0
0
0
0
0
0
0
0
0
0
0
0
0
0
0
0
0
0
0
0
0
0
0
0
0
0
0
0
0
0
0
0
0
0
0
0
0
0
0
0
0
0
0
0
0
0
0
0
0
0
0
0
0
0
0
0
0
0
0
0
0
0
0
0
0
0
0
0
0
0
0
0
0
0
0
0
0
0
0
0
0
0
0
0
0
0
0
0
0
0
0
0
0
0
0
0
0
0
0
0
0
0
0
0
0
0
0
0
0
0
0
0
0
0
0
0
0
0
0
0
0
0
0
0
0
0
0
0
0
0
0
0
0
0
0
0
0
0
0
0
0
0
0
0
0
0
0
0
0
0
0
0
0
0
0
0
0
0
0
0
0
0
0
0
0
0
0
0
0
0
0
0
0
0
0
0
0
0
0
0
0
0
0
0
0
0
0
0
0
0
0
0
0
0
0
0
0
0
0
0
0
0
0
0
0
0
0
0
0
0
0
0
0
0
0
0
0
0
0
0
0
0
0
0
0
0
0
0
0
0
0
0
0
0
0
0
0
0
0
0
0
0
0
0
0
0
0
0
0
0
0
0
0
0
0
0
0
0
0
0
0
0
0
0
0
0
0
0
0
0
0
0
0
0
0
0
0
0
0
0
0
0
0
0
0
0
0
0
0
0
0
0
0
0
0
0
0
0
0
0
0
0
0
0
0
0
0
0
0
0
0
0
0
0
0
0
0
0
0
0
0
0
0
0
0
0
0
0
0
0
0
0
0
0
0
0
0
0
0
0
0
0
0
0
0
0
0
0
0
0
0
0
0
0
0
0
0
0
0
0
0
0
0
0
0
0
0
0
0
0
0
0
0
0
0
0
0
0
0
0
0
0
0
0
0
0
0
0
0
0
0
0
0
0
0
0
0
0
0
0
0
0
0
0
0
0
0
0
0
0
0
0
0
0
0
0
0
0
0
0
0
0
0
0
0
0
0
0
0
0
0
0
0
0
0
0
0
0
0
0
0
0
0
0
0
0
0
0
0
0
0
0
0
0
0
0
0
0
0
0
0
0
0
0
0
0
0
0
0
0
0
0
0
0
0
0
0
0
0
0
0
0
0
0
0
0
0
0
0
0
0
0
0
0
0
0
0
0
0
0
0
0
0
0
0
0
0
0
0
0
0
0
0
0
0
0
0
0
0
0
0
0
0
0
0
0
0
0
0
0
0
0
0
0
0
0
0
0
0
0
0
0
0
0
0
0
0
0
0
0
0
0
0
0
0
0
0
0
0
0
0
0
0
0
0
0
0
0
0
0
0
0
0
0
0
0
0
0
0
0
0
0
0
0
0
0
0
0
0
0
0
0
0
0
0
0
0
0
0
0
0
0
0
0
0
0
0
0
0
0
0
0
0
0
0
0
0
0
0
0
0
0
0
0
0
0
0
0
0
0
0
0
0
0
0
0
0
0
0
0
0
0
0
0
0
0
0
0
0
0
0
0
0
0
0
0
0
0
0
0
0
0
0
0
0
0
0
0
0
0
0
0
0
0
0
0
0
0
0
0
0
0
0
0
0
0
0
0
0
0
0
0
0
0
0
0
0
0
0
0
0
0
0
0
0
0
0
0
0
0
0
0
0
0
0
0
0
0
0
0
0
0
0
0
0
0
0
0
0
0
0
0
0
0
0
0
0
0
0
0
0
0
0
0
0
0
0
0
0
0
0
0
0
0
0
0
0
0
0
0
0
0
0
0
0
0
0
0
0
0
0
0
0
0
0
0
0
0
0
0
0
0
0
0
0
0
0
0
0
0
0
0
0
0
0
0
0
0
0
0
0
0
0
0
0
0
0
0
0
0
0
0
0
0
0
0
0
0
0
0
0
0
0
0
0
0
0
0
0
0
0
0
0
0
0
0
0
0
0
0
0
0
0
0
0
0
0
0
0
0
0
0
0
0
0
0
0
0
0
0
0
0
0
0
0
0
0
0
0
0
0
0
0
0
0
0
0
0
0
0
0
0
0
0
0
0
0
0
0
0
0
0
0
0
0
0
0
0
0
0
0
0
0
0
0
0
0
0
0
0
0
0
0
0
0
0
0
0
0
0
0
0
0
0
0
0
0
0
0
0
0
0
0
0
0
0
0
0
0
0
0
0
0
0
0
0
0
0
0
0
0
0
0
0
0
0
0
0
0
0
0
0
0
0
0
0
0
0
0
0
0
0
0
0
0
0
0
0
0
0
0
0
0
0
0
0
0
0
0
0
0
0
0
0
0
0
0
0
0
0
0
0
0
0
0
0
0
0
0
0
0
0
0
0
0
0
0
0
0
0
0
0
0
0
0
0
0
0
0
0
0
0
0
0
0
0
0
0
0
0
0
0
0
0
0
0
0
0
0
0
0
0
0
0
0
0
0
0
0
0
0
0
0
0
0
0
0
0
0
0
0
0
0
0
0
0
0
0
0
0
0
0
0
0
0
0
0
0
0
0
0
0
0
0
0
0
0
0
0
0
0
0
0
0
0
0
0
0
0
0
0
0
0
0
0
0
0
0
0
0
0
0
0
0
0
0
0
0
0
0
0
0
0
0
0
0
0
0
0
0
0
0
0
0
0
0
0
0
0
0
0
0
0
0
0
0
0
0
0
0
0
0
0
0
0
0
0
0
0
0
0
0
0
0
0
0
0
0
0
0
0
0
0
0
0
0
0
0
0
0
0
0
0
0
0
0
0
0
0
0
0
0
0
0
0
0
0
0
0
0
0
0
0
0
0
0
0
0
0
0
0
0
0
0
0
0
0
0
0
0
0
0
0
0
0
0
0
0
0
0
0
0
0
0
0
0
0
0
0
0
0
0
0
0
0
0
0
0
0
0
0
0
0
0
0
0
0
0
0
0
0
0
0
0
0
0
0
0
0
0
0
0
0
0
0
0
0
0
0
0
0
0
0
0
0
0
0
0
0
0
0
0
0
0
0
0
0
0
0
0
0
0
0
0
0
0
0
0
0
0
0
0
0
0
0
0
0
0
0
0
0
0
0
0
0
0
0
0
0
0
0
0
0
0
0
0
0
0
0
0
0
0
0
0
0
0
0
0
0
0
0
0
0
0
0
0
0
0
0
0
0
0
0
0
0
0
0
0
0
0
0
0
0
0
0
0
0
0
0
0
0
0
0
0
0
0
0
0
0
0
0
0
0
0
0
0
0
0
0
0
0
0
0
0
0
0
0
0
0
0
0
0
0
0
0
0
0
0
0
0
0
0
0
0
0
0
0
0
0
0
0
0
0
0
0
0
0
0
0
0
0
0
0
0
0
0
0
0
0
0
0
0
0
0
0
0
0
0
0
0
0
0
0
0
0
0
0
0
0
0
0
0
0
0
0
0
0
0
0
0
0
0
0
0
0
0
0
0
0
0
0
0
0
0
0
0
0
0
0
0
0
0
0
0
0
0
0
0
0
0
0
0
0
0
0
0
0
0
0
0
0
0
0
0
0
0
0
0
0
0
0
0
0
0
0
0
0
0
0
0
0
0
0
0
0
0
0
0
0
0
0
0
0
0
0
0
0
0
0
0
0
0
0
0
0
0
0
0
0
0
0
0
0
0
0
0
0
0
0
0
0
0
0
0
0
0
0
0
0
0
0
0
0
0
0
0
0
0
0
0
0
0
0
0
0
0
0
0
0
0
0
0
0
0
0
0
0
0
0
0
0
0
0
0
0
0
0
0
0
0
0
0
0
0
0
0
0
0
0
0
0
0
0
0
0
0
0
0
0
0
0
0
0
0
0
0
0
0
0
0
0
0
0
0
0
0
0
0
0
0
0
0
0
0
0
0
0
0
0
0
0
0
0
0
0
0
0
0
0
0
0
0
0
0
0
0
0
0
0
0
0
0
0
0
0
0
0
0
0
0
0
0
0
0
0
0
0
0
0
0
0
0
0
0
0
0
0
0
0
0
0
0
0
0
0
0
0
0
0
0
0
0
0
0
0
0
0
0
0
0
0
0
0
0
0
0
0
0
0
0
0
0
0
0
0
0
0
0
0
0
0
0
0
0
0
0
0
0
0
0
0
0
0
0
0
0
0
0
0
0
0
0
0
0
0
0
0
0
0
0
0
0
0
0
0
0
0
0
0
0
0
0
0
0
0
0
0
0
0
0
0
0
0
0
0
0
0
0
0
0
0
0
0
0
0
0
0
0
0
0
0
0
0
0
0
0
0
0
0
0
0
0
0
0
0
0
0
0
0
0
0
0
0
0
0
0
0
0
0
0
0
0
0
0
0
0
0
0
0
0
0
0
0
0
0
0
0
0
0
0
0
0
0
0
0
0
0
0
0
0
0
0
0
0
0
0
0
0
0
0
0
0
0
0
0
0
0
0
0
0
0
0
0
0
0
0
0
0
0
0
0
0
0
0
0
0
0
0
0
0
0
0
0
0
0
0
0
0
0
0
0
0
0
0
0
0
0
0
0
0
0
0
0
0
0
0
0
0
0
0
0
0
0
0
0
0
0
0
0
0
0
0
0
0
0
0
0
0
0
0
0
0
0
0
0
0
0
0
0
0
0
0
0
0
0
0
0
0
0
0
0
0
0
0
0
0
0
0
0
0
0
0
0
0
0
0
0
0
0
0
0
0
0
0
0
0
0
0
0
0
0
0
0
0
0
0
0
0
0
0
0
0
0
0
0
0
0
0
0
0
0
0
0
0
0
0
0
0
0
0
0
0
0
0
0
0
0
0
0
0
0
0
0
0
0
0
0
0
0
0
0
0
0
0
0
0
0
0
0
0
0
0
0
0
0
0
0
0
0
0
0
0
0
0
0
0
0
0
0
0
0
0
0
0
0
0
0
0
0
0
0
0
0
0
0
0
0
0
0
0
0
0
0
0
0
0
0
0
0
0
0
0
0
0
0
0
0
0
0
0
0
0
0
0
0
0
0
0
0
