int
0
0
2059
3844
2055
0
3653
3840
3622
2051
0
2088
2063
3593
2087
2076
3590
2075
3651
2080
3625
3619
2092
3658
3587
2115
2111
2107
2103
2099
2071
6163
3595
3587
2092
3657
2115
2056
3622
2072
2077
2052
2111
2048
3625
3588
3654
2060
2081
2084
3648
3616
2089
3846
2107
2103
2099
3842
2071
6163
3591
3587
2092
3653
2115
2056
3658
2072
2077
2052
2111
3592
3621
2048
3626
2060
2081
2084
3648
3616
2089
3846
2107
2103
2099
3842
2071
6163
3619
3587
2092
3657
2115
2056
3590
2072
3593
2052
2111
3620
2081
2048
3654
2060
2089
2084
3648
3624
2077
3846
2107
2103
2099
3842
2071
6163
0
3623
3651
3627
2064
2053
3595
3654
2115
3584
2089
2111
2056
3846
2107
2072
2049
2103
2092
3842
2099
2084
3617
2060
2079
3588
3658
2081
6167
0
0
0
0
2083
0
3592
2061
3846
2091
0
0
2095
2052
2049
2087
3842
0
2059
0
3584
3621
2075
3651
3658
3627
3591
2064
3617
2115
2111
2107
3654
2103
2099
2079
6167
3619
3587
2092
3653
2115
2056
3658
2072
3589
3624
2111
2052
2081
2048
3594
2060
2089
2084
3648
3620
2077
3846
2107
2103
2099
3842
2071
6163
0
0
0
0
2083
0
2052
2061
3846
2091
0
0
2095
3588
3625
2087
3842
0
2059
0
3584
2049
2075
3651
3658
3623
3595
2064
3617
2115
2111
2107
3654
2103
2099
2079
6167
0
2063
3651
3623
2064
2053
3591
3658
2115
3584
2089
2111
2056
3846
2107
2072
2049
2103
2092
3842
2099
2084
3617
3592
2079
3624
3654
2081
6167
3619
3587
2092
3593
2115
2056
3622
2072
2081
3652
2111
2052
2089
2048
3590
2060
3625
2084
3656
3648
2077
3846
2107
2103
2099
3842
2071
6163
0
0
2075
0
2080
2089
3622
2055
0
2056
3649
3655
3846
2063
3584
3625
2087
3842
2092
3591
2069
3659
2076
2050
3619
3595
2115
2111
2107
2103
2099
6163
0
0
0
0
2083
0
2060
2069
3846
2095
0
0
2075
3652
3585
2087
3626
2055
3659
3619
3648
2049
3591
2115
3622
2111
2089
2056
2107
2103
2099
2077
3842
2067
7688
0
0
2087
0
3592
2081
3590
2063
0
2068
3649
3655
3842
2051
2088
2053
3623
3846
2092
2075
2057
3659
2076
2066
3627
3617
3587
2115
2111
2107
2103
6195
0
0
0
2095
0
2080
3649
3846
2087
0
3591
3584
3655
2057
3842
2063
3616
3623
0
2089
2103
2064
2054
3659
3627
2072
2049
3595
2115
2070
2111
2107
2099
6175
0
0
0
0
0
2091
0
0
2048
3845
3586
2095
0
0
0
2075
0
3620
3841
2066
2087
0
2103
0
2115
3659
3616
2053
2062
3627
3591
2111
2107
2099
2079
3592
3653
2058
0
0
0
0
0
2082
2068
7745
0
0
0
0
2079
0
2064
3589
3618
2083
0
0
0
3652
2095
3841
2058
2087
0
2075
3648
2051
3659
3593
2054
3623
3587
3624
2115
2111
3845
2070
2107
2103
2060
2099
6186
0
0
0
0
0
2091
0
0
3624
3845
3586
2095
0
0
0
2075
0
2048
3841
2066
2087
0
2103
3659
3623
3595
3616
2053
2062
2115
2111
2107
2099
2079
0
2068
3653
2058
0
0
0
0
0
2082
3588
7745
0
0
0
0
0
2091
0
0
3624
3845
3586
2095
0
0
0
2075
0
2048
3841
2066
2087
0
2103
3659
3623
3591
3616
2053
2062
2115
2111
2107
2099
2079
0
3592
3653
2058
0
0
0
0
0
2082
2068
7745
3619
3587
2092
3589
2115
2056
3594
3656
2081
2072
2111
2052
2089
2048
3626
2060
3621
2084
3652
3648
2077
3846
2107
2103
2099
3842
2071
6163
0
0
0
0
2083
0
3656
3589
3846
2095
0
0
2075
2060
3585
2087
3626
2055
3655
3619
3648
2049
3595
2115
3622
2111
2089
2056
2107
2103
2099
2077
3842
2067
6164
0
0
2075
0
2080
2089
3626
3659
0
2056
3649
2055
3846
2063
3584
3621
3595
3842
2092
2087
2069
3655
2076
2050
3619
3591
2115
2111
2107
2103
2099
6163
0
0
0
0
2079
0
3656
3589
3618
2083
0
0
0
2064
2095
3841
2058
2087
0
2075
3648
2051
3655
3593
2054
3627
3587
2060
2115
2111
3845
2070
2107
2103
3620
2099
6186
0
0
0
0
0
2091
0
0
2048
3845
3586
2095
0
0
0
2075
0
3620
3841
2066
2087
0
2103
3655
3627
3595
3616
3657
2062
2115
2111
2107
2099
2079
0
2068
2053
2058
0
0
0
0
0
2082
3588
7745
0
0
0
0
0
2091
0
0
2048
3845
3586
2095
0
0
0
2075
0
3620
3841
2066
2087
0
2103
3655
3627
3591
3616
3657
2062
2115
2111
2107
2099
2079
0
3592
2053
2058
0
0
0
0
0
2082
2068
7745
0
0
2087
0
3588
2081
3594
3659
0
2068
3649
2063
3842
3627
2088
2053
2051
3846
2092
2075
2057
3655
2076
2066
3623
3617
3587
2115
2111
2107
2103
6195
0
0
0
0
0
2091
0
0
3624
3845
3586
2095
0
0
0
2075
0
2048
3841
2066
2087
0
2103
0
2115
3655
3616
3657
2062
3623
3595
2111
2107
2099
2079
2068
2053
2058
0
0
0
0
0
2082
3588
7745
0
0
0
2095
0
2080
3649
3846
2087
0
3659
3584
2103
2057
3842
3627
3616
2063
0
2089
3595
2064
2054
3655
3623
2072
2049
3591
2115
2070
2111
2107
2099
6175
0
0
0
2075
0
0
2056
3649
3846
2095
0
0
2088
2087
2065
3842
2103
3659
2052
3655
3627
2049
2070
3623
2080
3595
3591
2115
3617
3586
2111
2107
2099
2079
6159
0
0
0
2074
0
0
2048
3649
2094
3847
0
2086
0
2056
2069
3590
3843
3654
0
2088
2062
2065
3622
3587
2102
2080
3658
3626
3617
3594
2114
2110
2106
2098
2078
6151
0
0
0
0
0
2091
0
0
2048
3845
3586
2095
0
0
0
2075
0
3620
3841
2066
2087
0
2103
0
2115
3659
3616
2053
2062
3627
3591
2111
2107
2099
2079
3592
3653
2058
0
0
0
0
0
2082
2068
7745
0
0
0
0
0
2091
0
0
3624
3845
3586
2095
0
0
0
2075
0
2048
3841
2066
2087
0
2103
3659
3623
3595
3616
2053
2062
2115
2111
2107
2099
2079
0
2068
3653
2058
0
0
0
0
0
2082
3588
7745
0
0
0
0
0
2091
0
0
3624
3845
3586
2095
0
0
0
2075
0
2048
3841
2066
2087
0
2103
3659
3623
3591
3616
2053
2062
2115
2111
2107
2099
2079
0
3592
3653
2058
0
0
0
0
0
2082
2068
7745
0
0
0
0
0
2091
0
0
2048
3845
3586
2095
0
0
0
2075
0
3620
3841
2066
2087
0
2103
3655
3627
3595
3616
3657
2062
2115
2111
2107
2099
2079
0
2068
2053
2058
0
0
0
0
0
2082
3588
7745
0
0
0
0
0
2091
0
0
2048
3845
3586
2095
0
0
0
2075
0
3620
3841
2066
2087
0
2103
3655
3627
3591
3616
3657
2062
2115
2111
2107
2099
2079
0
3592
2053
2058
0
0
0
0
0
2082
2068
7745
0
0
0
0
0
2091
0
0
3624
3845
3586
2095
0
0
0
2075
0
2048
3841
2066
2087
0
2103
0
2115
3655
3616
3657
2062
3623
3595
2111
2107
2099
2079
2068
2053
2058
0
0
0
0
0
2082
3588
7745
0
0
0
2074
0
0
2048
3649
2094
3847
0
2086
0
2056
2069
3658
3843
2102
0
2088
3626
2065
2062
3587
3594
2080
3654
3622
3617
3590
2114
2110
2106
2098
2078
6151
0
0
0
2075
0
0
2048
3649
3846
2095
0
0
2087
2056
2069
3842
2103
3659
3655
2088
3627
2065
3586
3623
3595
2080
3591
2115
3617
2054
2111
2107
2099
2079
6159
0
0
0
0
0
0
0
0
0
0
0
0
0
0
0
0
0
0
0
0
0
0
0
0
0
0
0
0
0
0
0
0
0
0
0
0
0
0
0
0
0
0
0
0
0
0
0
0
0
0
0
0
0
0
0
0
0
0
0
0
0
0
0
0
0
0
0
0
0
0
0
0
0
0
0
0
0
0
0
0
0
0
0
0
0
0
0
0
0
0
0
0
0
0
0
0
0
0
0
0
0
0
0
0
0
0
0
0
0
0
0
0
0
0
0
0
0
0
0
0
0
0
0
0
0
0
0
0
0
0
0
0
0
0
0
0
0
0
0
0
0
0
0
0
0
0
0
0
0
0
0
0
0
0
0
0
0
0
0
0
0
0
0
0
0
0
0
0
0
0
0
0
0
0
0
0
0
0
0
0
0
0
0
0
0
0
0
0
0
0
0
0
0
0
0
0
0
0
0
0
0
0
0
0
0
0
0
0
0
0
0
0
0
0
0
0
0
0
0
0
0
0
0
0
0
0
0
0
0
0
0
0
0
0
0
0
0
0
0
0
0
0
0
0
0
0
0
0
0
0
0
0
0
0
0
0
0
0
0
0
0
0
0
0
0
0
0
0
0
0
0
0
0
0
0
0
0
0
0
0
0
0
0
0
0
0
0
0
0
0
0
0
0
0
0
0
0
0
0
0
0
0
0
0
0
0
0
0
0
0
0
0
0
0
0
0
0
0
0
0
0
0
0
0
0
0
0
0
0
0
0
0
0
0
0
0
0
0
0
0
0
0
0
0
0
0
0
0
0
0
0
0
0
0
0
0
0
0
0
0
0
0
0
0
0
0
0
0
0
0
0
0
0
0
0
0
0
0
0
0
0
0
0
0
0
0
0
0
0
0
0
0
0
0
0
0
0
0
0
0
0
0
0
0
0
0
0
0
0
0
0
0
0
0
0
0
0
0
0
0
0
0
0
0
0
0
0
0
0
0
0
0
0
0
0
0
0
0
0
0
0
0
0
0
0
0
0
0
0
0
0
0
0
0
0
0
0
0
0
0
0
0
0
0
0
0
0
0
0
0
0
0
0
0
0
0
0
0
0
0
0
0
0
0
0
0
0
0
0
0
0
0
0
0
0
0
0
0
0
0
0
0
0
0
0
0
0
0
0
0
0
0
0
0
0
0
0
0
0
0
0
0
0
0
0
0
0
0
0
0
0
0
0
0
0
0
0
0
0
0
0
0
0
0
0
0
0
0
0
0
0
0
0
0
0
0
0
0
0
0
0
0
0
0
0
0
0
0
0
0
0
0
0
0
0
0
0
0
0
0
0
0
0
0
0
0
0
0
0
0
0
0
0
0
0
0
0
0
0
0
0
0
0
0
0
0
0
0
0
0
0
0
0
0
0
0
0
0
0
0
0
0
0
0
0
0
0
0
0
0
0
0
0
0
0
0
0
0
0
0
0
0
0
0
0
0
0
0
0
0
0
0
0
0
0
0
0
0
0
0
0
0
0
0
0
0
0
0
0
0
0
0
0
0
0
0
0
0
0
0
0
0
0
0
0
0
0
0
0
0
0
0
0
0
0
0
0
0
0
0
0
0
0
0
0
0
0
0
0
0
0
0
0
0
0
0
0
0
0
0
0
0
0
0
0
0
0
0
0
0
0
0
0
0
0
0
0
0
0
0
0
0
0
0
0
0
0
0
0
0
0
0
0
0
0
0
0
0
0
0
0
0
0
0
0
0
0
0
0
0
0
0
0
0
0
0
0
0
0
0
0
0
0
0
0
0
0
0
0
0
0
0
0
0
0
0
0
0
0
0
0
0
0
0
0
0
0
0
0
0
0
0
0
0
0
0
0
0
0
0
0
0
0
0
0
0
0
0
0
0
0
0
0
0
0
0
0
0
0
0
0
0
0
0
0
0
0
0
0
0
0
0
0
0
0
0
0
0
0
0
0
0
0
0
0
0
0
0
0
0
0
0
0
0
0
0
0
0
0
0
0
0
0
0
0
0
0
0
0
0
0
0
0
0
0
0
0
0
0
0
0
0
0
0
0
0
0
0
0
0
0
0
0
0
0
0
0
0
0
0
0
0
0
0
0
0
0
0
0
0
0
0
0
0
0
0
0
0
0
0
0
0
0
0
0
0
0
0
0
0
0
0
0
0
0
0
0
0
0
0
0
0
0
0
0
0
0
0
0
0
0
0
0
0
0
0
0
0
0
0
0
0
0
0
0
0
0
0
0
0
0
0
0
0
0
0
0
0
0
0
0
0
0
0
0
0
0
0
0
0
0
0
0
0
0
0
0
0
0
0
0
0
0
0
0
0
0
0
0
0
0
0
0
0
0
0
0
0
0
0
0
0
0
0
0
0
0
0
0
0
0
0
0
0
0
0
0
0
0
0
0
0
0
0
0
0
0
0
0
0
0
0
0
0
0
0
0
0
0
0
0
0
0
0
0
0
0
0
0
0
0
0
0
0
0
0
0
0
0
0
0
0
0
0
0
0
0
0
0
0
0
0
0
0
0
0
0
0
0
0
0
0
0
0
0
0
0
0
0
0
0
0
0
0
0
0
0
0
0
0
0
0
0
0
0
0
0
0
0
0
0
0
0
0
0
0
0
0
0
0
0
0
0
0
0
0
0
0
0
0
0
0
0
0
0
0
0
0
0
0
0
0
0
0
0
0
0
0
0
0
0
0
0
0
0
0
0
0
0
0
0
0
0
0
0
0
0
0
0
0
0
0
0
0
0
0
0
0
0
0
0
0
0
0
0
0
0
0
0
0
0
0
0
0
0
0
0
0
0
0
0
0
0
0
0
0
0
0
0
0
0
0
0
0
0
0
0
0
0
0
0
0
0
0
0
0
0
0
0
0
0
0
0
0
0
0
0
0
0
0
0
0
0
0
0
0
0
0
0
0
0
0
0
0
0
0
0
0
0
0
0
0
0
0
0
0
0
0
0
0
0
0
0
0
0
0
0
0
0
0
0
0
0
0
0
0
0
0
0
0
0
0
0
0
0
0
0
0
0
0
0
0
0
0
0
0
0
0
0
0
0
0
0
0
0
0
0
0
0
0
0
0
0
0
0
0
0
0
0
0
0
0
0
0
0
0
0
0
0
0
0
0
0
0
0
0
0
0
0
0
0
0
0
0
0
0
0
0
0
0
0
0
0
0
0
0
0
0
0
0
0
0
0
0
0
0
0
0
0
0
0
0
0
0
0
0
0
0
0
0
0
0
0
0
0
0
0
0
0
0
0
0
0
0
0
0
0
0
0
0
0
0
0
0
0
0
0
0
0
0
0
0
0
0
0
0
0
0
0
0
0
0
0
0
0
0
0
0
0
0
0
0
0
0
0
0
0
0
0
0
0
0
0
0
0
0
0
0
0
0
0
0
0
0
0
0
0
0
0
0
0
0
0
0
0
0
0
0
0
0
0
0
0
0
0
0
0
0
0
0
0
0
0
0
0
0
0
0
0
0
0
0
0
0
0
0
0
0
0
0
0
0
0
0
0
0
0
0
0
0
0
0
0
0
0
0
0
0
0
0
0
0
0
0
0
0
0
0
0
0
0
0
0
0
0
0
0
0
0
0
0
0
0
0
0
0
0
0
0
0
0
0
0
0
0
0
0
0
0
0
0
0
0
0
0
0
0
0
0
0
0
0
0
0
0
0
0
0
0
0
0
0
0
0
0
0
0
0
0
0
0
0
0
0
0
0
0
0
0
0
0
0
0
0
0
0
0
0
0
0
0
0
0
0
0
0
0
0
0
0
0
0
0
0
0
0
0
0
0
0
0
0
0
0
0
0
0
0
0
0
0
0
0
0
0
0
0
0
0
0
0
0
0
0
0
0
0
0
0
0
0
0
0
0
0
0
0
0
0
0
0
0
0
0
0
0
0
0
0
0
0
0
0
0
0
0
0
0
0
0
0
0
0
0
0
0
0
0
0
0
0
0
0
0
0
0
0
0
0
0
0
0
0
0
0
0
0
0
0
0
0
0
0
0
0
0
0
0
0
0
0
0
0
0
0
0
0
0
0
0
0
0
0
0
0
0
0
0
0
0
0
0
0
0
0
0
0
0
0
0
0
0
0
0
0
0
0
0
0
0
0
0
0
0
0
0
0
0
0
0
0
0
0
0
0
0
0
0
0
0
0
0
0
0
0
0
0
0
0
0
0
0
0
0
0
0
0
0
0
0
0
0
0
0
0
0
0
0
0
0
0
0
0
0
0
0
0
0
0
0
0
0
0
0
0
0
0
0
0
0
0
0
0
0
0
0
0
0
0
0
0
0
0
0
0
0
0
0
0
0
0
0
0
0
0
0
0
0
0
0
0
0
0
0
0
0
0
0
0
0
0
0
0
0
0
0
0
0
0
0
0
0
0
0
0
0
0
0
0
0
0
0
0
0
0
0
0
0
0
0
0
0
0
0
0
0
0
0
0
0
0
0
0
0
0
0
0
0
0
0
0
0
0
0
0
0
0
0
0
0
0
0
0
0
0
0
0
0
0
0
0
0
0
0
0
0
0
0
0
0
0
0
0
0
0
0
0
0
0
0
0
0
0
0
0
0
0
0
0
0
0
0
0
0
0
0
0
0
0
0
0
0
0
0
0
0
0
0
0
0
0
0
0
0
0
0
0
0
0
0
0
0
0
0
0
0
0
0
0
0
0
0
0
0
0
0
0
0
0
0
0
0
0
0
0
0
0
0
0
0
0
0
0
0
0
0
0
0
0
0
0
0
0
0
0
0
0
0
0
0
0
0
0
0
0
0
0
0
0
0
0
0
0
0
0
0
0
0
0
0
0
0
0
0
0
0
0
0
0
0
0
0
0
0
0
0
0
0
0
0
0
0
0
0
0
0
0
0
0
0
0
0
0
0
0
0
0
0
0
0
0
0
0
0
0
0
0
0
0
0
0
0
0
0
0
0
0
0
0
0
0
0
0
0
0
0
0
0
0
0
0
0
0
0
0
0
0
0
0
0
0
0
0
0
0
0
0
0
0
0
0
0
0
0
0
0
0
0
0
0
0
0
0
0
0
0
0
0
0
0
0
0
0
0
0
0
0
0
0
0
0
0
0
0
0
0
0
0
0
0
0
0
0
0
0
0
0
0
0
0
0
0
0
0
0
0
0
0
0
0
0
0
0
0
0
0
0
0
0
0
0
0
0
0
0
0
0
0
0
0
0
0
0
0
0
0
0
0
0
0
0
0
0
0
0
0
0
0
0
0
0
0
0
0
0
0
0
0
0
0
0
0
0
0
0
0
0
0
0
0
0
0
0
0
0
0
0
0
0
0
0
0
0
0
0
0
0
0
0
0
0
0
0
0
0
0
0
0
0
0
0
0
0
0
0
0
0
0
0
0
0
0
0
0
0
0
0
0
0
0
0
0
0
0
0
0
0
0
0
0
0
0
0
0
0
0
0
0
0
0
0
0
0
0
0
0
0
0
0
0
0
0
0
0
0
0
0
0
0
0
0
0
0
0
0
0
0
0
0
0
0
0
0
0
0
0
0
0
0
0
0
0
0
0
0
0
0
0
0
0
0
0
0
0
0
0
0
0
0
0
0
0
0
0
0
0
0
0
0
0
0
0
0
0
0
0
0
0
0
0
0
0
0
0
0
0
0
0
0
0
0
0
0
0
0
0
0
0
0
0
0
0
0
0
0
0
0
0
0
0
0
0
0
0
0
0
0
0
0
0
0
0
0
0
0
0
0
0
0
0
0
0
0
0
0
0
0
0
0
0
0
0
0
0
0
0
0
0
0
0
0
0
0
0
0
0
0
0
0
0
0
0
0
0
0
0
0
0
0
0
0
0
0
0
0
0
0
0
0
0
0
0
0
0
0
0
0
0
0
0
0
0
0
0
0
0
0
0
0
0
0
0
0
0
0
0
0
0
0
0
0
0
0
0
0
0
0
0
0
0
0
0
0
0
0
0
0
0
0
0
0
0
0
0
0
0
0
0
0
0
0
0
0
0
0
0
0
0
0
0
0
0
0
0
0
0
0
0
0
0
0
0
0
0
0
0
0
0
0
0
0
0
0
0
0
0
0
0
0
0
0
0
0
0
0
0
0
0
0
0
0
0
0
0
0
0
0
0
0
0
0
0
0
0
0
0
0
0
0
0
0
0
0
0
0
0
0
0
0
0
