int
0
0
0
0
2052
2127
0
2085
2134
2168
2123
0
0
0
3848
2081
2130
2119
0
3844
0
2187
0
2077
3840
2174
2183
0
0
2048
2179
2073
0
2094
2160
2107
0
0
2151
2156
2101
2090
2147
0
2152
2143
3946
0
2097
2068
2115
3942
0
2111
2064
2167
2137
3938
3931
2060
3927
3923
2058
2223
2219
2215
2211
2207
2203
2199
2195
6287
0
0
0
0
2052
2127
0
2085
2134
2168
2123
0
0
0
3848
2081
2130
2119
0
3844
0
2187
0
2077
3840
2174
2183
0
0
2048
2179
2073
0
2094
2160
2107
0
0
2151
2156
2101
2090
2147
0
2152
2143
3946
0
2097
2068
2115
3942
0
2111
2064
2167
2137
3938
3931
2060
3927
3923
2058
2223
2219
2215
2211
2207
2203
2199
2195
6287
0
0
0
0
2067
0
0
2078
2056
2185
2171
0
0
0
0
2074
2063
3848
0
2181
0
2163
0
2102
0
0
3844
2159
0
2177
0
2098
2155
0
0
3840
2107
0
2197
2138
2151
0
0
2172
2147
0
0
2193
2134
2143
0
2092
2127
0
0
2123
2189
2130
2119
2088
0
2115
3946
0
2111
2053
2167
2084
3942
3931
3927
3923
2223
3938
2049
2080
2219
2215
2070
2211
2207
6299
0
0
0
0
2067
0
0
2078
2056
2185
2171
0
0
0
0
2074
2063
3848
0
2181
0
2163
0
2102
0
0
3844
2159
0
2177
0
2098
2155
0
0
3840
2107
0
2197
2138
2151
0
0
2172
2147
0
0
2193
2134
2143
0
2092
2127
0
0
2123
2189
2130
2119
2088
0
2115
3946
0
2111
2053
2167
2084
3942
3931
3927
3923
2223
3938
2049
2080
2219
2215
2070
2211
2207
6299
0
0
0
0
0
0
0
0
0
0
0
0
2072
2137
2162
3947
0
0
0
2118
0
0
0
0
2058
2068
2133
0
3943
2054
0
0
0
0
3850
0
0
0
2064
2129
3846
3939
0
0
0
3842
0
0
0
0
2050
2060
2081
0
2159
2126
0
0
0
0
2122
0
0
0
2100
2209
2186
2155
0
0
2182
0
0
0
2178
0
0
2172
2205
2142
2095
0
2114
0
0
2110
0
0
2106
0
2168
2201
2150
2091
0
2146
0
2166
3930
3926
3922
2222
2218
2096
2077
2214
2198
2194
2190
6183
0
0
0
0
0
0
0
0
0
0
0
2060
2081
2090
3947
0
2116
0
0
0
0
2056
0
0
0
2077
2052
2138
3943
0
0
3848
0
0
0
0
3844
0
2073
0
2134
3840
3939
0
0
0
2048
0
0
0
0
2124
2069
2130
0
2163
2120
0
0
0
2184
0
0
0
2180
2065
2210
0
2176
2159
0
2140
0
0
2112
0
0
2108
2173
2206
2104
0
2155
2148
0
0
2144
0
2164
3928
3924
3920
2220
2216
2212
2196
2192
2188
2169
2202
2099
0
0
0
0
0
0
0
0
0
0
2101
2086
6191
0
0
0
0
0
0
0
0
2198
0
0
0
2064
2133
3947
0
0
2194
0
0
0
0
0
0
0
2060
2129
2190
3943
0
0
0
0
0
0
0
3850
0
2100
2081
0
3939
0
0
0
3846
0
0
0
0
0
2172
2209
0
3842
2159
0
0
0
0
0
0
0
2050
2168
2205
0
0
2155
0
0
0
2058
0
0
0
0
2096
2201
0
0
2054
2095
0
2142
0
0
2126
0
0
2160
2077
2122
0
0
2118
2091
0
2114
0
2184
2110
0
0
2073
2106
0
0
2150
2087
2180
2146
0
2166
3930
3926
3922
2069
2222
2218
2176
2214
6235
0
0
0
0
0
0
0
0
2198
0
0
0
2064
2133
3947
0
0
2194
0
0
0
0
0
0
0
2060
2129
2190
3943
0
0
0
0
0
0
0
3850
0
2100
2081
0
3939
0
0
0
3846
0
0
0
0
0
2172
2209
0
3842
2159
0
0
0
0
0
0
0
2050
2168
2205
0
0
2155
0
0
0
2058
0
0
0
0
2096
2201
0
0
2054
2095
0
2142
0
0
2126
0
0
2160
2077
2122
0
0
2118
2091
0
2114
0
2184
2110
0
0
2073
2106
0
0
2150
2087
2180
2146
0
2166
3930
3926
3922
2069
2222
2218
2176
2214
6235
0
0
0
0
2055
0
0
2076
2069
2186
3851
0
0
0
0
2072
3847
2065
0
2182
0
3843
0
2100
0
0
2061
2051
0
2178
0
2096
2127
0
0
2169
0
2123
3946
2136
2107
0
0
2163
2221
0
2159
2132
3942
2155
0
0
2173
2151
0
2128
2147
3938
0
2143
2089
0
2115
2092
0
2111
2218
2167
2116
2085
3931
3927
3923
2056
2211
2214
2207
2081
2203
2199
2195
6287
0
0
0
0
2055
0
0
2076
2069
2186
3851
0
0
0
0
2072
3847
2065
0
2182
0
3843
0
2100
0
0
2061
2051
0
2178
0
2096
2127
0
0
2169
0
2123
3946
2136
2107
0
0
2163
2221
0
2159
2132
3942
2155
0
0
2173
2151
0
2128
2147
3938
0
2143
2089
0
2115
2092
0
2111
2218
2167
2116
2085
3931
3927
3923
2056
2211
2214
2207
2081
2203
2199
2195
6287
0
0
0
0
0
0
0
2091
2196
2065
0
0
0
0
0
2186
2087
2192
3849
0
0
0
0
0
2083
0
2188
3845
0
0
0
2182
2079
0
0
2048
3841
0
0
0
2075
0
0
2100
2143
2221
0
2178
2127
0
0
2096
2123
0
2217
2119
3946
0
2115
2136
0
2111
0
2213
2107
3942
0
2132
2163
0
0
2159
2061
0
3938
2128
2155
0
0
2151
0
2057
2147
2092
2170
2167
3931
3927
3923
2211
2053
2172
2207
2070
6299
0
0
0
0
0
0
0
2091
2196
2065
0
0
0
0
0
2186
2087
2192
3849
0
0
0
0
0
2083
0
2188
3845
0
0
0
2182
2079
0
0
2048
3841
0
0
0
2075
0
0
2100
2143
2221
0
2178
2127
0
0
2096
2123
0
2217
2119
3946
0
2115
2136
0
2111
0
2213
2107
3942
0
2132
2163
0
0
2159
2061
0
3938
2128
2155
0
0
2151
0
2057
2147
2092
2170
2167
3931
3927
3923
2211
2053
2172
2207
2070
6299
0
0
0
0
0
0
0
0
0
0
0
0
0
0
0
0
2060
2205
2138
2187
0
0
0
0
0
0
0
0
0
0
0
0
0
2100
2201
2134
0
2183
0
0
0
0
0
0
0
0
0
0
0
0
2096
2077
2130
0
0
2179
0
0
0
0
0
0
0
0
0
0
0
2092
2073
2082
0
0
2048
3947
0
0
0
2124
0
0
0
0
2120
0
0
2069
2222
3848
0
0
3943
0
3844
0
0
0
0
3840
0
0
0
0
2116
2173
2218
0
0
2056
3939
0
0
0
2052
0
0
2152
0
0
2148
0
2169
2144
2214
0
2140
2091
0
2112
0
0
2108
0
0
2104
0
0
2160
2065
0
2156
2210
2164
3928
3924
3920
2196
2192
2188
6183
0
0
0
0
0
0
0
0
0
0
0
0
0
0
0
0
2060
2205
2138
2187
0
0
0
0
0
0
0
0
0
0
0
0
0
2100
2201
2134
0
2183
0
0
0
0
0
0
0
0
0
0
0
0
2096
2077
2130
0
0
2179
0
0
0
0
0
0
0
0
0
0
0
2092
2073
2082
0
0
2048
3947
0
0
0
2124
0
0
0
0
2120
0
0
2069
2222
3848
0
0
3943
0
3844
0
0
0
0
3840
0
0
0
0
2116
2173
2218
0
0
2056
3939
0
0
0
2052
0
0
2152
0
0
2148
0
2169
2144
2214
0
2140
2091
0
2112
0
0
2108
0
0
2104
0
0
2160
2065
0
2156
2210
2164
3928
3924
3920
2196
2192
2188
6183
0
0
0
0
0
0
0
0
0
0
0
0
0
0
0
0
2200
2097
2138
0
0
0
0
2187
0
0
0
0
0
0
0
0
0
2076
2093
2134
0
0
0
0
0
0
0
2049
0
0
0
2183
0
0
2072
0
2057
2130
0
0
0
0
0
0
0
2053
0
0
0
0
0
2068
0
0
3849
2082
2179
0
0
0
0
0
0
3845
0
0
0
0
2172
0
0
0
3841
2222
3947
0
0
0
0
0
0
2197
0
0
0
2168
0
0
0
0
2193
2218
3943
0
0
0
0
0
0
2189
0
0
2064
2117
0
0
2113
0
2214
2109
3939
0
2105
0
0
2161
0
0
2157
2060
0
2153
0
0
2149
2210
0
2145
2091
0
2141
0
0
2125
0
0
2100
2121
0
2165
3929
3925
3921
2206
0
6183
0
0
0
0
0
0
0
0
0
0
0
0
0
0
0
0
2200
2097
2138
0
0
0
0
2187
0
0
0
0
0
0
0
0
0
2076
2093
2134
0
0
0
0
0
0
0
2049
0
0
0
2183
0
0
2072
0
2057
2130
0
0
0
0
0
0
0
2053
0
0
0
0
0
2068
0
0
3849
2082
2179
0
0
0
0
0
0
3845
0
0
0
0
2172
0
0
0
3841
2222
3947
0
0
0
0
0
0
2197
0
0
0
2168
0
0
0
0
2193
2218
3943
0
0
0
0
0
0
2189
0
0
2064
2117
0
0
2113
0
2214
2109
3939
0
2105
0
0
2161
0
0
2157
2060
0
2153
0
0
2149
2210
0
2145
2091
0
2141
0
0
2125
0
0
2100
2121
0
2165
3929
3925
3921
2206
0
6183
0
0
0
0
0
0
0
0
0
0
0
0
0
0
0
0
0
0
0
0
0
0
0
0
0
0
0
0
0
0
0
0
0
0
0
0
0
0
0
0
0
0
0
0
0
0
0
0
0
0
0
0
0
0
0
0
0
0
0
0
0
0
0
0
0
0
0
0
0
0
0
0
0
0
0
0
0
0
0
0
0
0
0
0
0
0
0
0
0
0
0
0
0
0
0
0
0
0
0
0
0
0
0
0
0
0
0
0
0
0
0
0
0
0
0
0
0
0
0
0
0
0
0
0
0
0
0
0
0
0
0
0
0
0
0
0
0
0
0
0
0
0
0
0
0
0
0
0
0
0
0
0
0
0
0
0
0
0
0
0
0
0
0
0
0
0
0
0
0
0
0
0
0
0
0
0
0
0
0
0
0
0
0
0
0
0
0
0
0
0
0
0
0
0
0
0
0
0
0
0
0
0
0
0
0
0
0
0
0
0
0
0
0
0
0
0
0
0
0
0
0
0
0
0
0
0
0
0
0
0
0
0
0
0
0
0
0
0
0
0
0
0
0
0
0
0
0
0
0
0
0
0
0
0
0
0
0
0
0
0
0
0
0
0
0
0
0
0
0
0
0
0
0
0
0
0
0
0
0
0
0
0
0
0
0
0
0
0
0
0
0
0
0
0
0
0
0
0
0
0
0
0
0
0
0
0
0
0
0
0
0
0
0
0
0
0
0
0
0
0
0
0
0
0
0
0
0
0
0
0
0
0
0
0
0
0
0
0
0
0
0
0
0
0
0
0
0
0
0
0
0
0
0
0
0
0
0
0
0
0
0
0
0
0
0
0
0
0
0
0
0
0
0
0
0
0
0
0
0
0
0
0
0
0
0
0
0
0
0
0
0
0
0
0
0
0
0
0
0
0
0
0
0
0
0
0
0
0
0
0
0
0
0
0
0
0
0
0
0
0
0
0
0
0
0
0
0
0
0
0
0
0
0
0
0
0
0
0
0
0
0
0
0
0
0
0
0
0
0
0
0
0
0
0
0
0
0
0
0
0
0
0
0
0
0
0
0
0
0
0
0
0
0
0
0
0
0
0
0
0
0
0
0
0
0
0
0
0
0
0
0
0
0
0
0
0
0
0
0
0
0
0
0
0
0
0
0
0
0
0
0
0
0
0
0
0
0
0
0
0
0
0
0
0
0
0
0
0
0
0
0
0
0
0
0
0
0
0
0
0
0
0
0
0
0
0
0
0
0
0
0
0
0
0
0
0
0
0
0
0
0
0
0
0
0
0
0
0
0
0
0
0
0
0
0
0
0
0
0
0
0
0
0
0
0
0
0
0
0
0
0
0
0
0
0
0
0
0
0
0
0
0
0
0
0
0
0
0
0
0
0
0
0
0
0
0
0
0
0
0
0
0
0
0
0
0
0
0
0
0
0
0
0
0
0
0
0
0
0
0
0
0
0
0
0
0
0
0
0
0
0
0
0
0
0
0
0
0
0
0
0
0
0
0
0
0
0
0
0
0
0
0
0
0
0
0
0
0
0
0
0
0
0
0
0
0
0
0
0
0
0
0
0
0
0
0
0
0
0
0
0
0
0
0
0
0
0
0
0
0
0
0
0
0
0
0
0
0
0
0
0
0
0
0
0
0
0
0
0
0
0
0
0
0
0
0
0
0
0
0
0
0
0
0
0
0
0
0
0
0
0
0
0
0
0
0
0
0
0
0
0
0
0
0
0
0
0
0
0
0
0
0
0
0
0
0
0
0
0
0
0
0
0
0
0
0
0
0
0
0
0
0
0
0
0
0
0
0
0
0
0
0
0
0
0
0
0
0
0
0
0
0
0
0
0
0
0
0
0
0
0
0
0
0
0
0
0
0
0
0
0
0
0
0
0
0
0
0
0
0
0
0
0
0
0
0
0
0
0
0
0
0
0
0
0
0
0
0
0
0
0
0
0
0
0
0
0
0
0
0
0
0
0
0
0
0
0
0
0
0
0
0
0
0
0
0
0
0
0
0
0
0
0
0
0
0
0
0
0
0
0
0
0
0
0
0
0
0
0
0
0
0
0
0
0
0
0
0
0
0
0
0
0
0
0
0
0
0
0
0
0
0
0
0
0
0
0
0
0
0
0
0
0
0
0
0
0
0
0
0
0
0
0
0
0
0
0
0
0
0
0
0
0
0
0
0
0
0
0
0
0
0
0
0
0
0
0
0
0
0
0
0
0
0
0
0
0
0
0
0
0
0
0
0
0
0
0
0
0
0
0
0
0
0
0
0
0
0
0
0
0
0
0
0
0
0
0
0
0
0
0
0
0
0
0
0
0
0
0
0
0
0
0
0
0
0
0
0
0
0
0
0
0
0
0
0
0
0
0
0
0
0
0
0
0
0
0
0
0
0
0
0
0
0
0
0
0
0
0
0
0
0
0
0
0
0
0
0
0
0
0
0
0
0
0
0
0
0
0
0
0
0
0
0
0
0
0
0
0
0
0
0
0
0
0
0
0
0
0
0
0
0
0
0
0
0
0
0
0
0
0
0
0
0
0
0
0
0
0
0
0
0
0
0
0
0
0
0
0
0
0
0
0
0
0
0
0
0
0
0
0
0
0
0
0
0
0
0
0
0
0
0
0
0
0
0
0
0
0
0
0
0
0
0
0
0
0
0
0
0
0
0
0
0
0
0
0
0
0
0
0
0
0
0
0
0
0
0
0
0
0
0
0
0
0
0
0
0
0
0
0
0
0
0
0
0
0
0
0
0
0
0
0
0
0
0
0
0
0
0
0
0
0
0
0
0
0
0
0
0
0
0
0
0
0
0
0
0
0
0
0
0
0
0
0
0
0
0
0
0
0
0
0
0
0
0
0
0
0
0
0
0
0
0
0
0
0
0
0
0
0
0
0
0
0
0
0
0
0
0
0
0
0
0
0
0
0
0
0
0
0
0
0
0
0
0
0
0
0
0
0
0
0
0
0
0
0
0
0
0
0
0
0
0
0
0
0
0
0
0
0
0
0
0
0
0
0
0
0
0
0
0
0
0
0
0
0
0
0
0
0
0
0
0
0
0
0
0
0
0
0
0
0
0
0
0
0
0
0
0
0
0
0
0
0
0
0
0
0
0
0
0
0
0
0
0
0
0
0
0
0
0
0
0
0
0
0
0
0
0
0
0
0
0
0
0
0
0
0
0
0
0
0
0
0
0
0
0
0
0
0
0
0
0
0
0
0
0
0
0
0
0
0
0
0
0
0
0
0
0
0
0
0
0
0
0
0
0
0
0
0
0
0
0
0
0
0
0
0
0
0
0
0
0
0
0
0
0
0
0
0
0
0
0
0
0
0
0
0
0
0
0
0
0
0
0
0
0
0
0
0
0
0
0
0
0
0
0
0
0
0
0
0
0
0
0
0
0
0
0
0
0
0
0
0
0
0
0
0
0
0
0
0
0
0
0
0
0
0
0
0
0
0
0
0
0
0
0
0
0
0
0
0
0
0
0
0
0
0
0
0
0
0
0
0
0
0
0
0
0
0
0
0
0
0
0
0
0
0
0
0
0
0
0
0
0
0
0
0
0
0
0
0
0
0
0
0
0
0
0
0
0
0
0
0
0
0
0
0
0
0
0
0
0
0
0
0
0
0
0
0
0
0
0
0
0
0
0
0
0
0
0
0
0
0
0
0
0
0
0
0
0
0
0
0
0
0
0
0
0
0
0
0
0
0
0
0
0
0
0
0
0
0
0
0
0
0
0
0
0
0
0
0
0
0
0
0
0
0
0
0
0
0
0
0
0
0
0
0
0
0
0
0
0
0
0
0
0
0
0
0
0
0
0
0
0
0
0
0
0
0
0
0
0
0
0
0
0
0
0
0
0
0
0
0
0
0
0
0
0
0
0
0
0
0
0
0
0
0
0
0
0
0
0
0
0
0
0
0
0
0
0
0
0
0
0
0
0
0
0
0
0
0
0
0
0
0
0
0
0
0
0
0
0
0
0
0
0
0
0
0
0
0
0
0
0
0
0
0
0
0
0
0
0
0
0
0
0
0
0
0
0
0
0
0
0
0
0
0
0
0
0
0
0
0
0
0
0
0
0
0
0
0
0
0
0
0
0
0
0
0
0
0
0
0
0
0
0
0
0
0
0
0
0
0
0
0
0
0
0
0
0
0
0
0
0
0
0
0
0
0
0
0
0
0
0
0
0
0
0
0
0
0
0
0
0
0
0
0
0
0
0
0
0
0
0
0
0
0
0
0
0
0
0
0
0
0
0
0
0
0
0
0
0
0
0
0
0
0
0
0
0
0
0
0
0
0
0
0
0
0
0
0
0
0
0
0
0
0
0
0
0
0
0
0
0
0
0
0
0
0
0
0
0
0
0
0
0
0
0
0
0
0
0
0
0
0
0
0
0
0
0
0
0
0
0
0
0
0
0
0
0
0
0
0
0
0
0
0
0
0
0
0
0
0
0
0
0
0
0
0
0
0
0
0
0
0
0
0
0
0
0
0
0
0
0
0
0
0
0
0
0
0
0
0
0
0
0
0
0
0
0
0
0
0
0
0
0
0
0
0
0
0
0
0
0
0
0
0
0
0
0
0
0
0
0
0
0
0
0
0
0
0
0
0
0
0
0
0
0
0
0
0
0
0
0
0
0
0
0
0
0
0
0
0
0
0
0
0
0
0
0
0
0
0
0
0
0
0
0
0
0
0
0
0
0
0
0
0
0
0
0
0
0
0
0
0
0
0
0
0
0
0
0
0
0
0
0
0
0
0
0
0
0
0
0
0
0
0
0
0
0
0
0
0
0
0
0
0
0
0
0
0
0
0
0
0
0
0
0
0
0
0
0
0
0
0
0
0
0
0
0
0
0
0
0
0
0
0
0
0
0
0
0
0
0
0
0
0
0
0
0
0
0
0
0
0
0
0
0
0
0
0
0
0
0
0
0
0
0
0
0
0
0
0
0
0
0
0
0
0
0
0
0
0
0
0
0
0
0
0
0
0
0
0
0
0
0
0
0
0
0
0
0
0
0
0
0
0
0
0
0
0
0
0
0
0
0
0
0
0
0
0
0
0
0
0
0
0
0
0
0
0
0
0
0
0
0
0
0
0
0
0
0
0
0
0
0
0
0
0
0
0
0
0
0
0
0
0
0
0
0
0
0
0
0
0
0
0
0
0
0
0
0
0
0
0
0
0
0
0
0
0
0
0
0
0
0
0
0
0
0
0
0
0
0
0
0
0
0
0
0
0
0
0
0
0
0
0
0
0
0
0
0
0
0
0
0
0
0
0
0
