hex
0
0
0
0
3f800000
c00000
0
0
3f800000
c000
0
0
0
4000
0
8000
0
c000
3f800000
0
0
4000
0
8000
3f800000
0
0
4000
0
8000
0
c000
0
10000
0
0
0
4000
0
8000
0
c000
3f800000
4000
402594af
4f008000
c02594af
4f00c000
0
0
0
0
3f800000
c00000
0
0
0
4000
0
8000
3f800000
c000
3f800000
8000
3f800000
0
3f800000
0
0
0
0
0
0
0
0
0
0
0
0
0
0
0
0
0
0
0
0
0
0
0
0
0
0
0
0
0
0
0
0
0
0
0
3f800000
4000
402594af
4f008000
c02594af
4f00c000
0
0
0
0
3f800000
c00000
0
0
0
4000
0
8000
3f800000
c000
3f800000
8000
3f800000
0
3f800000
0
0
0
0
0
0
0
0
0
0
0
0
0
0
0
0
0
0
0
0
0
0
0
0
0
0
0
0
0
0
0
0
0
0
0
424f5c28
f600c000
c24f5c28
f6010000
c24f5c28
f6c00000
bf7fffff
54000000
0
4000
0
8000
0
c000
baaec33d
e5900000
3f7fffff
54000000
0
4000
0
8000
0
c000
3aaec33d
e5900000
bf7fffff
54000000
0
4000
baaec33d
e5900000
0
0
0
4000
0
8000
0
0
3f800000
c00000
3f800000
c000
3f800000
8000
3f800000
0
3f800000
0
424f5c28
f600c000
c24f5c28
f6010000
c24f5c28
f6c00000
bf7fffff
54000000
0
4000
0
8000
0
c000
baaec33d
e5900000
bf7fffff
54000000
0
4000
0
8000
0
c000
baaec33d
e5900000
3f7fffff
54000000
0
4000
3aaec33d
e5900000
0
0
0
4000
0
8000
0
0
3f800000
c00000
3f800000
c000
3f800000
8000
3f800000
0
3f800000
0
3f800000
4000
c02594af
4f00c000
3f7fffff
54000000
0
4000
0
8000
0
c000
0
10000
3aaec33d
e5900000
0
0
0
4000
0
8000
0
c000
0
10000
0
14000
0
0
0
4000
0
0
3f800000
c00000
3f800000
c000
0
0
3f800000
0
3f800000
0
0
0
3f800000
4000
c02594af
4f00c000
3f7fffff
54000000
0
4000
0
8000
0
c000
0
10000
3aaec33d
e5900000
0
0
0
4000
0
8000
0
c000
0
10000
0
14000
0
0
0
4000
0
0
3f800000
c00000
3f800000
c000
0
0
3f800000
0
3f800000
0
0
0
bf7fffff
54000000
baaec33d
e5900000
3f7fffff
54000000
0
4000
0
8000
0
c000
0
10000
3aaec33d
e5900000
0
0
0
4000
0
8000
0
c000
0
10000
0
14000
0
0
0
4000
0
0
3f800000
c00000
3f800000
c000
0
0
3f800000
0
3f800000
0
0
0
bf7fffff
54000000
baaec33d
e5900000
3f7fffff
54000000
0
4000
0
8000
0
c000
0
10000
3aaec33d
e5900000
0
0
0
4000
0
8000
0
c000
0
10000
0
14000
0
0
0
4000
0
0
3f800000
c00000
3f800000
c000
0
0
3f800000
0
3f800000
0
0
0
424f5c28
f600c000
c24f5c28
f6010000
c24f5c28
f6c00000
0
0
0
0
0
4000
0
8000
0
c000
0
0
0
0
0
4000
0
8000
0
c000
0
10000
3f800000
c00000
0
0
0
4000
0
8000
3f800000
c000
3f800000
8000
0
0
0
0
0
0
0
0
0
0
0
0
0
0
0
0
0
0
0
0
0
0
0
0
0
0
0
0
0
0
0
0
0
0
0
0
