int
0
2167
0
2168
2057
3590
2163
2052
2115
2061
2096
3658
2095
2048
2145
2087
2088
3654
2075
2108
2141
2131
2104
3594
3651
2100
2177
3856
3619
2124
3626
2120
2173
2116
3587
2159
2137
3622
2155
2151
2135
2083
2079
2071
6163
0
2167
2104
2163
2057
2100
3654
2115
2096
2061
2095
2048
2142
2087
2088
2145
3651
2108
3658
3856
2169
2072
3619
2128
2053
2124
2178
2120
3625
2116
3595
2174
2137
3591
3587
2159
3622
2155
2151
2135
2083
2079
2071
6163
0
2167
2104
2163
2057
2100
3658
2115
2096
2061
2095
2048
2142
2087
2088
2145
3651
2108
3654
3856
2169
2072
3619
2128
2053
2124
2178
2120
3621
2116
3595
3626
2137
3591
3587
2159
2174
2155
2151
2135
2083
2079
2071
6163
0
2167
2104
2163
2061
2100
3654
2115
2096
2145
2095
2048
2142
2087
2088
3589
3651
2108
3658
3856
2053
2072
3627
2128
3593
2124
2178
2120
2137
2116
3623
2174
2169
3619
3587
2159
2058
2155
2151
2135
2083
2079
2071
6163
0
0
2126
0
3584
2173
3858
3655
2168
2114
2065
2094
2136
2086
2059
2096
2061
2130
2048
2122
3659
2088
3617
2166
2108
2162
2055
2104
2145
2074
2100
3650
3626
2141
3622
3594
3590
2158
2154
2150
2134
2118
2082
2078
2070
6275
0
0
2107
0
2174
2064
3857
2103
0
2146
2115
2060
2095
3657
2126
2087
0
3584
2138
2131
3653
2123
2170
3616
2167
2098
2163
2053
2140
2050
2075
3651
2090
2176
2057
2110
3627
3623
3595
3591
2159
2155
2151
2135
2119
2083
2079
6167
0
2167
2104
2163
2061
2100
3658
2115
2096
3593
2095
2048
2142
2087
2088
2145
3651
2108
3654
3856
2053
2072
3627
2128
3589
2124
2178
2120
2137
2116
3623
2174
2169
3619
3587
2159
2058
2155
2151
2135
2083
2079
2071
6163
0
0
2107
0
2174
2064
3857
2103
0
2146
2115
2060
2095
3657
2126
2087
0
3584
2138
2131
3653
2123
2170
3616
2167
2098
2163
2053
2140
2050
2075
3651
2090
2176
2057
2110
3627
3623
3595
3591
2159
2155
2151
2135
2119
2083
2079
6167
0
0
2126
0
3584
2173
3858
3659
2168
2114
2065
2094
2136
2086
2059
2096
2061
2130
2048
2122
3655
2088
3617
2166
2108
2162
2055
2104
2145
2074
2100
3650
3626
2141
3622
3594
3590
2158
2154
2150
2134
2118
2082
2078
2070
6275
0
2163
2104
2115
3625
2100
3590
2095
2096
2145
2087
2048
3622
3659
2088
3593
3655
2108
2178
3856
2141
2072
3651
2128
2169
2124
2174
2120
2053
2116
3619
2164
2137
2058
3587
2159
2155
2151
2062
2135
2083
2079
2071
6163
0
2075
0
2136
2057
2131
2088
3622
2123
2108
3649
2167
2104
2062
2163
2100
2069
2115
2096
3626
3659
2124
2145
3655
2048
2054
3619
2116
2141
3856
2178
2092
3595
2084
3585
2174
3591
2159
2169
2155
2151
2135
2083
2079
6163
0
0
2107
0
2172
2103
3857
3622
2099
2144
2095
0
2087
2136
2061
2070
2075
2168
2131
0
2123
2124
2057
3586
2167
2116
2163
0
2048
2053
3650
2088
2115
3659
2108
2142
3625
3655
3619
3595
2178
3591
2159
2155
2151
2135
2083
2079
6163
0
3859
0
3648
2177
2115
3590
2068
2095
2173
2087
2064
2062
2131
2048
2145
2075
2116
2058
2167
2088
2141
2163
2108
2054
3617
2104
2123
3659
2100
2137
3594
2096
3655
2169
3627
3623
3587
2159
2155
2151
2135
2127
2083
6175
0
2123
0
2075
2176
3585
2070
2115
2136
2095
0
2065
2168
2054
2131
2108
2087
3617
2104
2167
2062
2100
2173
2163
2096
3659
3655
2048
2145
3650
2088
3627
3856
2141
3623
3595
2058
3591
2159
2155
2151
2135
2127
2119
2083
6175
0
2135
0
2131
2176
2087
0
2053
3858
2172
2123
0
2167
2168
2163
3617
2070
2136
2075
3659
2104
3655
3627
2100
2057
3586
2096
3623
3595
2048
3591
2061
2088
3650
2159
2108
2145
2112
2155
2092
2151
2141
2066
2127
2119
2083
6175
0
0
2107
0
2140
3857
2058
2103
0
2176
2173
2115
0
2116
2054
2065
2095
2136
2087
0
3649
2168
3594
2131
2096
2069
2075
2048
2167
3590
2088
2145
2163
2108
2123
3659
3617
2062
3655
3627
3623
3587
2159
2155
2151
2135
2127
2083
6175
0
2115
0
2095
2176
2131
0
2053
3858
2172
2087
0
2167
2168
2163
3617
2070
2136
3659
3655
2104
3627
3623
2100
2057
3586
2096
3595
3591
2048
2159
2061
2088
3650
2155
2108
2145
2120
2151
2072
2135
2141
2066
2127
2119
2083
6175
0
2115
0
2095
2176
2131
0
2053
3858
2172
2087
0
2167
2168
2163
3617
2070
2136
3659
3655
2104
3627
3623
2100
2057
3586
2096
3595
3591
2048
2159
2061
2088
3650
2155
2108
2145
2120
2151
2072
2135
2141
2066
2127
2119
2083
6175
0
2163
2104
2115
3621
2100
3626
2095
2096
2145
2087
2048
3594
3659
2088
3589
3655
2108
2178
3856
2141
2072
3651
2128
2169
2124
2174
2120
2053
2116
3619
2164
2137
2058
3587
2159
2155
2151
2062
2135
2083
2079
2071
6163
0
0
2107
0
2172
2103
3857
3622
2099
2144
2095
0
2087
2136
2061
2070
2075
2168
2131
0
2123
2124
2057
3586
2167
2116
2163
0
2048
2053
3650
2088
2115
3659
2108
2142
3625
3655
3619
3595
2178
3591
2159
2155
2151
2135
2083
2079
6163
0
2075
0
2136
2057
2131
2088
3626
2123
2108
3649
2167
2104
2062
2163
2100
2069
2115
2096
3622
3659
2124
2145
3655
2048
2054
3619
2116
2141
3856
2178
2092
3595
2084
3585
2174
3591
2159
2169
2155
2151
2135
2083
2079
6163
0
0
2107
0
2140
3857
2058
2103
0
2176
2173
2115
0
2116
2054
2065
2095
2136
2087
0
3649
2168
3594
2131
2096
2069
2075
2048
2167
3590
2088
2145
2163
2108
2123
3659
3617
2062
3655
3627
3623
3587
2159
2155
2151
2135
2127
2083
6175
0
2115
0
2095
2176
2131
0
2053
3858
2172
2087
0
2167
2168
2163
3617
2070
2136
3659
3655
2104
3627
3623
2100
2057
3586
2096
3595
3591
2048
2159
2061
2088
3650
2155
2108
2145
2120
2151
2072
2135
2141
2066
2127
2119
2083
6175
0
2115
0
2095
2176
2131
0
2053
3858
2172
2087
0
2167
2168
2163
3617
2070
2136
3659
3655
2104
3627
3623
2100
2057
3586
2096
3595
3591
2048
2159
2061
2088
3650
2155
2108
2145
2120
2151
2072
2135
2141
2066
2127
2119
2083
6175
0
3859
0
3648
2177
2115
3594
2068
2095
2173
2087
2064
2062
2131
2048
2145
2075
2116
2058
2167
2088
2141
2163
2108
2054
3617
2104
2123
3659
2100
2137
3590
2096
3655
2169
3627
3623
3587
2159
2155
2151
2135
2127
2083
6175
0
2135
0
2131
2176
2087
0
2053
3858
2172
2123
0
2167
2168
2163
3617
2070
2136
2075
3659
2104
3655
3627
2100
2057
3586
2096
3623
3595
2048
3591
2061
2088
3650
2159
2108
2145
2112
2155
2092
2151
2141
2066
2127
2119
2083
6175
0
2123
0
2075
2176
3585
2070
2115
2136
2095
0
2065
2168
2054
2131
2108
2087
3617
2104
2167
2062
2100
2173
2163
2096
3659
3655
2048
2145
3650
2088
3627
3856
2141
3623
3595
2058
3591
2159
2155
2151
2135
2127
2119
2083
6175
0
2123
0
2075
2176
3585
2070
2115
2136
2095
0
2065
2168
2054
2131
2108
2087
3617
2104
2167
2062
2100
2173
2163
2096
3659
3655
2048
2145
3650
2088
3627
3856
2141
3623
3595
2058
3591
2159
2155
2151
2135
2127
2119
2083
6175
0
0
0
0
0
0
0
0
0
0
0
0
0
0
0
0
0
0
0
0
0
0
0
0
0
0
0
0
0
0
0
0
0
0
0
0
0
0
0
0
0
0
0
0
0
0
0
0
0
0
0
0
0
0
0
0
0
0
0
0
0
0
0
0
0
0
0
0
0
0
0
0
0
0
0
0
0
0
0
0
0
0
0
0
0
0
0
0
0
0
0
0
0
0
0
0
0
0
0
0
0
0
0
0
0
0
0
0
0
0
0
0
0
0
0
0
0
0
0
0
0
0
0
0
0
0
0
0
0
0
0
0
0
0
0
0
0
0
0
0
0
0
0
0
0
0
0
0
0
0
0
0
0
0
0
0
0
0
0
0
0
0
0
0
0
0
0
0
0
0
0
0
0
0
0
0
0
0
0
0
0
0
0
0
0
0
0
0
0
0
0
0
0
0
0
0
0
0
0
0
0
0
0
0
0
0
0
0
0
0
0
0
0
0
0
0
0
0
0
0
0
0
0
0
0
0
0
0
0
0
0
0
0
0
0
0
0
0
0
0
0
0
0
0
0
0
0
0
0
0
0
0
0
0
0
0
0
0
0
0
0
0
0
0
0
0
0
0
0
0
0
0
0
0
0
0
0
0
0
0
0
0
0
0
0
0
0
0
0
0
0
0
0
0
0
0
0
0
0
0
0
0
0
0
0
0
0
0
0
0
0
0
0
0
0
0
0
0
0
0
0
0
0
0
0
0
0
0
0
0
0
0
0
0
0
0
0
0
0
0
0
0
0
0
0
0
0
0
0
0
0
0
0
0
0
0
0
0
0
0
0
0
0
0
0
0
0
0
0
0
0
0
0
0
0
0
0
0
0
0
0
0
0
0
0
0
0
0
0
0
0
0
0
0
0
0
0
0
0
0
0
0
0
0
0
0
0
0
0
0
0
0
0
0
0
0
0
0
0
0
0
0
0
0
0
0
0
0
0
0
0
0
0
0
0
0
0
0
0
0
0
0
0
0
0
0
0
0
0
0
0
0
0
0
0
0
0
0
0
0
0
0
0
0
0
0
0
0
0
0
0
0
0
0
0
0
0
0
0
0
0
0
0
0
0
0
0
0
0
0
0
0
0
0
0
0
0
0
0
0
0
0
0
0
0
0
0
0
0
0
0
0
0
0
0
0
0
0
0
0
0
0
0
0
0
0
0
0
0
0
0
0
0
0
0
0
0
0
0
0
0
0
0
0
0
0
0
0
0
0
0
0
0
0
0
0
0
0
0
0
0
0
0
0
0
0
0
0
0
0
0
0
0
0
0
0
0
0
0
0
0
0
0
0
0
0
0
0
0
0
0
0
0
0
0
0
0
0
0
0
0
0
0
0
0
0
0
0
0
0
0
0
0
0
0
0
0
0
0
0
0
0
0
0
0
0
0
0
0
0
0
0
0
0
0
0
0
0
0
0
0
0
0
0
0
0
0
0
0
0
0
0
0
0
0
0
0
0
0
0
0
0
0
0
0
0
0
0
0
0
0
0
0
0
0
0
0
0
0
0
0
0
0
0
0
0
0
0
0
0
0
0
0
0
0
0
0
0
0
0
0
0
0
0
0
0
0
0
0
0
0
0
0
0
0
0
0
0
0
0
0
0
0
0
0
0
0
0
0
0
0
0
0
0
0
0
0
0
0
0
0
0
0
0
0
0
0
0
0
0
0
0
0
0
0
0
0
0
0
0
0
0
0
0
0
0
0
0
0
0
0
0
0
0
0
0
0
0
0
0
0
0
0
0
0
0
0
0
0
0
0
0
0
0
0
0
0
0
0
0
0
0
0
0
0
0
0
0
0
0
0
0
0
0
0
0
0
0
0
0
0
0
0
0
0
0
0
0
0
0
0
0
0
0
0
0
0
0
0
0
0
0
0
0
0
0
0
0
0
0
0
0
0
0
0
0
0
0
0
0
0
0
0
0
0
0
0
0
0
0
0
0
0
0
0
0
0
0
0
0
0
0
0
0
0
0
0
0
0
0
0
0
0
0
0
0
0
0
0
0
0
0
0
0
0
0
0
0
0
0
0
0
0
0
0
0
0
0
0
0
0
0
0
0
0
0
0
0
0
0
0
0
0
0
0
0
0
0
0
0
0
0
0
0
0
0
0
0
0
0
0
0
0
0
0
0
0
0
0
0
0
0
0
0
0
0
0
0
0
0
0
0
0
0
0
0
0
0
0
0
0
0
0
0
0
0
0
0
0
0
0
0
0
0
0
0
0
0
0
0
0
0
0
0
0
0
0
0
0
0
0
0
0
0
0
0
0
0
0
0
0
0
0
0
0
0
0
0
0
0
0
0
0
0
0
0
0
0
0
0
0
0
0
0
0
0
0
0
0
0
0
0
0
0
0
0
0
0
0
0
0
0
0
0
0
0
0
0
0
0
0
0
0
0
0
0
0
0
0
0
0
0
0
0
0
0
0
0
0
0
0
0
0
0
0
0
0
0
0
0
0
0
0
0
0
0
0
0
0
0
0
0
0
0
0
0
0
0
0
0
0
0
0
0
0
0
0
0
0
0
0
0
0
0
0
0
0
0
0
0
0
0
0
0
0
0
0
0
0
0
0
0
0
0
0
0
0
0
0
0
0
0
0
0
0
0
0
0
0
0
0
0
0
0
0
0
0
0
0
0
0
0
0
0
0
0
0
0
0
0
0
0
0
0
0
0
0
0
0
0
0
0
0
0
0
0
0
0
0
0
0
0
0
0
0
0
0
0
0
0
0
0
0
0
0
0
0
0
0
0
0
0
0
0
0
0
0
0
0
0
0
0
0
0
0
0
0
0
0
0
0
0
0
0
0
0
0
0
0
0
0
0
0
0
0
0
0
0
0
0
0
0
0
0
0
0
0
0
0
0
0
0
0
0
0
0
0
0
0
0
0
0
0
0
0
0
0
0
0
0
0
0
0
0
0
0
0
0
0
0
0
0
0
0
0
0
0
0
0
0
0
0
0
0
0
0
0
0
0
0
0
0
0
0
0
0
0
0
0
0
0
0
0
0
0
0
0
0
0
0
0
0
0
0
0
0
0
0
0
0
0
0
0
0
0
0
0
0
0
0
0
0
0
0
0
0
0
0
0
0
0
0
0
0
0
0
0
0
0
0
0
0
0
0
0
0
0
0
0
0
0
0
0
0
0
0
0
0
0
0
0
0
0
0
0
0
0
0
0
0
0
0
0
0
0
0
0
0
0
0
0
0
0
0
0
0
0
0
0
0
0
0
0
0
0
0
0
0
0
0
0
0
0
0
0
0
0
0
0
0
0
0
0
0
0
0
0
0
0
0
0
0
0
0
0
0
0
0
0
0
0
0
0
0
0
0
0
0
0
0
0
0
0
0
0
0
0
0
0
0
0
0
0
0
0
0
0
0
0
0
0
0
0
0
0
0
0
0
0
0
0
0
0
0
0
0
0
0
0
0
0
0
0
0
0
0
0
0
0
0
0
0
0
0
0
0
0
0
0
0
0
0
0
0
0
0
0
0
0
0
0
0
0
0
0
0
0
0
0
0
0
0
0
0
0
0
0
0
0
0
0
0
0
0
0
0
0
0
0
0
0
0
0
0
0
0
0
0
0
0
0
0
0
0
0
0
0
0
0
0
0
0
0
0
0
0
0
0
0
0
0
0
0
0
0
0
0
0
0
0
0
0
0
0
0
0
0
0
0
0
0
0
0
0
0
0
0
0
0
0
0
0
0
0
0
0
0
0
0
0
0
0
0
0
0
0
0
0
0
0
0
0
0
0
0
0
0
0
0
0
0
0
0
0
0
0
0
0
0
0
0
0
0
0
0
0
0
0
0
0
0
0
0
0
0
0
0
0
0
0
0
0
0
0
0
0
0
0
0
0
0
0
0
0
0
0
0
0
0
0
0
0
0
0
0
0
0
0
0
0
0
0
0
0
0
0
0
0
0
0
0
0
0
0
0
0
0
0
0
0
0
0
0
0
0
0
0
0
0
0
0
0
0
0
0
0
0
0
0
0
0
0
0
0
0
0
0
0
0
0
0
0
0
0
0
0
0
0
0
0
0
0
0
0
0
0
0
0
0
0
0
0
0
0
0
0
0
0
0
0
0
0
0
0
0
0
0
0
0
0
0
0
0
0
0
0
0
0
0
0
0
0
0
0
0
0
0
0
0
0
0
0
0
0
0
0
0
0
0
0
0
0
0
0
0
0
0
0
0
0
0
0
0
0
0
0
0
0
0
0
0
0
0
0
0
0
0
0
0
0
0
0
0
0
0
0
0
0
0
0
0
0
0
0
0
0
0
0
0
0
0
0
0
0
0
0
0
0
0
0
0
0
0
0
0
0
0
0
0
0
0
0
0
0
0
0
0
0
0
0
0
0
0
0
0
0
0
0
0
0
0
0
0
0
0
0
0
0
0
0
0
0
0
0
0
0
0
0
0
0
0
0
0
0
0
0
0
0
0
0
0
0
0
0
0
0
0
0
0
0
0
0
0
0
0
0
0
0
0
0
0
0
0
0
0
0
0
0
0
0
0
0
0
0
0
0
0
0
0
0
0
0
0
0
0
0
0
0
0
0
0
0
0
0
0
0
0
0
0
0
0
0
0
0
0
0
0
0
0
0
0
0
0
0
0
0
0
0
0
0
0
0
0
0
0
0
0
0
0
0
0
0
0
0
0
0
0
0
0
0
0
0
0
0
0
0
0
0
0
0
0
0
0
0
0
0
0
0
0
0
0
0
0
0
0
0
0
0
0
0
0
0
0
0
0
0
0
0
0
0
0
0
0
0
0
0
0
0
0
0
0
0
0
0
0
0
0
0
0
0
0
0
0
0
0
0
0
0
0
0
0
0
0
0
0
0
0
0
0
0
0
0
0
0
0
0
0
0
0
0
0
0
0
0
0
0
0
0
0
0
0
0
0
0
0
0
0
0
0
0
0
0
0
0
0
0
0
0
0
0
0
0
0
0
0
0
0
0
0
0
0
0
0
0
0
0
0
0
0
0
0
0
0
0
0
0
0
0
0
0
0
0
0
0
0
0
0
0
0
0
0
0
0
0
0
0
0
0
0
0
0
0
0
0
0
0
0
0
0
0
0
0
0
0
0
0
0
0
0
0
0
0
0
0
0
0
0
0
0
0
0
0
0
0
0
0
0
0
0
0
0
0
0
0
0
0
0
0
0
0
0
0
0
0
0
0
0
0
0
0
0
0
0
0
0
0
0
0
0
0
0
0
0
0
0
0
0
0
0
0
0
0
0
0
0
0
0
0
0
0
0
0
0
0
0
0
0
0
0
0
0
0
0
0
0
0
0
0
0
0
0
0
0
0
0
0
0
0
0
0
0
0
0
0
0
0
0
0
0
0
0
0
0
0
0
0
0
0
0
0
0
0
0
0
0
0
0
0
0
0
0
0
0
0
0
0
0
0
0
0
0
0
0
0
0
0
0
0
0
0
0
0
0
0
0
0
0
0
0
0
0
0
0
0
0
0
0
0
0
0
0
0
0
0
0
0
0
0
0
0
0
0
0
0
0
0
0
0
0
0
0
0
0
0
0
0
0
0
0
0
0
0
0
0
0
0
0
0
0
0
0
0
0
0
0
0
0
0
0
0
0
0
0
0
0
0
0
0
0
0
0
0
0
0
0
0
0
0
0
0
0
0
0
0
0
0
0
0
0
0
0
0
0
0
0
0
0
0
0
0
0
0
0
0
0
0
0
0
0
0
0
0
0
0
0
0
0
0
0
0
0
0
0
0
0
0
0
0
0
0
0
0
0
0
0
0
0
0
0
0
0
0
0
0
0
0
0
0
0
0
0
0
0
0
0
0
0
0
0
0
0
0
0
0
0
0
0
0
0
0
0
0
0
0
0
0
0
0
0
0
0
0
0
0
0
0
0
0
0
0
0
0
0
0
0
0
0
0
0
0
0
0
0
0
0
0
0
0
0
0
0
0
0
0
0
0
0
0
0
0
0
0
0
0
0
0
0
0
0
0
0
0
0
0
0
0
0
0
0
0
0
0
0
0
0
0
0
0
0
0
0
0
0
0
0
0
0
0
0
0
0
0
0
0
0
0
0
0
0
0
0
0
0
0
0
0
0
0
0
0
0
0
0
0
0
0
0
0
0
0
0
0
0
0
0
0
0
0
0
0
0
0
0
0
0
0
0
0
0
0
0
0
0
0
0
0
0
0
0
0
0
0
0
0
0
0
0
0
0
0
0
0
0
0
0
0
0
0
0
0
0
0
0
0
0
0
0
0
0
0
0
0
0
0
0
0
0
0
0
0
0
0
0
0
0
0
0
0
0
0
0
0
0
