int
0
0
0
0
0
0
2175
2085
0
0
0
2100
3962
2159
0
2081
0
0
0
0
2155
0
0
2048
2193
3958
0
2151
0
0
0
0
2189
0
2067
2052
0
3954
0
0
2185
2063
0
0
0
0
0
2124
2077
2122
2059
0
0
0
0
0
2073
2135
0
2168
0
2118
0
0
2069
2131
0
0
3867
0
0
2164
3881
2114
3863
0
0
3859
0
3877
2147
0
0
2160
2143
2198
3873
2139
2239
2235
2231
2096
2227
2201
2223
2219
2215
2110
2211
2092
2181
2207
0
0
0
0
0
2088
2177
6202
0
0
0
0
0
0
2175
2085
0
0
0
2100
3962
2159
0
2081
0
0
0
0
2155
0
0
2048
2193
3958
0
2151
0
0
0
0
2189
0
2067
2052
0
3954
0
0
2185
2063
0
0
0
0
0
2124
2077
2122
2059
0
0
0
0
0
2073
2135
0
2168
0
2118
0
0
2069
2131
0
0
3867
0
0
2164
3881
2114
3863
0
0
3859
0
3877
2147
0
0
2160
2143
2198
3873
2139
2239
2235
2231
2096
2227
2201
2223
2219
2215
2110
2211
2092
2181
2207
0
0
0
0
0
2088
2177
6202
0
0
0
0
0
0
0
0
0
0
2140
2125
3962
2175
0
0
0
0
0
0
0
2136
0
2169
3958
2159
0
0
0
0
0
0
2132
0
0
2165
3954
2155
0
0
0
0
0
2128
0
2091
0
2161
2122
0
0
0
0
2087
2212
0
0
0
3881
0
2118
2083
0
0
0
2208
0
0
0
3877
2079
0
2114
0
0
0
2204
0
2075
0
3873
0
0
0
2198
0
2071
2200
0
0
0
3865
0
0
2195
0
2110
0
2060
0
0
0
3861
2191
0
0
0
0
2106
2056
0
2187
0
3857
0
0
0
0
0
2099
2064
2102
0
0
2149
0
0
2095
2239
2235
2231
2180
2227
2050
2223
2145
2219
0
0
0
0
0
2176
0
0
6150
0
0
0
0
0
0
0
0
0
0
2140
2125
3962
2175
0
0
0
0
0
0
0
2136
0
2169
3958
2159
0
0
0
0
0
0
2132
0
0
2165
3954
2155
0
0
0
0
0
2128
0
2091
0
2161
2122
0
0
0
0
2087
2212
0
0
0
3881
0
2118
2083
0
0
0
2208
0
0
0
3877
2079
0
2114
0
0
0
2204
0
2075
0
3873
0
0
0
2198
0
2071
2200
0
0
0
3865
0
0
2195
0
2110
0
2060
0
0
0
3861
2191
0
0
0
0
2106
2056
0
2187
0
3857
0
0
0
0
0
2099
2064
2102
0
0
2149
0
0
2095
2239
2235
2231
2180
2227
2050
2223
2145
2219
0
0
0
0
0
2176
0
0
6150
0
0
0
0
0
0
0
0
0
0
0
0
0
0
0
0
0
0
2100
2121
2154
3963
0
0
0
0
0
0
0
0
0
0
0
0
0
0
0
2056
2117
2150
3959
0
0
0
0
0
0
0
0
0
0
0
0
0
0
0
2052
2225
2050
3955
0
0
0
0
0
0
0
0
0
0
0
0
0
0
0
2180
2221
2066
3883
0
0
0
0
0
0
2186
0
0
0
0
0
0
0
2078
2176
2217
0
3879
0
0
0
2074
0
0
0
0
0
0
0
2070
0
0
0
2172
2113
0
3875
2098
0
0
0
0
0
0
0
2094
0
0
0
0
0
0
2168
2109
2090
2063
0
0
0
0
0
0
2086
0
0
0
0
0
0
0
2082
2164
2105
0
2135
0
0
0
2194
0
0
0
0
0
0
0
2190
0
0
3866
2160
2201
3862
2131
0
3858
0
0
2146
0
0
2142
0
0
2138
2238
2234
2230
2214
2156
2197
2210
2206
6223
0
0
0
0
0
0
0
0
0
0
0
0
0
0
0
0
0
0
2100
2121
2154
3963
0
0
0
0
0
0
0
0
0
0
0
0
0
0
0
2056
2117
2150
3959
0
0
0
0
0
0
0
0
0
0
0
0
0
0
0
2052
2225
2050
3955
0
0
0
0
0
0
0
0
0
0
0
0
0
0
0
2180
2221
2066
3883
0
0
0
0
0
0
2186
0
0
0
0
0
0
0
2078
2176
2217
0
3879
0
0
0
2074
0
0
0
0
0
0
0
2070
0
0
0
2172
2113
0
3875
2098
0
0
0
0
0
0
0
2094
0
0
0
0
0
0
2168
2109
2090
2063
0
0
0
0
0
0
2086
0
0
0
0
0
0
0
2082
2164
2105
0
2135
0
0
0
2194
0
0
0
0
0
0
0
2190
0
0
3866
2160
2201
3862
2131
0
3858
0
0
2146
0
0
2142
0
0
2138
2238
2234
2230
2214
2156
2197
2210
2206
6223
0
0
0
0
0
0
0
0
0
0
0
0
0
0
0
0
0
0
0
0
0
0
2176
2225
3962
2131
0
0
0
0
0
0
0
0
0
0
0
0
0
0
0
0
0
0
0
2172
2221
3958
2127
0
0
0
0
0
0
0
0
0
0
0
0
0
0
0
0
0
0
0
2168
2217
3954
2123
0
0
0
0
0
0
0
0
0
0
0
0
0
0
0
0
0
0
0
2164
2213
3882
2119
0
0
0
0
0
0
0
0
0
0
0
0
0
0
0
0
0
0
0
2160
2209
3878
2115
0
0
0
0
0
0
0
0
0
0
0
0
0
0
0
0
0
0
0
2156
2205
3874
2111
0
0
0
0
0
0
0
0
0
0
0
0
0
0
0
0
0
0
0
2152
2201
3866
2107
0
0
0
0
0
0
0
2079
0
0
0
0
0
0
0
2075
0
0
0
2148
2197
3862
0
2071
0
0
0
0
0
0
0
2195
0
0
0
0
0
0
0
2191
0
0
2144
2049
3858
0
0
2187
0
0
0
0
0
0
0
2099
0
0
0
0
0
0
0
2095
0
2140
2065
2102
0
0
0
2091
0
0
0
0
0
0
0
2087
0
0
0
0
0
0
0
2083
2136
2061
2058
2239
2235
2231
0
0
0
0
0
0
0
0
0
0
0
0
0
0
0
0
0
2132
2181
6150
0
0
0
0
0
0
0
0
0
0
0
0
0
0
0
0
0
0
0
0
0
0
2176
2225
3962
2131
0
0
0
0
0
0
0
0
0
0
0
0
0
0
0
0
0
0
0
2172
2221
3958
2127
0
0
0
0
0
0
0
0
0
0
0
0
0
0
0
0
0
0
0
2168
2217
3954
2123
0
0
0
0
0
0
0
0
0
0
0
0
0
0
0
0
0
0
0
2164
2213
3882
2119
0
0
0
0
0
0
0
0
0
0
0
0
0
0
0
0
0
0
0
2160
2209
3878
2115
0
0
0
0
0
0
0
0
0
0
0
0
0
0
0
0
0
0
0
2156
2205
3874
2111
0
0
0
0
0
0
0
0
0
0
0
0
0
0
0
0
0
0
0
2152
2201
3866
2107
0
0
0
0
0
0
0
2079
0
0
0
0
0
0
0
2075
0
0
0
2148
2197
3862
0
2071
0
0
0
0
0
0
0
2195
0
0
0
0
0
0
0
2191
0
0
2144
2049
3858
0
0
2187
0
0
0
0
0
0
0
2099
0
0
0
0
0
0
0
2095
0
2140
2065
2102
0
0
0
2091
0
0
0
0
0
0
0
2087
0
0
0
0
0
0
0
2083
2136
2061
2058
2239
2235
2231
0
0
0
0
0
0
0
0
0
0
0
0
0
0
0
0
0
2132
2181
6150
0
0
0
0
0
0
0
0
0
0
0
2051
0
0
2184
2229
2158
0
0
0
0
0
0
2127
0
0
0
0
0
2180
2133
2154
0
0
0
2123
0
0
0
0
0
0
0
0
2176
2129
2150
2119
0
0
0
0
0
0
0
0
0
0
0
2172
2081
3882
2115
0
0
0
0
0
0
0
0
0
0
0
2060
2077
3878
2111
0
0
0
0
0
0
0
0
0
0
0
2056
2073
3874
2107
0
0
0
0
0
0
0
0
0
0
0
2096
2069
2094
2199
0
0
0
0
0
0
0
0
3960
0
0
2171
2201
2090
0
0
0
0
0
0
3956
0
0
2167
0
0
0
2065
2086
0
0
0
3952
0
0
2163
0
0
3867
0
0
3863
2193
2238
2100
3859
0
0
2147
0
0
2143
0
0
2139
2227
2052
2189
2234
2223
2219
2215
2211
6303
0
0
0
0
0
0
0
0
0
0
0
2051
0
0
2184
2229
2158
0
0
0
0
0
0
2127
0
0
0
0
0
2180
2133
2154
0
0
0
2123
0
0
0
0
0
0
0
0
2176
2129
2150
2119
0
0
0
0
0
0
0
0
0
0
0
2172
2081
3882
2115
0
0
0
0
0
0
0
0
0
0
0
2060
2077
3878
2111
0
0
0
0
0
0
0
0
0
0
0
2056
2073
3874
2107
0
0
0
0
0
0
0
0
0
0
0
2096
2069
2094
2199
0
0
0
0
0
0
0
0
3960
0
0
2171
2201
2090
0
0
0
0
0
0
3956
0
0
2167
0
0
0
2065
2086
0
0
0
3952
0
0
2163
0
0
3867
0
0
3863
2193
2238
2100
3859
0
0
2147
0
0
2143
0
0
2139
2227
2052
2189
2234
2223
2219
2215
2211
6303
0
0
0
0
0
0
0
0
0
0
0
0
0
0
0
0
0
0
2128
2177
2066
2079
0
0
0
0
0
0
0
0
0
0
0
0
0
0
0
2080
2173
2062
2075
0
0
0
0
0
0
0
0
3960
0
0
0
0
0
0
0
2093
2058
2071
0
3956
0
0
0
0
0
0
0
0
0
0
0
3952
0
0
2089
2214
3883
0
0
0
0
0
0
2100
0
0
0
0
0
0
0
0
0
2085
2210
2052
3879
0
0
0
0
0
0
0
0
0
0
2048
0
0
0
0
2157
2206
0
3875
0
0
0
2196
0
0
0
0
0
0
0
0
0
0
0
2168
2153
2202
3867
0
0
0
0
0
0
0
0
2164
0
0
0
0
0
0
0
2149
2098
3863
0
2160
0
0
0
0
0
0
0
0
0
0
0
2124
0
0
2145
2194
3859
0
0
0
0
0
0
2120
0
0
0
0
0
0
0
0
0
2141
2190
2116
2239
0
0
0
0
0
0
0
0
0
0
2112
0
0
0
0
2137
2186
0
2235
0
0
0
2108
0
0
0
0
0
0
0
0
0
0
0
2104
2224
2220
2216
2133
2182
6327
0
0
0
0
0
0
0
0
0
0
0
0
0
0
0
0
0
0
2128
2177
2066
2079
0
0
0
0
0
0
0
0
0
0
0
0
0
0
0
2080
2173
2062
2075
0
0
0
0
0
0
0
0
3960
0
0
0
0
0
0
0
2093
2058
2071
0
3956
0
0
0
0
0
0
0
0
0
0
0
3952
0
0
2089
2214
3883
0
0
0
0
0
0
2100
0
0
0
0
0
0
0
0
0
2085
2210
2052
3879
0
0
0
0
0
0
0
0
0
0
2048
0
0
0
0
2157
2206
0
3875
0
0
0
2196
0
0
0
0
0
0
0
0
0
0
0
2168
2153
2202
3867
0
0
0
0
0
0
0
0
2164
0
0
0
0
0
0
0
2149
2098
3863
0
2160
0
0
0
0
0
0
0
0
0
0
0
2124
0
0
2145
2194
3859
0
0
0
0
0
0
2120
0
0
0
0
0
0
0
0
0
2141
2190
2116
2239
0
0
0
0
0
0
0
0
0
0
2112
0
0
0
0
2137
2186
0
2235
0
0
0
2108
0
0
0
0
0
0
0
0
0
0
0
2104
2224
2220
2216
2133
2182
6327
0
0
0
0
0
0
0
0
0
0
0
0
0
0
0
0
0
0
0
0
0
0
0
0
0
0
2128
2177
2226
3963
0
0
0
0
0
0
0
0
0
0
0
0
0
0
0
0
0
0
0
0
0
0
0
2124
2173
2222
3959
0
0
0
0
0
0
0
0
0
0
0
0
0
0
0
0
0
0
0
0
0
0
0
2120
2169
2218
3955
0
0
0
0
0
0
0
0
0
0
0
0
0
0
0
0
0
0
0
0
0
0
0
2116
2165
2070
3883
0
0
0
0
0
0
0
0
0
0
0
0
0
0
0
0
0
0
0
0
0
0
0
2112
2161
2066
3879
0
0
0
0
0
0
0
0
0
0
0
0
0
0
0
0
0
0
0
0
0
0
0
2108
2157
2062
3875
0
0
0
0
0
0
0
0
0
0
0
0
0
0
0
0
0
0
0
0
0
0
0
2104
2153
2202
2083
0
0
0
0
0
0
0
0
0
0
0
0
0
0
0
0
0
0
0
0
0
0
0
2100
2149
2198
2079
0
0
0
0
0
0
0
0
0
0
0
0
0
0
0
0
0
0
0
0
0
0
0
2096
2057
2194
2075
0
0
0
0
0
0
0
0
0
0
0
0
0
0
0
0
0
0
0
0
0
0
0
2092
2053
2190
2239
0
0
0
0
0
0
0
0
0
0
0
0
0
0
0
0
0
0
0
0
0
0
0
2088
2049
2186
2235
0
0
0
0
0
0
0
0
0
0
0
0
0
0
0
0
0
0
0
0
0
0
0
2084
2133
2182
3864
2231
0
3860
0
0
3856
0
0
2144
0
0
2140
0
0
2136
2212
2208
6300
0
0
0
0
0
0
0
0
0
0
0
0
0
0
0
0
0
0
0
0
0
0
0
0
0
0
2128
2177
2226
3963
0
0
0
0
0
0
0
0
0
0
0
0
0
0
0
0
0
0
0
0
0
0
0
2124
2173
2222
3959
0
0
0
0
0
0
0
0
0
0
0
0
0
0
0
0
0
0
0
0
0
0
0
2120
2169
2218
3955
0
0
0
0
0
0
0
0
0
0
0
0
0
0
0
0
0
0
0
0
0
0
0
2116
2165
2070
3883
0
0
0
0
0
0
0
0
0
0
0
0
0
0
0
0
0
0
0
0
0
0
0
2112
2161
2066
3879
0
0
0
0
0
0
0
0
0
0
0
0
0
0
0
0
0
0
0
0
0
0
0
2108
2157
2062
3875
0
0
0
0
0
0
0
0
0
0
0
0
0
0
0
0
0
0
0
0
0
0
0
2104
2153
2202
2083
0
0
0
0
0
0
0
0
0
0
0
0
0
0
0
0
0
0
0
0
0
0
0
2100
2149
2198
2079
0
0
0
0
0
0
0
0
0
0
0
0
0
0
0
0
0
0
0
0
0
0
0
2096
2057
2194
2075
0
0
0
0
0
0
0
0
0
0
0
0
0
0
0
0
0
0
0
0
0
0
0
2092
2053
2190
2239
0
0
0
0
0
0
0
0
0
0
0
0
0
0
0
0
0
0
0
0
0
0
0
2088
2049
2186
2235
0
0
0
0
0
0
0
0
0
0
0
0
0
0
0
0
0
0
0
0
0
0
0
2084
2133
2182
3864
2231
0
3860
0
0
3856
0
0
2144
0
0
2140
0
0
2136
2212
2208
6300
0
0
0
0
0
0
0
0
0
0
0
0
0
0
0
0
0
0
0
0
0
0
0
0
0
0
0
0
0
0
2152
2213
3962
2095
0
0
0
0
0
0
0
0
0
0
0
0
0
0
0
0
0
0
0
0
0
0
0
0
0
0
0
2148
2209
3958
2091
0
0
0
0
0
0
0
0
0
0
0
0
0
0
0
0
0
0
0
0
0
0
0
0
0
0
0
2144
2205
3954
2087
0
0
0
0
0
0
0
0
0
0
0
0
0
0
0
0
0
0
0
0
0
0
0
0
0
0
0
2140
2201
3882
2083
0
0
0
0
0
0
0
0
0
0
0
0
0
0
0
0
0
0
0
0
0
0
0
0
0
0
0
2136
2197
3878
2079
0
0
0
0
0
0
0
0
0
0
0
0
0
0
0
0
0
0
0
0
0
0
0
0
0
0
0
2132
2193
3874
2075
0
0
0
0
0
0
0
0
0
0
0
0
0
0
0
0
0
0
0
0
0
0
0
0
0
0
0
2128
2189
3866
2071
0
0
0
0
0
0
0
0
0
0
0
0
0
0
0
0
0
0
0
0
0
0
0
0
0
0
0
2124
2185
3862
2067
0
0
0
0
0
0
0
0
0
0
0
0
0
0
0
0
0
0
0
0
0
0
0
0
0
0
0
2120
2181
3858
2063
0
0
0
0
0
0
0
0
0
0
0
0
0
0
0
0
0
0
0
0
0
0
0
0
0
0
0
2116
2177
2238
2059
0
0
0
0
0
0
0
0
0
0
0
0
0
0
0
0
0
0
0
0
0
0
0
0
0
0
0
2112
2173
2234
2055
0
0
0
0
0
0
0
0
0
0
0
0
0
0
0
0
0
0
0
0
0
0
0
0
0
0
0
2108
2169
2230
2051
0
0
0
0
0
0
0
0
0
0
0
0
0
0
0
0
0
0
0
0
0
0
0
0
0
0
0
2104
2165
2226
0
0
0
0
0
0
0
0
0
0
0
0
0
0
0
0
0
0
0
0
0
0
0
0
0
0
0
0
2100
2161
2222
0
0
0
0
0
0
0
0
0
0
0
0
0
0
0
0
0
0
0
0
0
0
0
0
0
0
0
0
2096
2157
6314
0
0
0
0
0
0
0
0
0
0
0
0
0
0
0
0
0
0
0
0
0
0
0
0
0
0
0
0
0
0
2152
2213
3962
2095
0
0
0
0
0
0
0
0
0
0
0
0
0
0
0
0
0
0
0
0
0
0
0
0
0
0
0
2148
2209
3958
2091
0
0
0
0
0
0
0
0
0
0
0
0
0
0
0
0
0
0
0
0
0
0
0
0
0
0
0
2144
2205
3954
2087
0
0
0
0
0
0
0
0
0
0
0
0
0
0
0
0
0
0
0
0
0
0
0
0
0
0
0
2140
2201
3882
2083
0
0
0
0
0
0
0
0
0
0
0
0
0
0
0
0
0
0
0
0
0
0
0
0
0
0
0
2136
2197
3878
2079
0
0
0
0
0
0
0
0
0
0
0
0
0
0
0
0
0
0
0
0
0
0
0
0
0
0
0
2132
2193
3874
2075
0
0
0
0
0
0
0
0
0
0
0
0
0
0
0
0
0
0
0
0
0
0
0
0
0
0
0
2128
2189
3866
2071
0
0
0
0
0
0
0
0
0
0
0
0
0
0
0
0
0
0
0
0
0
0
0
0
0
0
0
2124
2185
3862
2067
0
0
0
0
0
0
0
0
0
0
0
0
0
0
0
0
0
0
0
0
0
0
0
0
0
0
0
2120
2181
3858
2063
0
0
0
0
0
0
0
0
0
0
0
0
0
0
0
0
0
0
0
0
0
0
0
0
0
0
0
2116
2177
2238
2059
0
0
0
0
0
0
0
0
0
0
0
0
0
0
0
0
0
0
0
0
0
0
0
0
0
0
0
2112
2173
2234
2055
0
0
0
0
0
0
0
0
0
0
0
0
0
0
0
0
0
0
0
0
0
0
0
0
0
0
0
2108
2169
2230
2051
0
0
0
0
0
0
0
0
0
0
0
0
0
0
0
0
0
0
0
0
0
0
0
0
0
0
0
2104
2165
2226
0
0
0
0
0
0
0
0
0
0
0
0
0
0
0
0
0
0
0
0
0
0
0
0
0
0
0
0
2100
2161
2222
0
0
0
0
0
0
0
0
0
0
0
0
0
0
0
0
0
0
0
0
0
0
0
0
0
0
0
0
2096
2157
6314
0
0
0
0
0
0
0
0
0
0
0
0
0
0
0
0
0
0
0
0
0
0
0
0
0
0
0
0
0
0
0
0
0
0
0
0
0
0
0
0
0
0
0
0
0
0
0
0
0
0
0
0
0
0
0
0
0
0
0
0
0
0
0
0
0
0
0
0
0
0
0
0
0
0
0
0
0
0
0
0
0
0
0
0
0
0
0
0
0
0
0
0
0
0
0
0
0
0
0
0
0
0
0
0
0
0
0
0
0
0
0
0
0
0
0
0
0
0
0
0
0
0
0
0
0
0
0
0
0
0
0
0
0
0
0
0
0
0
0
0
0
0
0
0
0
0
0
0
0
0
0
0
0
0
0
0
0
0
0
0
0
0
0
0
0
0
0
0
0
0
0
0
0
0
0
0
0
0
0
0
0
0
0
0
0
0
0
0
0
0
0
0
0
0
0
0
0
0
0
0
