int
0
0
0
0
0
0
0
0
2116
2101
2162
2135
0
0
0
3930
0
3912
0
2097
3926
2131
0
0
0
3922
3908
0
0
2093
2170
2127
0
0
0
3904
2062
0
0
2089
0
2058
2191
0
3848
0
2066
0
0
2085
0
2186
2123
3844
0
0
2178
0
0
2081
0
2174
3840
2079
0
2074
0
0
0
2141
2070
2112
0
2051
2198
0
0
0
2194
2137
2108
0
2154
2055
0
0
2150
0
2157
2164
2146
2234
2230
2226
2222
2218
2214
2181
2210
2206
2202
6203
0
0
0
0
0
0
0
2181
2162
2100
2135
0
3929
0
0
0
0
3925
3914
2096
2131
0
3921
0
0
0
0
2169
3910
2092
2127
0
2061
0
0
0
0
2057
3906
2088
2191
0
2065
0
0
0
0
2185
3850
2084
2123
0
2177
0
0
0
0
2173
3846
2080
2079
2073
0
0
0
2069
0
3842
0
2140
2197
2051
0
0
2193
0
2158
0
2153
2136
0
2055
2149
0
0
2118
2145
2233
2108
2229
2225
2221
2217
2213
2209
2205
2201
2164
2114
6203
0
0
0
0
0
0
0
0
3912
0
0
0
0
0
2189
2122
3931
3908
0
0
0
0
0
0
0
0
3904
0
0
2185
2066
3927
0
0
0
3848
0
0
0
0
0
0
0
0
3844
2093
2062
3923
0
0
0
0
0
3840
0
0
0
0
0
0
2177
2058
2108
2055
0
0
0
0
0
0
0
2180
0
0
0
2173
2106
0
2051
0
2164
0
0
0
0
0
0
0
0
2160
2169
2210
0
2143
0
0
0
0
2156
0
0
0
0
0
0
2089
2206
2116
2139
0
0
0
0
0
0
0
2112
0
0
0
2192
2085
2202
2135
2152
0
0
0
2148
0
0
0
2144
0
0
0
2072
2081
2102
2131
2068
0
0
0
2196
2232
2228
2224
2220
2216
2212
0
2077
2098
6223
0
0
0
0
0
0
0
0
3912
0
0
0
0
0
2189
2122
3931
3908
0
0
0
0
0
0
0
0
3904
0
0
2185
2066
3927
0
0
0
3848
0
0
0
0
0
0
0
0
3844
2093
2062
3923
0
0
0
0
0
3840
0
0
0
0
0
0
2177
2058
2108
2055
0
0
0
0
0
0
0
2180
0
0
0
2173
2106
0
2051
0
2164
0
0
0
0
0
0
0
0
2160
2169
2210
0
2143
0
0
0
0
2156
0
0
0
0
0
0
2089
2206
2116
2139
0
0
0
0
0
0
0
2112
0
0
0
2192
2085
2202
2135
2152
0
0
0
2148
0
0
0
2144
0
0
0
2072
2081
2102
2131
2068
0
0
0
2196
2232
2228
2224
2220
2216
2212
0
2077
2098
6223
0
0
0
0
0
0
0
0
3910
0
0
0
0
2120
2077
2191
0
3906
0
0
0
0
0
0
0
0
3850
2068
2073
2103
0
0
0
0
0
3846
0
0
0
0
0
2220
2153
2099
3842
0
0
0
0
0
0
0
0
2182
0
2216
2149
2095
0
0
0
0
2118
0
0
0
0
0
0
2212
2145
2114
2091
0
0
0
0
0
0
0
2110
0
0
2048
2141
3930
2087
0
0
0
3926
0
0
0
0
3922
0
2052
2137
0
2178
2083
0
0
0
2174
0
0
0
0
2170
2104
2133
2167
0
2066
0
0
0
0
2062
0
2163
0
0
2196
2129
2058
0
0
0
2159
2186
2234
2230
2226
2210
2206
2202
2192
2125
8011
0
0
0
0
0
0
0
0
3910
0
0
0
0
2120
2077
2191
0
3906
0
0
0
0
0
0
0
0
3850
2068
2073
2103
0
0
0
0
0
3846
0
0
0
0
0
2220
2153
2099
3842
0
0
0
0
0
0
0
0
2182
0
2216
2149
2095
0
0
0
0
2118
0
0
0
0
0
0
2212
2145
2114
2091
0
0
0
0
0
0
0
2110
0
0
2048
2141
3930
2087
0
0
0
3926
0
0
0
0
3922
0
2052
2137
0
2178
2083
0
0
0
2174
0
0
0
0
2170
2104
2133
2167
0
2066
0
0
0
0
2062
0
2163
0
0
2196
2129
2058
0
0
0
2159
2186
2234
2230
2226
2210
2206
2202
2192
2125
8011
0
0
0
0
0
0
0
0
0
0
0
0
0
0
0
0
0
0
2172
2221
3930
2127
0
0
0
0
0
0
0
0
0
0
0
0
0
0
0
2168
2217
3926
2123
0
0
0
0
0
0
0
0
0
0
0
0
0
0
0
2068
2213
3922
2059
0
0
0
0
0
0
0
0
0
0
0
0
0
0
0
2064
2209
2050
2055
0
0
0
0
0
0
0
0
3915
0
0
0
0
0
0
2060
2205
2106
3911
0
0
0
0
0
0
0
0
3907
0
0
0
0
0
0
2152
2201
2102
3851
0
0
0
0
0
0
0
0
3847
0
0
0
0
0
0
2148
2197
2098
3843
0
0
0
0
0
0
0
0
2119
0
0
0
0
0
0
2144
2193
2094
2115
0
0
0
0
0
0
0
0
2111
0
0
0
0
0
0
2140
2189
2090
2183
0
0
0
0
0
0
0
0
2167
0
0
0
0
0
0
2136
2185
2086
2163
0
0
0
0
0
0
0
0
2159
2235
2231
2227
0
0
0
2132
2073
2082
0
0
0
0
0
0
0
0
0
0
0
0
0
0
0
0
2128
2177
6174
0
0
0
0
0
0
0
0
0
0
0
0
0
0
0
0
0
0
2172
2221
3930
2127
0
0
0
0
0
0
0
0
0
0
0
0
0
0
0
2168
2217
3926
2123
0
0
0
0
0
0
0
0
0
0
0
0
0
0
0
2068
2213
3922
2059
0
0
0
0
0
0
0
0
0
0
0
0
0
0
0
2064
2209
2050
2055
0
0
0
0
0
0
0
0
3915
0
0
0
0
0
0
2060
2205
2106
3911
0
0
0
0
0
0
0
0
3907
0
0
0
0
0
0
2152
2201
2102
3851
0
0
0
0
0
0
0
0
3847
0
0
0
0
0
0
2148
2197
2098
3843
0
0
0
0
0
0
0
0
2119
0
0
0
0
0
0
2144
2193
2094
2115
0
0
0
0
0
0
0
0
2111
0
0
0
0
0
0
2140
2189
2090
2183
0
0
0
0
0
0
0
0
2167
0
0
0
0
0
0
2136
2185
2086
2163
0
0
0
0
0
0
0
0
2159
2235
2231
2227
0
0
0
2132
2073
2082
0
0
0
0
0
0
0
0
0
0
0
0
0
0
0
0
2128
2177
6174
0
0
0
0
0
0
0
0
0
2087
0
0
0
0
2108
2229
3930
0
0
2083
0
0
0
0
0
0
0
0
0
2184
2225
3926
2191
0
0
0
0
0
0
0
0
0
2079
0
2180
2165
3922
0
0
0
0
0
2055
0
0
0
0
0
0
2176
2161
3914
2051
0
0
0
0
0
0
0
0
0
2143
0
2172
2157
3910
0
0
0
0
0
2139
0
0
0
0
0
0
2168
2057
3906
2135
0
0
0
0
0
0
2120
0
0
2131
0
0
2065
3850
0
0
2104
0
0
2127
0
0
0
2195
0
0
2100
2061
3846
2155
0
0
0
2151
0
0
2096
2147
0
0
0
2075
2117
3842
0
2071
2092
0
0
2199
2223
2219
2215
2211
2207
2203
2088
2113
6330
0
0
0
0
0
0
0
0
0
2087
0
0
0
0
2108
2229
3930
0
0
2083
0
0
0
0
0
0
0
0
0
2184
2225
3926
2191
0
0
0
0
0
0
0
0
0
2079
0
2180
2165
3922
0
0
0
0
0
2055
0
0
0
0
0
0
2176
2161
3914
2051
0
0
0
0
0
0
0
0
0
2143
0
2172
2157
3910
0
0
0
0
0
2139
0
0
0
0
0
0
2168
2057
3906
2135
0
0
0
0
0
0
2120
0
0
2131
0
0
2065
3850
0
0
2104
0
0
2127
0
0
0
2195
0
0
2100
2061
3846
2155
0
0
0
2151
0
0
2096
2147
0
0
0
2075
2117
3842
0
2071
2092
0
0
2199
2223
2219
2215
2211
2207
2203
2088
2113
6330
0
0
0
0
0
0
0
0
0
0
0
0
0
0
0
0
0
0
0
0
0
0
0
0
2172
2085
3930
2127
0
0
0
0
0
0
0
0
0
0
0
0
0
0
0
0
0
0
0
0
0
2168
2081
3926
2123
0
0
0
0
0
0
0
0
0
0
0
0
0
0
0
0
0
0
0
0
0
2164
2077
3922
2119
0
0
0
0
0
0
0
0
0
0
0
0
0
0
0
0
0
0
0
0
0
2160
2209
3914
2115
0
0
0
0
0
0
0
0
0
0
0
0
0
0
0
0
0
0
0
0
0
2156
2205
3910
2111
0
0
0
0
0
0
0
0
0
0
0
0
0
0
0
0
0
0
0
0
0
2064
2201
3906
2107
0
0
0
0
0
0
0
0
0
0
0
0
0
0
0
0
0
0
0
0
0
2060
2053
3850
2103
0
0
0
0
0
0
0
0
0
0
0
0
0
0
0
0
0
0
0
0
0
2056
2049
3846
2099
0
0
0
0
0
0
0
0
0
0
0
0
0
0
0
0
0
0
0
0
0
2140
2189
3842
2095
0
0
0
0
0
0
0
0
0
0
0
0
0
0
0
0
0
0
0
0
0
2136
2185
2234
2091
0
0
0
2147
0
0
0
2075
0
0
0
2071
0
0
0
2199
0
0
0
2195
0
2132
2181
2230
2155
0
0
0
2151
2223
2219
2215
0
0
0
0
0
0
0
0
0
0
0
0
0
0
2128
2177
6322
0
0
0
0
0
0
0
0
0
0
0
0
0
0
0
0
0
0
0
0
0
0
0
0
2172
2085
3930
2127
0
0
0
0
0
0
0
0
0
0
0
0
0
0
0
0
0
0
0
0
0
2168
2081
3926
2123
0
0
0
0
0
0
0
0
0
0
0
0
0
0
0
0
0
0
0
0
0
2164
2077
3922
2119
0
0
0
0
0
0
0
0
0
0
0
0
0
0
0
0
0
0
0
0
0
2160
2209
3914
2115
0
0
0
0
0
0
0
0
0
0
0
0
0
0
0
0
0
0
0
0
0
2156
2205
3910
2111
0
0
0
0
0
0
0
0
0
0
0
0
0
0
0
0
0
0
0
0
0
2064
2201
3906
2107
0
0
0
0
0
0
0
0
0
0
0
0
0
0
0
0
0
0
0
0
0
2060
2053
3850
2103
0
0
0
0
0
0
0
0
0
0
0
0
0
0
0
0
0
0
0
0
0
2056
2049
3846
2099
0
0
0
0
0
0
0
0
0
0
0
0
0
0
0
0
0
0
0
0
0
2140
2189
3842
2095
0
0
0
0
0
0
0
0
0
0
0
0
0
0
0
0
0
0
0
0
0
2136
2185
2234
2091
0
0
0
2147
0
0
0
2075
0
0
0
2071
0
0
0
2199
0
0
0
2195
0
2132
2181
2230
2155
0
0
0
2151
2223
2219
2215
0
0
0
0
0
0
0
0
0
0
0
0
0
0
2128
2177
6322
0
0
0
0
0
0
0
0
0
0
0
0
0
2220
2161
2134
3931
0
0
0
0
0
0
0
0
0
0
2216
0
2157
2130
3927
0
0
0
0
0
0
0
0
0
2212
0
0
2057
2126
3923
0
0
0
0
0
0
0
0
2068
0
0
0
2065
2122
3915
0
0
0
0
0
0
0
2052
0
0
0
0
2061
2106
3911
0
0
0
0
0
0
2048
0
0
0
0
0
2117
2102
3907
0
0
0
0
0
2196
0
0
0
0
0
0
2113
2098
3851
0
0
0
0
2192
0
0
0
0
0
0
0
2109
2094
3847
0
0
0
2188
0
0
0
0
0
0
0
0
2185
2090
3843
0
0
2152
0
0
0
0
0
0
0
0
0
2181
2086
2235
0
2148
0
0
0
0
0
0
0
0
0
0
2177
2082
2231
2144
0
0
0
0
0
0
0
0
0
0
0
2173
2078
2140
2227
0
0
0
0
0
0
0
0
0
0
0
2169
2136
2074
2210
2206
2202
6263
0
0
0
0
0
0
0
0
0
0
0
0
0
2220
2161
2134
3931
0
0
0
0
0
0
0
0
0
0
2216
0
2157
2130
3927
0
0
0
0
0
0
0
0
0
2212
0
0
2057
2126
3923
0
0
0
0
0
0
0
0
2072
0
0
0
2065
2122
3915
0
0
0
0
0
0
0
2068
0
0
0
0
2061
2050
3911
0
0
0
0
0
0
2052
0
0
0
0
0
2117
2102
3907
0
0
0
0
0
2196
0
0
0
0
0
0
2113
2098
3851
0
0
0
0
2192
0
0
0
0
0
0
0
2109
2094
3847
0
0
0
2188
0
0
0
0
0
0
0
0
2185
2090
3843
0
0
2152
0
0
0
0
0
0
0
0
0
2181
2086
2235
0
2148
0
0
0
0
0
0
0
0
0
0
2177
2082
2231
2144
0
0
0
0
0
0
0
0
0
0
0
2173
2078
2140
2227
0
0
0
0
0
0
0
0
0
0
2106
2169
2136
2210
2206
2202
6263
0
0
0
0
0
0
0
0
0
0
0
0
0
0
0
0
0
0
0
0
0
0
0
0
0
0
0
0
2100
2157
2214
3931
0
0
0
0
0
0
0
0
0
0
0
0
0
0
0
0
0
0
0
0
0
0
0
0
0
2096
2153
2210
3927
0
0
0
0
0
0
0
0
0
0
0
0
0
0
0
0
0
0
0
0
0
0
0
0
0
2092
2149
2206
3923
0
0
0
0
0
0
0
0
0
0
0
0
0
0
0
0
0
0
0
0
0
0
0
0
0
2088
2145
2202
3915
0
0
0
0
0
0
0
0
0
0
0
0
0
0
0
0
0
0
0
0
0
0
0
0
0
2084
2141
2198
3911
0
0
0
0
0
0
0
0
0
0
0
0
0
0
0
0
0
0
0
0
0
0
0
0
0
2080
2137
2194
3907
0
0
0
0
0
0
0
0
0
0
0
0
0
0
0
0
0
0
0
0
0
0
0
0
0
2076
2133
2190
3851
0
0
0
0
0
0
0
0
0
0
0
0
0
0
0
0
0
0
0
0
0
0
0
0
0
2072
2129
2186
3847
0
0
0
0
0
0
0
0
0
0
0
0
0
0
0
0
0
0
0
0
0
0
0
0
0
2068
2125
2182
3843
0
0
0
0
0
0
0
0
0
0
0
0
0
0
0
0
0
0
0
0
0
0
0
0
0
2064
2121
2178
2235
0
0
0
0
0
0
0
0
0
0
0
0
0
0
0
0
0
0
0
0
0
0
0
0
0
2060
2117
2174
2231
0
0
0
0
0
0
0
0
0
0
0
0
0
0
0
0
0
0
0
0
0
0
0
0
0
2056
2113
2170
2227
0
0
0
0
0
0
0
0
0
0
0
0
0
0
0
0
0
0
0
0
0
0
0
0
0
2052
2109
2166
2223
0
0
0
0
0
0
0
0
0
0
0
0
0
0
0
0
0
0
0
0
0
0
0
0
0
2048
2105
2162
6315
0
0
0
0
0
0
0
0
0
0
0
0
0
0
0
0
0
0
0
0
0
0
0
0
0
0
0
0
2100
2157
2214
3931
0
0
0
0
0
0
0
0
0
0
0
0
0
0
0
0
0
0
0
0
0
0
0
0
0
2096
2153
2210
3927
0
0
0
0
0
0
0
0
0
0
0
0
0
0
0
0
0
0
0
0
0
0
0
0
0
2092
2149
2206
3923
0
0
0
0
0
0
0
0
0
0
0
0
0
0
0
0
0
0
0
0
0
0
0
0
0
2088
2145
2202
3915
0
0
0
0
0
0
0
0
0
0
0
0
0
0
0
0
0
0
0
0
0
0
0
0
0
2084
2141
2198
3911
0
0
0
0
0
0
0
0
0
0
0
0
0
0
0
0
0
0
0
0
0
0
0
0
0
2080
2137
2194
3907
0
0
0
0
0
0
0
0
0
0
0
0
0
0
0
0
0
0
0
0
0
0
0
0
0
2076
2133
2190
3851
0
0
0
0
0
0
0
0
0
0
0
0
0
0
0
0
0
0
0
0
0
0
0
0
0
2072
2129
2186
3847
0
0
0
0
0
0
0
0
0
0
0
0
0
0
0
0
0
0
0
0
0
0
0
0
0
2068
2125
2182
3843
0
0
0
0
0
0
0
0
0
0
0
0
0
0
0
0
0
0
0
0
0
0
0
0
0
2064
2121
2178
2235
0
0
0
0
0
0
0
0
0
0
0
0
0
0
0
0
0
0
0
0
0
0
0
0
0
2060
2117
2174
2231
0
0
0
0
0
0
0
0
0
0
0
0
0
0
0
0
0
0
0
0
0
0
0
0
0
2056
2113
2170
2227
0
0
0
0
0
0
0
0
0
0
0
0
0
0
0
0
0
0
0
0
0
0
0
0
0
2052
2109
2166
2223
0
0
0
0
0
0
0
0
0
0
0
0
0
0
0
0
0
0
0
0
0
0
0
0
0
2048
2105
2162
6315
0
0
0
0
0
0
0
0
0
0
0
0
0
0
0
0
0
0
0
0
0
0
0
0
0
0
0
0
0
0
0
0
0
0
0
0
0
0
0
0
0
0
0
0
0
0
0
0
0
0
0
0
0
0
0
0
0
0
0
0
0
0
0
0
0
0
0
0
0
0
0
0
0
0
0
0
0
0
0
0
0
0
0
0
0
0
0
0
0
0
0
0
0
0
0
0
0
0
0
0
0
0
0
0
0
0
0
0
0
0
0
0
0
0
0
0
0
0
0
0
0
0
0
0
0
0
0
0
0
0
0
0
0
0
0
0
0
0
0
0
0
0
0
0
0
0
0
0
0
0
0
0
0
0
0
0
0
0
0
0
0
0
0
0
0
0
0
0
0
0
0
0
0
0
0
0
0
0
0
0
0
0
0
0
0
0
0
0
0
0
0
0
0
0
0
0
0
0
0
0
0
0
0
0
0
0
0
0
0
0
0
0
0
0
0
0
0
0
0
0
0
0
0
0
0
0
0
0
0
0
0
0
0
0
0
0
0
0
0
0
0
0
0
0
0
0
0
0
0
0
0
0
0
0
0
0
0
0
0
0
0
0
0
0
0
0
0
0
0
0
0
0
0
0
0
0
0
0
0
0
0
0
0
0
0
0
0
0
0
0
0
0
0
0
0
0
0
0
0
0
0
0
0
0
0
0
0
0
0
0
0
0
0
0
0
0
0
0
0
0
0
0
0
0
0
0
0
0
0
0
0
0
0
0
0
0
0
0
0
0
0
0
0
0
0
0
0
0
0
0
0
0
0
0
0
0
0
0
0
0
0
0
0
0
0
0
0
0
0
0
0
0
0
0
0
0
0
0
0
0
0
0
0
0
0
0
0
0
0
0
0
0
0
0
0
0
0
0
0
0
0
0
0
0
0
0
0
0
0
0
0
0
0
0
0
0
0
0
0
0
0
0
0
0
0
0
0
0
0
0
0
0
0
0
0
0
0
0
0
0
0
0
0
0
0
0
0
0
0
0
0
0
0
0
0
0
0
0
0
0
0
0
0
0
0
0
0
0
0
0
0
0
0
0
0
0
0
0
0
0
0
0
0
0
0
0
0
0
0
0
0
0
0
0
0
0
0
0
0
0
0
0
0
0
0
0
0
0
0
0
0
0
0
0
0
0
0
0
0
0
0
0
0
0
0
0
0
0
0
0
0
0
0
0
0
0
0
0
0
0
0
0
0
0
0
0
0
0
0
0
0
0
0
0
0
0
0
0
0
0
0
0
0
0
0
0
0
0
0
0
0
0
0
0
0
0
0
0
0
0
0
0
0
0
0
0
0
0
0
0
0
0
0
0
0
0
0
0
0
0
0
0
0
0
0
0
0
0
0
0
0
0
0
0
0
0
0
0
0
0
0
0
0
0
0
0
0
0
0
0
0
0
0
0
0
0
0
0
0
0
0
0
0
0
0
0
0
0
0
0
0
0
0
0
0
0
0
0
0
0
0
0
0
0
0
0
0
0
0
0
0
0
0
0
0
0
0
0
0
0
0
0
0
0
0
0
0
0
0
0
0
0
0
0
0
0
0
0
0
0
0
0
0
0
0
0
0
0
0
0
0
0
0
