int
0
0
0
0
0
0
0
2107
0
0
0
0
2064
2205
2086
2235
0
0
0
0
0
0
0
2231
0
2060
2201
2082
0
0
0
2227
0
0
0
0
0
0
2236
2089
2078
2103
0
0
0
0
0
2149
0
2099
0
2056
0
2074
0
2145
0
2095
0
0
0
0
0
2141
2052
2187
2070
0
0
0
0
2137
0
2183
0
0
0
2048
0
2133
2174
2179
0
0
0
0
0
2129
0
2155
2220
0
3851
2170
0
2125
3847
0
0
3843
0
0
2199
2216
2121
2195
2166
0
2191
2275
2271
2267
2117
2263
2259
2255
2212
2251
2247
2162
2113
2243
0
0
0
0
0
0
2109
2208
0
0
6254
0
0
0
0
0
0
0
0
0
0
0
0
0
0
0
0
0
0
0
0
2088
2241
2138
2155
0
0
0
0
0
0
0
0
0
0
0
0
0
0
0
0
0
2084
2237
2134
2151
0
0
0
0
0
0
0
0
0
0
0
0
0
0
0
0
0
2080
2057
2130
2147
0
0
0
0
0
0
0
0
0
0
0
0
0
0
0
0
0
2184
2053
2126
2143
0
0
0
0
0
0
0
2227
0
0
0
0
0
0
0
2103
0
2180
2049
2078
0
0
0
2099
0
0
0
0
0
0
0
2095
0
0
0
0
0
0
2176
2221
2074
2123
0
0
0
0
0
0
0
2119
0
0
0
0
0
0
0
2115
0
2172
2217
2070
0
0
0
2111
0
0
0
0
0
0
0
2107
0
0
0
0
0
0
2168
2213
2066
2235
0
0
0
0
0
0
0
2231
0
0
3851
0
0
3847
0
0
3843
2164
2209
2062
2199
0
0
2195
0
0
2191
2275
2271
2267
2263
2259
2255
0
0
0
0
0
2160
2205
2250
0
0
0
0
0
0
0
0
0
0
0
0
0
0
0
0
0
0
2156
2201
6342
0
0
0
0
0
0
0
2107
0
0
0
0
0
0
0
2196
2049
3850
2103
0
0
0
0
0
0
0
2099
0
0
0
0
2192
2237
3846
2095
0
0
0
0
0
0
0
2235
0
0
0
0
2188
2089
3842
2231
0
0
0
0
0
0
0
2227
0
0
0
0
2076
2085
2158
2187
0
0
0
0
0
0
0
2183
0
0
0
0
2072
2081
2066
2179
0
0
0
0
0
0
0
2155
0
0
0
0
2068
2221
2062
2151
0
0
0
0
0
0
0
2147
0
0
0
0
2172
2217
2262
2143
0
0
0
0
0
0
0
2139
0
0
0
0
2168
2213
2258
2135
0
0
0
0
0
0
0
2131
0
0
0
0
2164
2209
2254
2127
0
0
0
0
0
0
0
2123
0
0
0
0
2160
2205
2058
2119
2275
2271
2267
2251
2112
2247
2243
0
0
0
0
0
2108
2201
6150
0
0
0
0
0
0
0
0
0
0
0
0
0
0
0
0
0
0
0
0
0
0
0
2180
2049
3850
2131
0
0
0
0
0
0
0
0
0
0
0
0
0
0
0
0
0
0
0
0
2176
2089
3846
2127
0
0
0
0
0
0
0
0
0
0
0
0
0
0
0
0
0
0
0
0
2172
2085
3842
2079
0
0
0
0
0
0
0
0
0
0
0
0
0
0
0
0
0
0
0
0
2168
2221
2062
2075
0
0
0
0
0
0
0
0
0
0
0
0
0
0
0
0
0
0
0
0
2164
2217
2058
2071
0
0
0
0
0
0
0
0
0
0
0
0
0
0
0
0
0
0
0
0
2160
2213
2054
2067
0
0
0
0
0
0
0
0
0
0
0
0
0
0
0
0
0
0
0
0
2156
2209
2262
2155
0
0
0
0
0
0
0
2103
0
0
0
0
0
0
0
2099
0
0
0
0
2080
2205
2258
2095
0
0
0
0
0
0
0
2235
0
0
0
0
0
0
0
2231
0
0
0
0
2148
2201
2254
2227
0
0
0
0
0
0
0
2123
0
0
0
0
0
0
0
2119
0
0
0
0
2144
2197
2250
2115
0
0
0
0
0
0
0
2111
0
0
0
0
0
0
0
2107
2275
2271
2267
0
2140
2193
2246
0
0
0
0
0
0
0
0
0
0
0
0
0
0
0
0
0
0
0
0
0
2136
2189
2242
0
0
0
0
0
0
0
0
0
0
0
0
0
0
0
0
0
0
0
0
0
2132
2185
6334
0
0
0
0
0
0
0
0
0
0
0
0
0
0
0
0
0
0
0
0
2100
2105
2062
2079
0
0
0
0
0
0
0
0
0
0
0
0
0
0
0
0
0
2096
2237
2058
2075
0
0
0
0
0
0
0
0
0
0
0
0
0
0
0
0
0
2092
2233
2054
2071
0
0
0
0
0
0
0
0
0
0
0
0
0
0
0
0
0
2088
2229
2274
2067
0
0
0
0
0
0
0
2127
0
0
0
0
0
0
0
2187
0
2084
2225
2270
0
0
0
2183
0
0
0
0
0
0
0
2179
0
0
0
0
0
0
2080
2221
2266
2155
0
0
0
0
0
0
0
2151
0
0
0
0
0
0
0
2147
0
2172
2217
2050
0
0
0
2143
0
0
0
0
0
0
0
2139
0
0
0
0
0
0
2168
2213
2122
2135
0
0
0
0
0
0
0
2131
0
0
3851
0
0
3847
0
0
3843
2164
2209
2118
2199
0
0
2195
0
0
2191
2263
2259
2255
2251
2247
2243
0
0
0
0
0
2160
2205
2114
0
0
0
0
0
0
0
0
0
0
0
0
0
0
0
0
0
0
2156
2201
6206
0
0
0
0
0
0
0
0
0
0
0
0
0
0
0
0
0
0
0
0
0
0
0
0
0
0
0
0
2180
2233
2082
2131
0
0
0
0
0
0
0
0
0
0
0
0
0
0
0
0
0
0
0
0
0
0
0
0
0
2176
2229
2078
2127
0
0
0
0
0
0
0
0
0
0
0
0
0
0
0
0
0
0
0
0
0
0
0
0
0
2172
2225
2074
2123
0
0
0
0
0
0
0
0
0
0
0
0
0
0
0
0
0
0
0
0
0
0
0
0
0
2168
2221
2274
2119
0
0
0
0
0
0
0
0
0
0
0
0
0
0
0
0
0
0
0
0
0
0
0
0
0
2164
2217
2270
2115
0
0
0
0
0
0
0
0
0
0
0
0
0
0
0
0
0
0
0
0
0
0
0
0
0
2160
2213
2266
2111
0
0
0
0
0
0
0
0
0
0
0
0
0
0
0
0
0
0
0
0
0
0
0
0
0
2156
2209
2070
2107
0
0
0
0
0
0
0
0
0
0
0
0
0
0
0
0
0
0
0
0
0
0
0
0
0
2152
2205
2066
2103
0
0
0
0
0
0
0
0
0
0
0
0
0
0
0
0
0
0
0
0
0
0
0
0
0
2148
2201
2062
2099
0
0
0
0
0
0
0
0
0
0
0
0
0
0
0
0
0
0
0
0
0
0
0
0
0
2144
2057
2250
2095
0
0
0
0
0
0
0
0
0
0
0
0
0
0
0
0
0
0
0
0
0
0
0
0
0
2140
2053
2246
2091
0
0
0
0
0
0
0
0
0
0
0
0
0
0
0
0
0
0
0
0
0
0
0
0
0
2136
2049
2242
2087
0
0
3851
0
0
3847
0
0
3843
0
0
2199
0
0
2195
0
0
2191
2263
2259
2255
0
0
0
0
2132
2185
6334
0
0
0
0
0
0
0
0
0
0
0
0
0
0
0
0
0
0
0
0
0
0
0
2084
2233
3850
2055
0
0
0
0
0
0
0
0
0
0
0
0
0
0
0
0
0
0
0
0
2080
2229
3846
2051
0
0
0
0
0
0
0
0
0
0
0
0
0
0
0
0
0
0
0
0
2172
2225
3842
2123
0
0
0
0
0
0
0
0
0
0
0
0
0
0
0
0
0
0
0
0
2168
2221
2274
2119
0
0
0
0
0
0
0
0
0
0
0
0
0
0
0
0
0
0
0
0
2164
2217
2270
2115
0
0
0
0
0
0
0
0
0
0
0
0
0
0
0
0
0
0
0
0
2160
2213
2266
2111
0
0
0
0
0
0
0
0
0
0
0
0
0
0
0
0
0
0
0
0
2156
2209
2262
2107
0
0
0
0
0
0
0
2135
0
0
0
0
0
0
0
2131
0
0
0
0
2076
2205
2258
2127
0
0
0
0
0
0
0
2187
0
0
0
0
0
0
0
2183
0
0
0
0
2072
2201
2254
2179
0
0
0
0
0
0
0
2155
0
0
0
0
0
0
0
2151
0
0
0
0
2068
2197
2102
2147
0
0
0
0
0
0
0
2143
0
0
0
0
0
0
0
2139
2251
2247
2243
0
2064
2193
2098
0
0
0
0
0
0
0
0
0
0
0
0
0
0
0
0
0
0
0
0
0
2060
2189
2094
0
0
0
0
0
0
0
0
0
0
0
0
0
0
0
0
0
0
0
0
0
2056
2089
6334
0
0
0
0
0
0
0
0
0
0
0
0
0
0
0
0
0
0
0
0
0
0
0
0
0
0
0
0
0
0
0
2104
2165
2226
3851
0
0
0
0
0
0
0
0
0
0
0
0
0
0
0
0
0
0
0
0
0
0
0
0
0
0
0
0
2100
2161
2222
3847
0
0
0
0
0
0
0
0
0
0
0
0
0
0
0
0
0
0
0
0
0
0
0
0
0
0
0
0
2096
2157
2218
3843
0
0
0
0
0
0
0
0
0
0
0
0
0
0
0
0
0
0
0
0
0
0
0
0
0
0
0
0
2092
2049
2214
2275
0
0
0
0
0
0
0
0
0
0
0
0
0
0
0
0
0
0
0
0
0
0
0
0
0
0
0
0
2088
2149
2210
2271
0
0
0
0
0
0
0
0
0
0
0
0
0
0
0
0
0
0
0
0
0
0
0
0
0
0
0
0
2084
2145
2206
2267
0
0
0
0
0
0
0
0
0
0
0
0
0
0
0
0
0
0
0
0
0
0
0
0
0
0
0
0
2080
2141
2202
2263
0
0
0
0
0
0
0
0
0
0
0
0
0
0
0
0
0
0
0
0
0
0
0
0
0
0
0
0
2076
2137
2198
2259
0
0
0
0
0
0
0
0
0
0
0
0
0
0
0
0
0
0
0
0
0
0
0
0
0
0
0
0
2072
2133
2194
2255
0
0
0
0
0
0
0
0
0
0
0
0
0
0
0
0
0
0
0
0
0
0
0
0
0
0
0
0
2068
2129
2190
2251
0
0
0
0
0
0
0
0
0
0
0
0
0
0
0
0
0
0
0
0
0
0
0
0
0
0
0
0
2064
2125
2186
2247
0
0
0
0
0
0
0
0
0
0
0
0
0
0
0
0
0
0
0
0
0
0
0
0
0
0
0
0
2060
2121
2182
2243
0
0
0
0
0
0
0
0
0
0
0
0
0
0
0
0
0
0
0
0
0
0
0
0
0
0
0
0
2056
2117
2178
2239
0
0
0
0
0
0
0
0
0
0
0
0
0
0
0
0
0
0
0
0
0
0
0
0
0
0
0
0
2052
2113
2174
2235
0
0
0
0
0
0
0
0
0
0
0
0
0
0
0
0
0
0
0
0
0
0
0
0
0
0
0
2152
0
2109
2170
6327
0
0
0
0
0
0
0
0
0
0
0
0
0
0
0
0
0
0
0
0
0
0
0
0
0
0
0
0
0
0
0
0
0
0
0
0
0
0
0
0
0
0
0
0
0
0
0
0
0
0
0
0
0
0
0
0
0
0
0
0
0
0
0
0
0
0
0
0
0
0
0
0
0
0
0
0
0
0
0
0
0
0
0
0
0
0
0
0
0
0
0
0
0
0
0
0
0
0
0
0
0
0
0
0
0
0
0
0
0
0
0
0
0
0
0
0
0
0
0
0
0
0
0
0
0
0
0
0
0
0
0
0
0
0
0
0
0
0
0
0
0
0
0
0
0
0
0
0
0
0
0
0
0
0
0
0
0
0
0
0
0
0
0
0
0
0
0
0
0
0
0
0
0
0
0
0
0
0
0
0
0
0
0
0
0
0
0
0
0
0
0
0
0
0
0
0
0
0
0
0
0
0
0
0
0
0
0
0
0
0
0
0
0
0
0
0
0
0
0
0
0
0
0
0
0
0
0
0
0
0
0
0
0
0
0
0
0
0
0
0
0
0
0
0
0
0
0
0
0
0
0
0
0
0
0
0
0
0
0
0
0
0
0
0
0
0
0
0
0
0
0
0
0
0
0
0
0
0
0
0
0
0
0
0
0
0
0
0
0
0
0
0
0
0
0
0
0
0
0
0
0
0
0
0
0
0
0
0
0
0
0
0
0
0
0
0
0
0
0
0
0
0
0
0
0
0
0
0
0
0
0
0
0
0
0
0
0
0
0
0
0
0
0
0
0
0
0
0
0
0
0
0
0
0
0
0
0
0
0
0
0
0
0
0
0
0
0
0
0
0
0
0
0
0
0
0
0
0
0
0
0
0
0
0
0
0
0
0
0
0
0
0
0
0
0
0
0
0
0
0
0
0
0
0
0
0
0
0
0
0
0
0
0
0
0
0
0
0
0
0
0
0
0
0
0
0
0
0
0
0
0
0
0
0
0
0
0
0
0
0
0
0
0
0
0
0
0
0
0
0
0
0
0
0
0
0
0
0
0
0
0
0
0
0
0
0
0
0
0
0
0
0
0
0
0
0
0
0
0
0
0
0
0
0
0
0
0
0
0
0
0
0
0
0
0
0
0
0
0
0
0
0
0
0
0
0
0
0
0
0
0
0
0
0
0
0
0
0
0
0
0
0
0
0
0
0
0
0
0
0
0
0
0
0
0
0
0
0
0
0
0
0
0
0
0
0
0
0
0
0
0
0
0
0
0
0
0
0
0
0
0
0
0
0
0
0
0
0
0
0
0
0
0
0
0
0
0
0
0
0
0
0
0
0
0
0
0
0
0
0
0
0
0
0
0
0
0
0
0
0
0
0
0
0
0
0
0
0
0
0
0
0
0
0
0
0
0
0
0
0
0
0
0
0
0
0
0
0
0
0
0
0
0
0
0
0
0
0
0
0
0
0
0
0
0
0
0
0
0
0
0
0
0
0
0
0
0
0
0
0
0
0
0
0
0
0
0
0
0
0
0
0
0
0
0
0
0
0
0
0
0
0
0
0
0
0
0
0
0
0
0
0
0
0
0
0
0
0
0
0
0
0
0
0
0
0
0
0
0
0
0
0
0
0
0
0
0
0
0
0
0
0
0
0
0
0
0
0
0
0
0
0
0
0
0
0
0
0
0
0
0
0
0
0
0
0
0
0
0
0
0
0
0
0
0
0
0
0
0
0
0
0
0
0
0
0
0
0
0
0
0
0
0
0
0
0
0
0
0
0
0
0
0
0
0
0
0
0
0
0
0
0
0
0
0
0
0
0
0
0
0
0
0
0
0
0
0
0
0
0
0
0
0
0
0
0
0
0
0
0
0
0
0
0
0
0
0
0
0
0
0
0
0
0
0
0
0
0
0
0
0
0
0
0
0
0
0
0
0
0
0
0
0
0
0
0
0
0
0
0
0
0
0
0
0
0
0
0
0
0
0
0
0
0
0
0
0
0
0
0
0
0
0
0
0
0
0
0
0
0
0
0
0
0
0
0
0
0
0
0
0
0
0
0
0
0
0
0
0
0
0
0
0
0
0
0
0
0
0
0
0
0
0
0
0
0
0
0
0
0
0
0
0
0
0
0
0
0
0
0
0
0
0
0
0
0
0
0
0
0
0
0
0
0
0
0
0
0
0
0
0
0
0
0
0
0
0
0
0
0
0
0
0
0
0
0
0
0
0
0
0
0
0
0
0
0
0
0
0
0
0
0
0
0
0
0
0
0
0
0
0
0
0
0
0
0
0
0
0
0
0
0
0
0
0
0
0
0
0
0
0
0
0
0
0
0
0
0
0
0
0
0
0
0
0
0
0
0
0
0
0
0
0
0
0
0
0
0
0
0
0
0
0
0
0
0
0
0
0
0
0
0
0
0
0
0
0
0
0
0
0
0
0
0
0
0
0
0
0
0
0
0
0
0
0
0
0
0
0
0
0
0
0
0
0
0
0
0
0
0
0
0
0
0
0
0
0
0
0
0
0
0
0
0
0
0
0
0
0
0
0
0
0
0
0
0
0
0
0
0
0
0
0
0
0
0
0
0
0
0
0
0
0
0
0
0
0
0
0
0
0
0
0
0
0
0
0
0
0
0
0
0
0
0
0
0
0
0
0
0
0
0
0
0
0
0
0
0
0
0
0
0
0
0
0
0
0
0
0
0
0
0
0
0
0
0
0
0
0
0
0
0
0
0
0
0
0
0
0
0
0
0
0
0
0
0
0
0
0
0
0
0
0
0
0
0
0
0
0
0
0
0
0
0
0
0
0
0
0
0
0
0
0
0
0
0
0
0
0
0
0
0
0
0
0
0
0
0
0
0
0
0
0
0
0
0
0
0
0
0
0
0
0
0
0
0
0
0
0
0
0
0
0
0
0
0
0
0
0
0
0
0
0
0
0
0
0
0
0
0
0
0
0
0
0
0
0
0
0
0
0
0
0
0
0
0
0
0
0
0
0
0
0
0
0
0
0
0
0
0
0
0
0
0
0
0
0
0
0
0
0
0
0
0
0
0
0
0
0
0
0
0
0
0
0
0
0
0
0
0
0
0
0
0
0
0
0
0
0
0
0
0
0
0
0
0
0
0
0
0
0
0
0
0
0
0
0
0
0
0
0
0
0
0
0
0
0
0
0
0
0
0
0
0
0
0
0
0
0
0
0
0
0
0
0
0
0
0
0
0
0
0
0
0
0
0
0
0
0
0
0
0
0
0
0
0
0
0
0
0
0
0
0
0
0
0
0
0
0
0
0
0
0
0
0
0
0
0
0
0
0
0
0
0
0
0
0
0
0
0
0
0
0
0
0
0
0
0
0
0
0
0
0
0
0
0
0
0
0
0
0
0
0
0
0
0
0
0
0
0
0
0
0
0
0
0
0
0
0
0
0
0
0
0
0
0
0
0
0
0
0
0
0
0
0
0
0
0
0
0
0
0
0
0
0
0
0
0
0
0
0
0
0
0
0
0
0
0
0
0
0
0
0
0
0
0
0
0
0
0
0
0
0
0
0
0
0
0
0
0
0
0
0
0
0
0
0
0
0
0
0
0
0
0
0
0
0
0
0
0
0
0
0
0
0
0
0
0
0
0
0
0
0
0
0
0
0
0
0
0
0
0
0
0
0
0
0
0
0
0
0
0
0
0
0
0
0
0
0
0
0
0
0
0
0
0
0
0
0
0
0
0
0
0
0
0
0
0
0
0
0
0
0
0
0
0
0
0
0
0
0
0
0
0
0
0
0
0
0
0
0
0
0
0
0
0
0
0
0
0
0
0
0
0
0
0
0
0
0
0
0
0
0
0
0
0
0
0
0
0
0
0
0
0
0
0
0
0
0
0
0
0
0
0
0
0
0
0
0
0
0
0
0
0
0
0
0
0
0
0
0
0
0
0
0
0
0
0
0
0
0
0
0
0
0
0
0
0
0
0
0
0
0
0
0
0
0
0
0
0
0
0
0
0
0
0
0
0
0
0
0
0
0
0
0
0
0
0
0
0
0
0
0
0
0
0
0
0
0
0
0
0
0
0
0
0
0
0
0
0
0
0
0
0
0
0
0
0
0
0
0
0
0
0
0
0
0
0
0
0
0
0
0
0
0
0
0
0
0
