int
0
0
0
0
3888
0
0
0
0
2076
0
0
2081
2110
2072
2119
0
0
0
2068
0
0
0
0
2176
2053
2106
0
2195
2172
0
0
0
0
2168
0
0
0
2049
2164
2102
2191
0
0
2160
0
0
0
0
2156
0
2057
3864
2098
2187
3860
0
0
3856
0
0
2152
0
0
2148
2129
2094
2144
2183
2132
2228
2224
2220
2216
2212
2208
2204
2200
2196
2140
2136
2064
2060
2125
2090
2115
0
0
0
0
3899
0
0
0
0
3895
2121
6182
0
0
0
0
0
0
0
0
0
0
0
0
0
0
2180
2105
2142
2063
0
0
0
0
3899
0
0
0
0
3895
0
2092
2101
2138
3891
0
0
0
0
2179
0
0
0
0
2175
0
2088
2097
2134
2171
0
0
0
0
2167
0
0
0
0
2163
0
2084
2205
2130
2159
0
0
0
0
2079
0
0
0
0
2075
0
2080
2201
2126
2071
0
0
3867
0
0
3863
0
0
3859
0
0
2056
2197
2122
2155
0
0
2151
0
0
2147
2231
2227
2223
2219
2215
2052
2193
2118
2211
0
0
0
0
0
0
0
0
0
0
0
2048
2189
2114
0
0
0
0
0
0
0
0
0
0
0
0
2064
2185
6206
0
0
0
0
0
0
0
0
2215
0
0
0
2048
2109
2182
0
0
2211
0
0
0
0
0
0
0
2056
2105
2114
2079
0
0
0
0
0
0
0
3898
2075
2128
2101
0
0
0
0
0
3894
2071
0
0
0
0
2124
2097
0
3890
2179
0
0
0
0
0
0
0
3866
2120
2093
2175
0
0
0
0
0
3862
0
0
2171
0
2116
2089
0
0
3858
0
0
2167
0
0
0
0
0
2192
2085
2154
2163
0
0
0
0
0
0
0
2150
2159
2188
2081
2135
2231
2227
2223
2207
2146
2203
2199
2143
2139
2067
2184
2053
2063
6314
0
0
0
0
0
0
0
0
3860
0
0
0
0
0
2089
2102
2143
3856
0
0
0
0
0
0
0
0
2076
0
0
2085
2098
2139
0
0
0
2072
0
0
0
0
0
0
0
0
2068
2081
2206
2135
0
0
0
0
0
2216
0
0
0
0
0
0
2057
2202
2212
2131
0
0
0
0
0
0
0
2208
0
0
0
2053
2198
0
2127
0
2176
0
0
0
0
0
0
0
0
2172
2049
2194
0
2123
0
0
0
0
2168
0
0
0
0
0
0
2065
2190
2164
2119
0
0
0
0
0
0
0
2160
0
0
0
2061
2186
0
2115
0
2156
0
0
0
3897
0
0
0
0
2152
0
2182
0
3893
2111
0
0
0
2148
0
0
0
3889
0
0
0
2094
2144
2228
2224
2220
3865
6203
0
0
0
0
0
0
0
0
0
0
0
0
0
0
0
0
0
2068
2181
2102
3899
0
0
0
0
0
0
0
0
0
0
0
0
0
0
2052
2177
2098
3895
0
0
0
0
0
0
0
0
0
0
0
0
0
0
2048
2173
2094
3891
0
0
0
0
0
0
0
0
0
0
0
0
0
0
2056
2169
2090
2115
0
0
0
0
0
0
0
0
0
0
0
0
0
0
2128
2165
2086
2111
0
0
0
0
0
0
0
0
0
0
0
0
0
0
2124
2161
2082
2107
0
0
0
0
0
0
0
0
0
0
0
0
0
0
2120
2157
2194
2231
0
0
0
0
0
0
0
0
0
0
0
0
0
0
2116
2077
2190
3864
2227
0
3860
0
0
3856
0
0
2152
0
0
2148
0
0
2144
2073
2132
2216
2212
2208
2204
2200
2196
2140
2136
2064
2060
2186
6319
0
0
0
0
0
0
0
0
0
0
0
0
0
0
0
0
0
0
0
2120
2165
2062
3899
0
0
0
0
0
0
0
0
0
0
0
0
0
0
0
0
2116
2161
2206
3895
0
0
0
0
0
0
0
0
0
0
0
0
0
0
0
0
2112
2157
2202
3891
0
0
0
0
0
0
0
0
0
0
0
0
0
0
0
0
2108
2057
2198
2083
0
0
0
0
0
0
0
0
0
0
0
0
0
0
0
0
2104
2053
2194
2079
0
0
0
0
0
0
0
0
0
0
0
0
0
0
0
0
2100
2049
2190
2075
0
0
0
0
0
0
0
0
0
0
0
0
0
0
0
0
2096
2141
2186
2231
0
0
0
0
0
0
0
0
0
0
0
0
0
0
0
0
2092
2137
2182
2227
0
0
0
0
0
0
0
0
0
0
0
0
0
0
0
0
2088
2133
2178
2223
0
0
0
0
0
0
0
0
0
0
0
0
0
0
0
0
2084
2129
2174
3864
2071
0
3860
0
0
3856
0
0
2152
0
0
2148
0
0
2144
2216
2212
2208
2125
2170
6163
0
0
0
0
0
0
0
0
0
0
0
0
0
0
0
0
0
0
0
0
0
2120
2165
2210
3899
0
0
0
0
0
0
0
0
0
0
0
0
0
0
0
0
0
0
2116
2161
2078
3895
0
0
0
0
0
0
0
0
0
0
0
0
0
0
0
0
0
0
2112
2157
2074
3891
0
0
0
0
0
0
0
0
0
0
0
0
0
0
0
0
0
0
2108
2153
2070
3867
0
0
0
0
0
0
0
0
0
0
0
0
0
0
0
0
0
0
2104
2149
2194
3863
0
0
0
0
0
0
0
0
0
0
0
0
0
0
0
0
0
0
2100
2145
2190
3859
0
0
0
0
0
0
0
0
0
0
0
0
0
0
0
0
0
0
2096
2053
2186
2231
0
0
0
0
0
0
0
0
0
0
0
0
0
0
0
0
0
0
2092
2049
2182
2227
0
0
0
0
0
0
0
0
0
0
0
0
0
0
0
0
0
0
2088
2057
2178
2223
0
0
0
0
0
0
0
0
0
0
0
0
0
0
0
0
0
0
2084
2129
2174
2219
0
0
0
0
0
0
0
0
0
0
0
0
0
0
0
0
0
0
2080
2125
2132
2204
2200
2196
2140
2136
2064
2060
2170
6311
0
0
0
0
0
0
0
0
0
0
0
0
0
0
0
0
0
0
0
0
0
0
0
2096
2149
2202
3899
0
0
0
0
0
0
0
0
0
0
0
0
0
0
0
0
0
0
0
0
2092
2145
2198
3895
0
0
0
0
0
0
0
0
0
0
0
0
0
0
0
0
0
0
0
0
2088
2141
2194
3891
0
0
0
0
0
0
0
0
0
0
0
0
0
0
0
0
0
0
0
0
2084
2137
2190
3867
0
0
0
0
0
0
0
0
0
0
0
0
0
0
0
0
0
0
0
0
2080
2133
2186
3863
0
0
0
0
0
0
0
0
0
0
0
0
0
0
0
0
0
0
0
0
2076
2129
2182
3859
0
0
0
0
0
0
0
0
0
0
0
0
0
0
0
0
0
0
0
0
2072
2125
2178
2231
0
0
0
0
0
0
0
0
0
0
0
0
0
0
0
0
0
0
0
0
2068
2121
2174
2227
0
0
0
0
0
0
0
0
0
0
0
0
0
0
0
0
0
0
0
0
2064
2117
2170
2223
0
0
0
0
0
0
0
0
0
0
0
0
0
0
0
0
0
0
0
0
2060
2113
2166
2219
0
0
0
0
0
0
0
0
0
0
0
0
0
0
0
0
0
0
0
0
2056
2109
2162
2215
0
0
0
0
0
0
0
0
0
0
0
0
0
0
0
0
0
0
0
0
2052
2105
2158
2211
0
0
0
0
0
0
0
0
0
0
0
0
0
0
0
0
0
0
0
0
2048
2101
2154
6303
0
0
0
0
0
0
0
0
0
0
0
0
0
0
0
0
0
0
0
0
0
0
0
0
0
0
0
0
0
0
0
0
0
0
0
0
0
0
0
0
0
0
0
0
0
0
0
0
0
0
0
0
0
0
0
0
0
0
0
0
0
0
0
0
0
0
0
0
0
0
0
0
0
0
0
0
0
0
0
0
0
0
0
0
0
0
0
0
0
0
0
0
0
0
0
0
0
0
0
0
0
0
0
0
0
0
0
0
0
0
0
0
0
0
0
0
0
0
0
0
0
0
0
0
0
0
0
0
0
0
0
0
0
0
0
0
0
0
0
0
0
0
0
0
0
0
0
0
0
0
0
0
0
0
0
0
0
0
0
0
0
0
0
0
0
0
0
0
0
0
0
0
0
0
0
0
0
0
0
0
0
0
0
0
0
0
0
0
0
0
0
0
0
0
0
0
0
0
0
0
0
0
0
0
0
0
0
0
0
0
0
0
0
0
0
0
0
0
0
0
0
0
0
0
0
0
0
0
0
0
0
0
0
0
0
0
0
0
0
0
0
0
0
0
0
0
0
0
0
0
0
0
0
0
0
0
0
0
0
0
0
0
0
0
0
0
0
0
0
0
0
0
0
0
0
0
0
0
0
0
0
0
0
0
0
0
0
0
0
0
0
0
0
0
0
0
0
0
0
0
0
0
0
0
0
0
0
0
0
0
0
0
0
0
0
0
0
0
0
0
0
0
0
0
0
0
0
0
0
0
0
0
0
0
0
0
0
0
0
0
0
0
0
0
0
0
0
0
0
0
0
0
0
0
0
0
0
0
0
0
0
0
0
0
0
0
0
0
0
0
0
0
0
0
0
0
0
0
0
0
0
0
0
0
0
0
0
0
0
0
0
0
0
0
0
0
0
0
0
0
0
0
0
0
0
0
0
0
0
0
0
0
0
0
0
0
0
0
0
0
0
0
0
0
0
0
0
0
0
0
0
0
0
0
0
0
0
0
0
0
0
0
0
0
0
0
0
0
0
0
0
0
0
0
0
0
0
0
0
0
0
0
0
0
0
0
0
0
0
0
0
0
0
0
0
0
0
0
0
0
0
0
0
0
0
0
0
0
0
0
0
0
0
0
0
0
0
0
0
0
0
0
0
0
0
0
0
0
0
0
0
0
0
0
0
0
0
0
0
0
0
0
0
0
0
0
0
0
0
0
0
0
0
0
0
0
0
0
0
0
0
0
0
0
0
0
0
0
0
0
0
0
0
0
0
0
0
0
0
0
0
0
0
0
0
0
0
0
0
0
0
0
0
0
0
0
0
0
0
0
0
0
0
0
0
0
0
0
0
0
0
0
0
0
0
0
0
0
0
0
0
0
0
0
0
0
0
0
0
0
0
0
0
0
0
0
0
0
0
0
0
0
0
0
0
0
0
0
0
0
0
0
0
0
0
0
0
0
0
0
0
0
0
0
0
0
0
0
0
0
0
0
0
0
0
0
0
0
0
0
0
0
0
0
0
0
0
0
0
0
0
0
0
0
0
0
0
0
0
0
0
0
0
0
0
0
0
0
0
0
0
0
0
0
0
0
0
0
0
0
0
0
0
0
0
0
0
0
0
0
0
0
0
0
0
0
0
0
0
0
0
0
0
0
0
0
0
0
0
0
0
0
0
0
0
0
0
0
0
0
0
0
0
0
0
0
0
0
0
0
0
0
0
0
0
0
0
0
0
0
0
0
0
0
0
0
0
0
0
0
0
0
0
0
0
0
0
0
0
0
0
0
0
0
0
0
0
0
0
0
0
0
0
0
0
0
0
0
0
0
0
0
0
0
0
0
0
0
0
0
0
0
0
0
0
0
0
0
0
0
0
0
0
0
0
0
0
0
0
0
0
0
0
0
0
0
0
0
0
0
0
0
0
0
0
0
0
0
0
0
0
0
0
0
0
0
0
0
0
0
0
0
0
0
0
0
0
0
0
0
0
0
0
0
0
0
0
0
0
0
0
0
0
0
0
0
0
0
0
0
0
0
0
0
0
0
0
0
0
0
0
0
0
0
0
0
0
0
0
0
0
0
0
0
0
0
0
0
0
0
0
0
0
0
0
0
0
0
0
0
0
0
0
0
0
0
0
0
0
0
0
0
0
0
0
0
0
0
0
0
0
0
0
0
0
0
0
0
0
0
0
0
0
0
0
0
0
0
0
0
0
0
0
0
0
0
0
0
0
0
0
0
0
0
0
0
0
0
0
0
0
0
0
0
0
0
0
0
0
0
0
0
0
0
0
0
0
0
0
0
0
0
0
0
0
0
0
0
0
0
0
0
0
0
0
0
0
0
0
0
0
0
0
0
0
0
0
0
0
0
0
0
0
0
0
0
0
0
0
0
0
0
0
0
0
0
0
0
0
0
0
0
0
0
0
0
0
0
0
0
0
0
0
0
0
0
0
0
0
0
0
0
0
0
0
0
0
0
0
0
0
0
0
0
0
0
0
0
0
0
0
0
0
0
0
0
0
0
0
0
0
0
0
0
0
0
0
0
0
0
0
0
0
0
0
0
0
0
0
0
0
0
0
0
0
0
0
0
0
0
0
0
0
0
0
0
0
0
0
0
0
0
0
0
0
0
0
0
0
0
0
0
0
0
0
0
0
0
0
0
0
0
0
0
0
0
0
0
0
0
0
0
0
0
0
0
0
0
0
0
0
0
0
0
0
0
0
0
0
0
0
0
0
0
0
0
0
0
0
0
0
0
0
0
0
0
0
0
0
0
0
0
0
0
0
0
0
0
0
0
0
0
0
0
0
0
0
0
0
0
0
0
0
0
0
0
0
0
0
0
0
0
0
0
0
0
0
0
0
0
0
0
0
0
0
0
0
0
0
0
0
0
0
0
0
0
0
0
0
0
0
0
0
0
0
0
0
0
0
0
0
0
0
0
0
0
0
0
0
0
0
0
0
0
0
0
0
0
0
0
0
0
0
0
0
0
0
0
0
0
0
0
0
0
0
0
0
0
0
0
0
0
0
0
0
0
0
0
0
0
0
0
0
0
0
0
0
0
0
0
0
0
0
0
0
0
0
0
0
0
0
0
0
0
0
0
0
0
0
0
0
0
0
0
0
0
0
0
0
0
0
0
0
0
0
0
0
0
0
0
0
0
0
0
0
0
0
0
0
0
0
0
0
0
0
0
0
0
0
0
0
0
0
0
0
0
0
0
0
0
0
0
0
0
0
0
0
0
0
0
0
0
0
0
0
0
0
0
0
0
0
0
0
0
0
0
0
0
0
0
0
0
0
0
0
0
0
0
0
0
0
0
0
0
0
0
0
0
0
0
0
0
0
0
0
0
0
0
0
0
0
0
0
0
0
0
0
0
0
0
0
0
0
0
0
0
0
0
0
0
0
0
0
0
0
0
0
0
0
0
0
0
0
0
0
0
0
0
0
0
0
0
0
0
0
0
0
0
0
0
0
0
0
0
0
0
0
0
0
0
0
0
0
0
0
0
0
0
0
0
0
0
0
0
0
0
0
0
0
0
0
0
0
0
0
0
0
0
0
0
0
0
0
0
0
0
0
0
0
0
0
0
0
0
0
0
0
0
0
0
0
0
0
0
0
0
0
0
0
0
0
0
0
0
0
0
0
0
0
0
0
0
0
0
0
0
0
0
0
0
0
0
0
0
0
0
0
0
0
0
0
0
0
0
0
0
0
0
0
0
0
0
0
0
0
0
0
0
0
0
0
0
0
0
0
0
0
0
0
0
0
0
0
0
0
0
0
0
0
0
0
0
0
0
0
0
0
0
0
0
0
0
0
0
0
0
0
0
0
0
0
0
0
0
0
0
0
0
0
0
0
0
0
0
0
0
0
0
0
0
0
0
0
0
0
0
0
0
0
0
0
0
0
0
0
0
0
0
0
0
0
0
0
0
0
0
0
0
0
0
0
0
0
0
0
0
0
0
0
0
0
0
0
0
0
0
0
0
0
0
0
0
0
0
0
0
0
0
0
0
0
0
0
0
0
0
0
0
0
0
0
0
0
0
0
0
0
0
0
0
0
0
0
0
0
0
0
0
0
0
0
0
0
0
0
0
0
0
0
0
0
0
0
0
0
0
0
0
0
0
0
0
0
0
0
0
0
0
0
0
0
0
0
0
0
0
0
0
0
0
0
0
0
0
0
0
0
0
0
0
0
0
0
0
0
0
0
0
0
0
0
0
0
0
0
0
0
0
0
0
0
0
0
0
0
0
0
0
0
0
0
0
0
0
0
0
0
0
0
0
0
0
0
0
0
0
0
0
0
0
0
0
0
0
0
0
0
0
0
0
0
0
0
0
0
0
0
0
0
0
0
0
0
0
0
0
0
0
0
0
0
0
0
0
0
0
0
0
0
0
0
0
0
0
0
0
0
0
0
0
0
0
0
0
0
0
0
0
0
0
0
0
0
0
0
0
0
0
0
0
0
0
0
0
0
0
0
0
0
0
0
0
0
0
0
0
0
0
0
0
0
0
0
0
0
0
0
0
0
0
0
0
0
0
0
0
0
0
0
0
0
0
0
0
0
0
0
0
0
0
0
0
0
0
0
0
0
0
0
0
0
0
0
0
0
0
0
0
0
0
0
0
0
0
0
0
0
0
0
0
0
0
0
0
0
0
0
0
0
0
0
0
0
0
0
0
0
0
0
0
0
0
0
0
0
0
0
0
0
0
0
0
0
0
0
0
0
0
0
0
0
0
0
0
0
0
0
0
0
0
0
0
0
0
0
0
0
0
0
0
0
0
0
0
0
0
0
0
0
0
0
0
0
0
0
0
0
0
0
0
0
0
0
0
0
0
0
0
0
0
0
0
0
0
0
0
0
0
0
0
0
0
0
0
0
0
0
0
0
0
0
0
0
0
0
0
0
0
0
0
0
0
0
0
0
0
0
0
0
0
0
0
0
0
0
0
0
0
0
0
0
0
0
0
0
0
0
0
0
0
0
0
0
0
0
0
0
0
0
0
0
0
0
0
0
0
0
0
0
0
0
0
0
0
0
0
0
0
0
0
0
0
0
0
0
0
0
0
0
0
0
0
0
0
0
0
0
0
0
0
0
0
0
0
0
0
0
0
0
0
0
0
0
0
0
0
0
0
0
0
0
0
0
0
0
0
0
0
0
0
0
0
0
0
0
0
0
0
0
0
0
0
0
0
0
0
0
0
0
0
0
0
0
0
0
0
0
0
0
0
0
0
0
0
0
0
0
0
0
0
0
0
0
0
0
0
0
0
0
0
0
0
0
0
0
0
0
0
0
0
0
0
0
0
0
0
0
0
0
0
0
0
0
0
0
0
0
0
0
0
0
0
0
0
0
0
0
0
0
0
0
0
0
0
0
0
0
0
0
0
0
0
0
0
0
0
0
0
0
0
0
0
0
0
0
0
0
0
0
0
0
0
0
0
0
0
0
0
0
0
0
0
0
0
0
0
0
0
0
0
0
0
0
0
0
0
0
0
0
0
0
0
0
0
0
0
0
0
0
0
0
0
0
0
0
0
0
0
0
0
0
0
0
0
0
0
0
0
0
0
0
0
0
0
0
0
0
0
0
0
0
0
0
0
0
0
0
0
0
0
0
0
0
0
0
0
0
0
0
0
0
0
0
0
0
0
0
0
0
0
0
0
0
0
0
0
0
0
0
0
0
0
0
0
0
0
0
0
0
0
0
0
0
0
0
0
0
0
0
0
0
0
0
0
0
0
0
0
0
0
0
0
0
0
0
0
0
0
0
0
0
0
0
0
0
0
0
0
0
0
0
0
0
0
0
0
0
0
0
0
0
0
0
0
0
0
0
0
0
0
0
0
0
0
0
0
0
0
0
0
0
0
0
0
0
0
0
0
0
0
0
0
0
0
0
0
0
0
0
0
0
0
0
0
0
