hex
0
0
0
0
0
0
0
0
0
0
0
0
0
0
0
0
0
0
0
0
0
0
0
0
0
0
0
0
0
0
0
0
0
0
0
0
0
0
0
0
0
0
0
0
0
0
0
0
bf9f804d
33000000
3ba89092
1200c000
3f7ea284
6c018000
bab4242f
e3900000
3f9fad56
3ec70000
3f363d2e
9c008000
3f7f1099
c014000
3b40a539
39020000
bf369740
b3908000
3ab4242f
e3c78000
3f363d2e
9c004000
3f7f1099
c010000
3b40a539
3901c000
bf369740
b3904000
3ab4242f
e3c74000
3f363d2e
9c000000
3f7f1099
c00c000
3b40a539
39018000
bf369740
b3900000
3ab4242f
e3c70000
0
0
0
0
0
0
0
0
0
0
0
0
0
0
0
0
0
0
0
0
0
0
0
0
0
0
0
0
0
0
0
0
0
0
0
0
0
0
0
0
0
0
0
0
0
0
