int
0
2083
0
3844
2075
0
3653
3840
3622
2055
0
2092
2051
3593
2119
2076
3590
2063
2056
3651
3625
2084
3619
3658
3587
2123
2115
2111
2107
2103
2099
2091
2071
6163
3595
3587
2084
3657
2060
3622
2080
2093
2072
2123
3588
3625
2052
3654
2048
2077
2116
3648
3616
2057
3846
2115
2111
2107
3842
2103
2099
2091
2071
6163
3591
3587
2084
3653
2060
3658
2080
2093
3592
2123
2072
3621
2052
3626
2048
2077
2116
3648
3616
2057
3846
2115
2111
2107
3842
2103
2099
2091
2071
6163
3619
3587
2084
3657
2060
3590
2080
2077
3620
2123
2072
3593
2052
3654
2048
2093
2116
3648
3624
2057
3846
2115
2111
2107
3842
2103
2099
2091
2071
6163
3651
3627
3595
2123
2092
3585
2115
2072
3654
2111
2084
2065
2107
2080
3846
2103
2056
2053
3588
2099
2060
3842
3620
3617
2116
2091
2079
3658
2049
6167
0
0
0
0
2095
0
3592
2053
3846
2083
0
0
2059
2060
2065
2075
3842
0
2087
0
3584
3621
2119
3651
3658
3627
3591
2048
3617
2123
2115
2111
3654
2107
2103
2099
2091
2079
6167
3619
3587
2084
3653
2060
3658
3624
2077
2080
2123
2072
3589
2052
3594
2048
2093
2116
3648
3620
2057
3846
2115
2111
2107
3842
2103
2099
2091
2071
6163
0
0
0
0
2095
0
2060
2053
3846
2083
0
0
2059
3588
3625
2075
3842
0
2087
0
3584
2065
2119
3651
3658
3623
3595
2048
3617
2123
2115
2111
3654
2107
2103
2099
2091
2079
6167
3651
3623
3591
2123
2092
3585
2115
2072
3658
2111
2084
2065
2107
2080
3846
2103
2056
2053
2116
2099
3624
3842
2060
3617
3592
2091
2079
3654
2049
6167
3619
3587
2084
2077
2060
3622
3652
3593
2080
2123
2072
2093
2052
3590
2048
3625
2116
3656
3648
2057
3846
2115
2111
2107
3842
2103
2099
2091
2071
6163
0
2119
0
3655
2068
2057
3622
2083
0
2092
3649
2055
3846
2076
3591
3625
2063
2084
3842
3659
2072
2049
3619
3586
3595
2123
2115
2111
2107
2103
2099
2091
6163
0
0
0
0
2095
0
3592
3845
2070
2079
0
0
0
2060
2087
3625
3654
2075
0
2055
3584
2119
0
3621
3650
2083
3659
2056
3619
3591
3841
2050
2123
2115
2111
2107
2103
2099
2091
6163
0
3655
0
2075
3592
2053
3590
3623
0
2068
3649
2063
3842
2076
2051
2093
3659
2084
3846
3627
2080
2057
2116
2066
3587
2123
3617
2115
2111
2107
2103
2099
6187
0
0
2083
0
2063
3584
3649
3846
3655
0
2119
2048
3623
2053
3842
2099
0
2092
3591
3659
2057
2084
2070
3627
3595
2072
2123
3617
2115
2066
2111
2107
2103
2091
6175
0
0
0
2075
0
0
0
2087
2056
3845
3586
2083
0
2123
0
2119
0
3620
3841
2050
2099
3659
3627
3591
2115
2111
3616
2061
2070
2107
2103
2091
2079
0
0
3592
3653
2066
0
0
0
0
0
2094
2052
7745
0
0
0
0
2079
0
3616
2053
3590
2087
0
0
2083
2064
3653
2051
3842
2119
0
2075
2060
3649
3659
3623
3594
3587
2123
2056
3625
2115
2111
3846
2092
2107
2103
2069
2099
6187
0
0
0
2075
0
0
0
2087
3624
3845
3586
2083
0
2119
0
2099
3659
2056
3841
2050
3623
3595
2123
2115
2111
2107
3616
2061
2070
2103
2091
2079
0
0
0
2052
3653
2066
0
0
0
0
0
2094
3588
7745
0
0
0
2075
0
0
0
2087
3624
3845
3586
2083
0
2119
0
2099
3659
2056
3841
2050
3623
3591
2123
2115
2111
2107
3616
2061
2070
2103
2091
2079
0
0
0
3592
3653
2066
0
0
0
0
0
2094
2052
7745
3619
3587
2084
2077
3656
3594
2060
3589
2080
2123
2072
2093
2052
3626
2048
3621
2116
3652
3648
2057
3846
2115
2111
2107
3842
2103
2099
2091
2071
6163
0
0
0
0
2095
0
2060
3845
3658
2079
0
0
0
3588
2087
3625
2070
2075
0
2055
3584
2119
0
3621
3650
2083
3655
2056
3619
3595
3841
2050
2123
2115
2111
2107
2103
2099
2091
6163
0
3659
0
2119
2068
2057
3626
2083
0
2092
3649
3595
3846
2076
2055
3621
2063
2084
3842
3655
2072
2049
3619
3586
3591
2123
2115
2111
2107
2103
2099
2091
6163
0
0
0
0
2079
0
3616
3657
3590
2087
0
0
2083
2064
2053
2051
3842
2119
0
2075
2060
3649
3655
3627
3594
3587
2123
2056
2069
2115
2111
3846
2092
2107
2103
3621
2099
6187
0
0
0
2075
0
0
0
2087
2056
3845
3586
2083
0
2119
0
2099
3655
3620
3841
2050
3627
3595
2123
2115
2111
2107
3616
3657
2070
2103
2091
2079
0
0
0
2052
2061
2066
0
0
0
0
0
2094
3588
7745
0
0
0
2075
0
0
0
2087
2056
3845
3586
2083
0
2119
0
2099
3655
3620
3841
2050
3627
3591
2123
2115
2111
2107
3616
3657
2070
2103
2091
2079
0
0
0
3592
2061
2066
0
0
0
0
0
2094
2052
7745
0
2119
0
3627
3588
2053
3594
2075
0
2068
3649
2063
3842
2076
2051
2093
3655
2084
3846
3623
2080
2057
3656
2066
3587
2123
3617
2115
2111
2107
2103
2099
6187
0
0
0
2075
0
0
0
2087
3624
3845
3586
2083
0
2123
0
2119
0
2056
3841
2050
2099
3655
3623
3595
2115
2111
3616
3657
2070
2107
2103
2091
2079
0
0
2052
2061
2066
0
0
0
0
0
2094
3588
7745
0
0
2083
0
3659
3584
3649
3846
2063
0
3627
2048
2119
2053
3842
3595
0
2092
2099
3655
2057
2084
2070
3623
3591
2072
2123
3617
2115
2066
2111
2107
2103
2091
6175
0
0
2083
0
2099
3584
3649
3846
2119
3659
3655
2048
3627
2053
3842
3623
3595
2092
3591
2123
2057
2084
2070
2115
2111
2072
2107
3617
2103
2066
2091
2079
6159
0
0
2083
0
2063
2052
3649
3846
3655
0
2119
3616
2093
3623
3842
2099
0
2064
3585
3591
3659
2084
2058
3627
2049
2072
3595
2123
2115
2070
2111
2107
2103
2091
6175
0
0
0
2075
0
0
0
2087
2056
3845
3586
2083
0
2123
0
2119
0
3620
3841
2050
2099
3659
3627
3591
2115
2111
3616
2061
2070
2107
2103
2091
2079
0
0
3592
3653
2066
0
0
0
0
0
2094
2052
7745
0
0
0
2075
0
0
0
2087
3624
3845
3586
2083
0
2119
0
2099
3659
2056
3841
2050
3623
3595
2123
2115
2111
2107
3616
2061
2070
2103
2091
2079
0
0
0
2052
3653
2066
0
0
0
0
0
2094
3588
7745
0
0
0
2075
0
0
0
2087
3624
3845
3586
2083
0
2119
0
2099
3659
2056
3841
2050
3623
3591
2123
2115
2111
2107
3616
2061
2070
2103
2091
2079
0
0
0
3592
3653
2066
0
0
0
0
0
2094
2052
7745
0
0
0
2075
0
0
0
2087
2056
3845
3586
2083
0
2119
0
2099
3655
3620
3841
2050
3627
3595
2123
2115
2111
2107
3616
3657
2070
2103
2091
2079
0
0
0
2052
2061
2066
0
0
0
0
0
2094
3588
7745
0
0
0
2075
0
0
0
2087
2056
3845
3586
2083
0
2119
0
2099
3655
3620
3841
2050
3627
3591
2123
2115
2111
2107
3616
3657
2070
2103
2091
2079
0
0
0
3592
2061
2066
0
0
0
0
0
2094
2052
7745
0
0
0
2075
0
0
0
2087
3624
3845
3586
2083
0
2123
0
2119
0
2056
3841
2050
2099
3655
3623
3595
2115
2111
3616
3657
2070
2107
2103
2091
2079
0
0
2052
2061
2066
0
0
0
0
0
2094
3588
7745
0
0
2083
0
3659
3584
3649
3846
2063
0
3627
2048
2119
2053
3842
3595
0
2092
2099
3655
2057
2084
2070
3623
3591
2072
2123
3617
2115
2066
2111
2107
2103
2091
6175
0
0
2083
0
2099
3584
3649
3846
2119
3659
3655
2048
3627
2053
3842
3623
3595
2092
3591
2123
2057
2084
2070
2115
2111
2072
2107
3617
2103
2066
2091
2079
6159
0
0
0
0
0
0
0
0
0
0
0
0
0
0
0
0
0
0
0
0
0
0
0
0
0
0
0
0
0
0
0
0
0
0
0
0
0
0
0
0
0
0
0
0
0
0
0
0
0
0
0
0
0
0
0
0
0
0
0
0
0
0
0
0
0
0
0
0
0
0
0
0
0
0
0
0
0
0
0
0
0
0
0
0
0
0
0
0
0
0
0
0
0
0
0
0
0
0
0
0
0
0
0
0
0
0
0
0
0
0
0
0
0
0
0
0
0
0
0
0
0
0
0
0
0
0
0
0
0
0
0
0
0
0
0
0
0
0
0
0
0
0
0
0
0
0
0
0
0
0
0
0
0
0
0
0
0
0
0
0
0
0
0
0
0
0
0
0
0
0
0
0
0
0
0
0
0
0
0
0
0
0
0
0
0
0
0
0
0
0
0
0
0
0
0
0
0
0
0
0
0
0
0
0
0
0
0
0
0
0
0
0
0
0
0
0
0
0
0
0
0
0
0
0
0
0
0
0
0
0
0
0
0
0
0
0
0
0
0
0
0
0
0
0
0
0
0
0
0
0
0
0
0
0
0
0
0
0
0
0
0
0
0
0
0
0
0
0
0
0
0
0
0
0
0
0
0
0
0
0
0
0
0
0
0
0
0
0
0
0
0
0
0
0
0
0
0
0
0
0
0
0
0
0
0
0
0
0
0
0
0
0
0
0
0
0
0
0
0
0
0
0
0
0
0
0
0
0
0
0
0
0
0
0
0
0
0
0
0
0
0
0
0
0
0
0
0
0
0
0
0
0
0
0
0
0
0
0
0
0
0
0
0
0
0
0
0
0
0
0
0
0
0
0
0
0
0
0
0
0
0
0
0
0
0
0
0
0
0
0
0
0
0
0
0
0
0
0
0
0
0
0
0
0
0
0
0
0
0
0
0
0
0
0
0
0
0
0
0
0
0
0
0
0
0
0
0
0
0
0
0
0
0
0
0
0
0
0
0
0
0
0
0
0
0
0
0
0
0
0
0
0
0
0
0
0
0
0
0
0
0
0
0
0
0
0
0
0
0
0
0
0
0
0
0
0
0
0
0
0
0
0
0
0
0
0
0
0
0
0
0
0
0
0
0
0
0
0
0
0
0
0
0
0
0
0
0
0
0
0
0
0
0
0
0
0
0
0
0
0
0
0
0
0
0
0
0
0
0
0
0
0
0
0
0
0
0
0
0
0
0
0
0
0
0
0
0
0
0
0
0
0
0
0
0
0
0
0
0
0
0
0
0
0
0
0
0
0
0
0
0
0
0
0
0
0
0
0
0
0
0
0
0
0
0
0
0
0
0
0
0
0
0
0
0
0
0
0
0
0
0
0
0
0
0
0
0
0
0
0
0
0
0
0
0
0
0
0
0
0
0
0
0
0
0
0
0
0
0
0
0
0
0
0
0
0
0
0
0
0
0
0
0
0
0
0
0
0
0
0
0
0
0
0
0
0
0
0
0
0
0
0
0
0
0
0
0
0
0
0
0
0
0
0
0
0
0
0
0
0
0
0
0
0
0
0
0
0
0
0
0
0
0
0
0
0
0
0
0
0
0
0
0
0
0
0
0
0
0
0
0
0
0
0
0
0
0
0
0
0
0
0
0
0
0
0
0
0
0
0
0
0
0
0
0
0
0
0
0
0
0
0
0
0
0
0
0
0
0
0
0
0
0
0
0
0
0
0
0
0
0
0
0
0
0
0
0
0
0
0
0
0
0
0
0
0
0
0
0
0
0
0
0
0
0
0
0
0
0
0
0
0
0
0
0
0
0
0
0
0
0
0
0
0
0
0
0
0
0
0
0
0
0
0
0
0
0
0
0
0
0
0
0
0
0
0
0
0
0
0
0
0
0
0
0
0
0
0
0
0
0
0
0
0
0
0
0
0
0
0
0
0
0
0
0
0
0
0
0
0
0
0
0
0
0
0
0
0
0
0
0
0
0
0
0
0
0
0
0
0
0
0
0
0
0
0
0
0
0
0
0
0
0
0
0
0
0
0
0
0
0
0
0
0
0
0
0
0
0
0
0
0
0
0
0
0
0
0
0
0
0
0
0
0
0
0
0
0
0
0
0
0
0
0
0
0
0
0
0
0
0
0
0
0
0
0
0
0
0
0
0
0
0
0
0
0
0
0
0
0
0
0
0
0
0
0
0
0
0
0
0
0
0
0
0
0
0
0
0
0
0
0
0
0
0
0
0
0
0
0
0
0
0
0
0
0
0
0
0
0
0
0
0
0
0
0
0
0
0
0
0
0
0
0
0
0
0
0
0
0
0
0
0
0
0
0
0
0
0
0
0
0
0
0
0
0
0
0
0
0
0
0
0
0
0
0
0
0
0
0
0
0
0
0
0
0
0
0
0
0
0
0
0
0
0
0
0
0
0
0
0
0
0
0
0
0
0
0
0
0
0
0
0
0
0
0
0
0
0
0
0
0
0
0
0
0
0
0
0
0
0
0
0
0
0
0
0
0
0
0
0
0
0
0
0
0
0
0
0
0
0
0
0
0
0
0
0
0
0
0
0
0
0
0
0
0
0
0
0
0
0
0
0
0
0
0
0
0
0
0
0
0
0
0
0
0
0
0
0
0
0
0
0
0
0
0
0
0
0
0
0
0
0
0
0
0
0
0
0
0
0
0
0
0
0
0
0
0
0
0
0
0
0
0
0
0
0
0
0
0
0
0
0
0
0
0
0
0
0
0
0
0
0
0
0
0
0
0
0
0
0
0
0
0
0
0
0
0
0
0
0
0
0
0
0
0
0
0
0
0
0
0
0
0
0
0
0
0
0
0
0
0
0
0
0
0
0
0
0
0
0
0
0
0
0
0
0
0
0
0
0
0
0
0
0
0
0
0
0
0
0
0
0
0
0
0
0
0
0
0
0
0
0
0
0
0
0
0
0
0
0
0
0
0
0
0
0
0
0
0
0
0
0
0
0
0
0
0
0
0
0
0
0
0
0
0
0
0
0
0
0
0
0
0
0
0
0
0
0
0
0
0
0
0
0
0
0
0
0
0
0
0
0
0
0
0
0
0
0
0
0
0
0
0
0
0
0
0
0
0
0
0
0
0
0
0
0
0
0
0
0
0
0
0
0
0
0
0
0
0
0
0
0
0
0
0
0
0
0
0
0
0
0
0
0
0
0
0
0
0
0
0
0
0
0
0
0
0
0
0
0
0
0
0
0
0
0
0
0
0
0
0
0
0
0
0
0
0
0
0
0
0
0
0
0
0
0
0
0
0
0
0
0
0
0
0
0
0
0
0
0
0
0
0
0
0
0
0
0
0
0
0
0
0
0
0
0
0
0
0
0
0
0
0
0
0
0
0
0
0
0
0
0
0
0
0
0
0
0
0
0
0
0
0
0
0
0
0
0
0
0
0
0
0
0
0
0
0
0
0
0
0
0
0
0
0
0
0
0
0
0
0
0
0
0
0
0
0
0
0
0
0
0
0
0
0
0
0
0
0
0
0
0
0
0
0
0
0
0
0
0
0
0
0
0
0
0
0
0
0
0
0
0
0
0
0
0
0
0
0
0
0
0
0
0
0
0
0
0
0
0
0
0
0
0
0
0
0
0
0
0
0
0
0
0
0
0
0
0
0
0
0
0
0
0
0
0
0
0
0
0
0
0
0
0
0
0
0
0
0
0
0
0
0
0
0
0
0
0
0
0
0
0
0
0
0
0
0
0
0
0
0
0
0
0
0
0
0
0
0
0
0
0
0
0
0
0
0
0
0
0
0
0
0
0
0
0
0
0
0
0
0
0
0
0
0
0
0
0
0
0
0
0
0
0
0
0
0
0
0
0
0
0
0
0
0
0
0
0
0
0
0
0
0
0
0
0
0
0
0
0
0
0
0
0
0
0
0
0
0
0
0
0
0
0
0
0
0
0
0
0
0
0
0
0
0
0
0
0
0
0
0
0
0
0
0
0
0
0
0
0
0
0
0
0
0
0
0
0
0
0
0
0
0
0
0
0
0
0
0
0
0
0
0
0
0
0
0
0
0
0
0
0
0
0
0
0
0
0
0
0
0
0
0
0
0
0
0
0
0
0
0
0
0
0
0
0
0
0
0
0
0
0
0
0
0
0
0
0
0
0
0
0
0
0
0
0
0
0
0
0
0
0
0
0
0
0
0
0
0
0
0
0
0
0
0
0
0
0
0
0
0
0
0
0
0
0
0
0
0
0
0
0
0
0
0
0
0
0
0
0
0
0
0
0
0
0
0
0
0
0
0
0
0
0
0
0
0
0
0
0
0
0
0
0
0
0
0
0
0
0
0
0
0
0
0
0
0
0
0
0
0
0
0
0
0
0
0
0
0
0
0
0
0
0
0
0
0
0
0
0
0
0
0
0
0
0
0
0
0
0
0
0
0
0
0
0
0
0
0
0
0
0
0
0
0
0
0
0
0
0
0
0
0
0
0
0
0
0
0
0
0
0
0
0
0
0
0
0
0
0
0
0
0
0
0
0
0
0
0
0
0
0
0
0
0
0
0
0
0
0
0
0
0
0
0
0
0
0
0
0
0
0
0
0
0
0
0
0
0
0
0
0
0
0
0
0
0
0
0
0
0
0
0
0
0
0
0
0
0
0
0
0
0
0
0
0
0
0
0
0
0
0
0
0
0
0
0
0
0
0
0
0
0
0
0
0
0
0
0
0
0
0
0
0
0
0
0
0
0
0
0
0
0
0
0
0
0
0
0
0
0
0
0
0
0
0
0
0
0
0
0
0
0
0
0
0
0
0
0
0
0
0
0
0
0
0
0
0
0
0
0
0
0
0
0
0
0
0
0
0
0
0
0
0
0
0
0
0
0
0
0
0
0
0
0
0
0
0
0
0
0
0
0
0
0
0
0
0
0
0
0
0
0
0
0
0
0
0
0
0
0
0
0
0
0
0
0
0
0
0
0
0
0
0
0
0
0
0
0
0
0
0
0
0
0
0
0
0
0
0
0
0
0
0
0
0
0
0
0
0
0
0
0
0
0
0
0
0
0
0
0
0
0
0
0
0
0
0
0
0
0
0
0
0
0
0
0
0
0
0
0
0
0
0
0
0
0
0
0
0
0
0
0
0
0
0
0
0
0
0
0
0
0
0
0
0
0
0
0
0
0
0
0
0
0
0
0
0
0
0
0
0
0
0
0
0
0
0
0
0
0
0
0
0
0
0
0
0
0
0
0
0
0
0
0
0
0
0
0
0
0
0
0
0
0
0
0
0
0
0
0
0
0
0
0
0
0
0
0
0
0
0
0
0
0
0
0
0
0
0
0
0
0
0
0
0
0
0
0
0
0
0
0
0
0
0
0
0
0
0
0
0
0
0
0
0
0
0
0
0
0
0
0
0
0
0
0
0
0
0
0
0
0
0
0
0
0
0
0
0
0
0
0
0
0
0
0
0
0
0
0
0
0
0
0
0
0
0
0
0
0
0
0
0
0
0
0
0
0
0
0
0
0
0
0
0
0
0
0
0
0
0
0
0
0
0
0
0
0
0
0
0
0
0
0
0
0
0
0
0
0
0
0
0
0
0
0
0
0
0
0
0
0
0
0
0
0
0
0
0
0
0
0
0
0
0
0
0
0
0
0
0
0
0
0
0
0
0
0
0
0
0
0
0
0
0
0
0
0
0
0
0
0
0
0
0
0
0
0
0
0
0
0
0
0
0
0
0
0
0
0
0
0
0
0
0
0
0
0
0
0
0
0
0
0
0
0
0
0
0
0
0
0
0
0
0
0
0
0
0
0
0
0
0
0
0
0
0
0
0
0
0
0
0
0
0
0
0
0
0
0
0
0
0
0
0
0
0
0
0
0
0
0
0
0
0
0
0
0
0
0
0
0
0
0
0
0
0
0
0
0
0
0
0
0
0
0
0
0
0
0
0
0
0
0
0
0
0
0
0
0
0
0
0
0
0
0
0
0
0
0
0
0
0
0
0
0
0
0
0
0
0
0
0
0
0
0
0
0
0
0
0
0
0
0
0
0
0
0
0
0
0
0
0
0
0
0
0
0
0
0
0
0
0
0
0
0
0
0
0
0
0
0
0
0
0
0
