hex
80000000
0
80000000
4000
0
8000
0
c000
0
10000
0
14000
0
18000
0
1c000
0
20000
0
24000
0
28000
0
2c000
0
30000
0
34000
0
38000
0
3c000
36dfb1a8
70c50000
b65fb1a8
70c54000
b65fb1a8
70c58000
0
4000
b65fb1a8
70c50000
b65fb1a8
70c54000
36dfb1a8
70c58000
0
0
0
4000
0
8000
0
c000
0
10000
b65fb1a8
70c50000
36dfb1a8
70c54000
b65fb1a8
70c58000
0
0
0
0
0
4000
0
0
0
4000
0
8000
0
c000
0
10000
0
14000
0
18000
0
1c000
0
0
0
4000
0
8000
0
c000
0
10000
0
14000
0
18000
0
0
0
4000
0
0
0
0
0
4000
0
0
3f800000
908000
3f800000
904000
3f800000
900000
0
0
0
0
0
0
0
0
0
0
0
0
0
4000
0
0
0
4000
0
8000
0
c000
0
10000
0
14000
0
18000
0
1c000
0
0
0
4000
0
8000
0
c000
0
10000
0
14000
0
18000
0
1c000
0
20000
0
24000
0
28000
bf800000
4000
bf800000
0
0
4000
3f800000
908000
3f800000
904000
3f800000
900000
0
0
0
0
0
0
b7b030bb
f5000000
9baeadf4
53004000
0
8000
0
0
0
4000
0
8000
0
c000
0
10000
0
14000
0
18000
0
1c000
0
0
0
4000
0
8000
0
c000
0
10000
0
14000
0
18000
0
1c000
0
20000
0
24000
0
0
0
0
0
0
0
4000
0
0
3f800000
908000
3f800000
904000
3f800000
900000
0
0
0
0
0
0
3f800000
0
3f800000
4000
0
0
0
4000
0
8000
befa29c7
7a00c000
0
10000
0
14000
0
18000
3f800000
904000
0
0
0
4000
0
8000
0
c000
3f800000
10000
0
14000
0
18000
0
1c000
0
0
0
4000
0
8000
3f800000
c000
3f800000
10000
3f800000
c000
bf800000
4000
bf800000
0
0
4000
0
0
0
0
0
0
47c35000
4000
47c35000
0
3dccccbf
61000000
23fbbbbc
da004000
bdccccbf
61000000
bdccccbf
61004000
0
0
0
4000
0
8000
c594c800
c000
c594c800
10000
0
14000
be4cccbf
61000000
bdccccbf
61004000
0
8000
0
c000
0
10000
0
14000
0
18000
0
1c000
0
0
0
4000
0
8000
0
c000
befa29c7
7a010000
3f800000
908000
3f800000
10000
3f800000
c000
0
0
3f800000
10000
3f800000
c000
0
0
0
0
0
0
befa29c7
7a00c000
3f800000
904000
befa29c7
7a008000
3f800000
900000
befa29c7
7a010000
3f800000
908000
3f800000
10000
3f800000
c000
3f800000
8000
0
0
0
4000
0
8000
3f800000
10000
0
0
3f800000
c000
3f800000
8000
bf800000
4000
bf800000
0
0
4000
0
0
0
0
0
0
0
0
0
0
0
0
0
0
0
0
0
0
0
0
0
0
0
0
0
0
0
0
0
0
0
0
0
0
0
0
0
0
0
0
0
0
0
0
0
0
0
0
0
0
0
0
0
0
0
0
9baeadf4
53000000
b7b030bb
f5004000
9baeadf4
5300c000
3f7ffe9f
9f010000
befa29c7
7a010000
3f800000
908000
befa29c7
7a00c000
3f800000
904000
0
0
0
4000
befa29c7
7a008000
0
c000
3f800000
900000
befa29c7
7a010000
3f800000
908000
befa29c7
7a00c000
3f800000
904000
befa29c7
7a008000
3f800000
900000
3f800000
10000
3f800000
c000
0
0
0
4000
3f800000
8000
0
c000
3f800000
10000
3f800000
c000
0
0
3f800000
8000
0
0
0
0
0
0
0
0
0
0
0
0
0
0
0
0
0
0
0
0
0
0
0
0
0
0
0
0
0
0
0
0
0
0
0
0
0
0
0
0
0
0
0
0
0
0
0
0
0
0
0
0
0
0
0
0
0
0
0
0
0
0
0
0
