int
0
0
2287
0
0
2167
0
0
2279
0
0
2275
2116
2081
2154
2271
0
0
2163
0
2267
0
2255
0
2251
2112
2157
2150
2359
0
2247
0
2243
0
2049
2239
0
2343
2108
2235
2146
2231
2057
2227
0
2223
0
2219
0
2215
2077
2104
2211
2142
2187
0
2175
0
3865
2199
0
2195
0
2191
2100
2291
3861
2138
2283
2371
2367
2363
2355
2351
3857
2347
2339
2096
2335
2331
2134
2327
2073
2323
2319
2315
2311
2307
2303
2299
2092
2069
2295
2130
2207
2203
2183
2179
2067
2053
2063
0
3929
2088
0
3925
2126
0
3921
0
0
2261
0
0
2257
0
2084
2169
0
6218
0
0
0
0
2295
0
0
0
0
2063
0
0
2116
2081
2154
2299
0
0
0
2303
0
0
2263
0
0
2112
2157
2150
2259
0
0
2183
0
0
2049
2179
0
0
2108
2175
2146
0
2057
2171
0
0
2287
0
0
2167
2077
2104
2279
2142
0
2275
0
0
3865
2271
0
0
2163
0
2100
2251
3861
2138
2247
0
2243
0
2359
0
3857
2239
0
2096
2235
0
2134
2231
2073
2343
0
2227
0
2223
0
2219
2092
2069
2215
2130
2211
0
2191
0
2187
2053
2199
0
2195
2088
3929
2291
2126
2283
0
3925
2267
0
2255
2371
3921
2367
2084
2363
2355
2065
2122
2351
2347
2339
2335
2331
2327
2323
2319
2315
2311
2307
2207
6299
0
0
0
2199
0
0
0
2243
0
2076
0
2291
2113
2154
0
2239
0
0
0
2072
2235
0
0
0
2195
2109
2150
0
2191
2068
0
0
2187
0
0
0
2219
0
2105
3864
2146
2215
0
0
0
2211
0
0
3931
3860
0
2101
3927
2142
0
3923
0
0
2167
3856
0
2279
0
0
2097
2275
2138
0
2271
2064
0
2163
0
0
2263
0
0
2093
2259
2060
2134
2171
0
0
2287
0
2251
0
2247
2056
2089
2231
0
2130
2359
0
2227
0
2223
2052
2175
0
2343
2085
2283
0
2126
2267
0
2048
2255
2371
2367
2204
2363
2355
2081
2312
2351
2122
2347
2308
2339
2335
2331
2304
2327
2323
2319
2200
2157
2303
2118
2299
2295
2183
6275
0
0
0
0
0
0
0
2294
0
0
0
0
2096
3929
2306
2063
0
0
2298
0
0
0
2290
0
0
2092
2238
3925
0
2059
2234
0
0
0
2194
0
0
0
2088
2190
0
3921
0
2186
2055
0
0
2218
0
0
0
2084
2214
0
0
3865
2210
2131
0
0
2206
0
0
0
2080
2202
0
0
0
3861
2198
2127
0
0
2242
0
0
2156
2314
0
0
0
2310
3857
2123
0
2302
0
0
2174
2152
0
2170
0
0
2286
0
2049
2166
2119
0
2278
0
2148
2274
0
0
2270
0
0
2162
2077
2115
2262
0
0
2144
2258
0
0
2182
0
0
2178
0
2073
2246
2111
2230
2140
2226
0
2358
0
2222
0
2282
0
2266
2069
2342
2107
2136
2254
0
2250
2370
2366
2362
2354
2350
2346
2338
2065
2334
2132
2330
2326
2322
2318
6199
0
0
0
0
2235
0
0
0
0
2231
0
0
2116
0
2105
2062
2227
0
0
0
0
2223
0
0
0
2112
2219
0
0
2149
2066
2291
0
0
0
0
2215
0
2156
0
0
2211
0
0
2145
2110
2052
2187
0
0
3931
0
0
3927
2048
0
3923
0
2154
2101
2167
0
2076
2263
0
0
2259
0
0
2163
3864
2142
2195
0
2097
2191
0
0
3860
2287
0
0
2171
0
2138
2279
3856
0
2275
2093
0
2271
0
2175
2072
2283
0
2134
2267
0
2359
0
2068
2255
2089
2251
0
2247
0
2343
2056
2130
2199
2371
2367
2240
2363
2355
2351
2085
2324
2347
2339
2335
2126
2320
2331
2315
2311
2307
2316
2303
2299
2295
2081
2236
2207
2122
2203
2183
6275
0
0
0
0
2215
0
0
0
0
2211
0
0
2116
0
2295
0
0
2061
3930
2291
0
0
0
0
2195
2112
0
0
0
2243
0
0
0
0
2239
2065
3926
0
2156
2235
0
0
0
0
2231
0
0
0
0
2327
0
2152
0
2109
3922
2323
0
0
0
0
2319
0
0
0
2140
2227
0
0
0
2299
0
2105
2102
2187
0
0
0
2136
2303
0
0
2167
0
0
2287
3864
0
2163
0
2149
2098
2279
0
3860
2275
0
0
2271
0
0
2191
3856
0
2263
0
0
2259
2145
2094
2072
2183
0
0
2179
0
0
2175
2068
0
2171
2133
2283
0
2267
0
2056
2090
2255
0
2359
0
2251
0
2052
2129
2247
0
2199
0
2343
2371
2048
2367
2363
2086
2355
2351
2125
2347
2076
2339
2335
2331
2315
2220
2311
2307
2207
2203
2216
2121
0
6178
0
0
0
0
0
0
2225
0
0
0
0
0
0
2221
0
0
0
0
0
0
2217
0
2104
2078
2095
0
0
2213
0
0
0
0
0
0
2209
0
0
0
0
0
0
2205
0
0
0
2100
2074
2091
2201
0
0
0
0
0
0
2197
0
0
0
0
0
0
2193
0
0
0
0
0
2096
2189
2070
2087
0
0
0
0
2185
0
0
0
0
2132
0
2241
0
0
0
0
0
0
2325
0
0
2066
2128
3867
0
2321
0
0
0
0
0
0
2317
0
0
2124
0
0
0
2313
0
0
0
0
2062
0
2309
3863
2120
0
0
0
0
2305
0
0
0
0
0
0
2237
2116
0
0
0
0
0
2233
2058
0
3929
3859
0
3925
2112
0
3921
0
0
2269
0
0
2161
0
0
2261
0
2156
2257
0
0
2169
2054
0
2285
2083
0
2165
0
0
2152
2277
0
0
2273
0
2281
0
2265
0
2253
0
2357
2140
2249
2050
2245
0
2173
2151
2341
2369
2365
2361
2353
2349
2136
2345
2337
2333
2329
2301
2297
2228
2293
2181
2177
0
2110
0
2288
0
6243
0
0
0
0
0
0
0
0
0
0
0
0
2132
0
0
0
0
0
0
0
0
0
0
0
0
2128
2105
2078
3931
0
0
0
0
0
0
0
0
0
2124
0
0
0
0
0
0
0
2304
0
0
0
0
0
0
2101
2292
2074
3927
0
0
0
0
2216
0
0
0
0
0
0
2212
0
0
0
0
0
0
2208
0
0
0
0
2097
0
2204
2070
3923
0
0
0
0
2200
0
0
0
0
0
0
2196
0
0
0
0
0
0
2192
0
0
0
2093
0
0
2188
2066
3867
0
0
0
0
2184
0
0
0
0
0
0
2240
0
0
0
0
0
0
2236
0
0
2089
0
0
0
2324
2062
3863
0
0
0
0
2320
0
0
0
0
0
0
2316
0
0
0
0
0
0
2312
0
2085
0
0
0
0
2308
2058
3859
0
0
0
0
2232
2121
0
0
0
0
0
2228
0
0
0
0
0
0
2288
2117
0
0
0
0
0
2224
2054
2083
0
0
0
0
2220
2113
0
0
2296
0
0
0
2300
0
0
2176
0
0
2276
2157
0
2272
0
0
2268
2050
2151
2172
0
0
2260
0
2153
2256
0
0
2168
0
0
2164
0
0
2160
0
0
2180
2141
0
2284
0
2340
0
2252
2110
2248
2147
2356
0
2244
2137
2280
0
2264
2368
2364
2360
2352
2348
2344
2336
2332
6424
0
0
0
0
2255
0
0
0
0
2251
0
0
2084
0
2153
2118
2247
0
0
0
0
2291
0
0
0
2080
2243
0
0
2061
2114
2239
0
0
0
0
2339
0
2148
0
0
2335
0
0
2065
2158
2052
2331
0
0
0
0
2235
0
2048
3931
0
0
2146
2141
3927
0
2076
3923
0
0
2275
0
0
2271
3864
2110
2171
0
2137
2263
0
0
3860
2259
0
0
2167
0
2106
2163
3856
0
2287
2133
0
2195
0
0
2072
2279
0
2102
2175
0
2283
0
2068
2267
2129
2359
0
2231
0
2227
2056
2098
2223
0
2343
2208
2199
2371
2367
2125
2188
2363
2355
2351
2094
2184
2347
2327
2323
2319
2216
2315
2311
2307
2121
2212
2303
2090
2299
2295
2207
2203
2183
6275
0
0
0
0
2255
0
0
0
0
2251
0
0
2084
0
2295
0
0
2117
3930
2291
0
0
0
0
2247
2080
0
0
0
2243
0
0
0
0
2339
2113
3926
0
2148
2335
0
0
0
0
2331
0
0
0
0
2239
0
2144
0
2157
3922
2235
0
0
0
0
2215
0
0
0
2108
2211
0
0
0
2303
0
2153
2142
2299
0
0
2287
2104
0
2195
0
0
2279
0
0
3864
2275
0
0
2061
2138
2271
0
3860
2191
0
0
2263
0
0
2259
3856
0
2183
0
0
2179
2065
2134
2072
2175
0
0
2171
0
0
2167
2068
0
2163
2101
2283
0
2267
0
2056
2130
2231
0
2359
0
2227
0
2052
2097
2223
0
2199
0
2343
2371
2048
2367
2363
2126
2355
2351
2093
2347
2076
2327
2323
2319
2315
2184
2311
2307
2207
2203
2216
2089
0
6218
0
0
0
0
0
0
2189
0
0
0
0
0
0
2185
0
0
0
0
0
0
2217
0
2072
2142
2063
0
0
2213
0
0
0
0
0
0
2209
0
0
0
0
0
0
2205
0
0
0
2068
2138
2059
2201
0
0
0
0
0
0
2197
0
0
0
0
0
0
2253
0
0
0
0
0
2064
2337
2134
2159
0
0
0
0
2333
0
0
0
0
2100
0
2329
0
0
0
0
0
0
2249
0
0
2130
2096
3867
0
2245
0
0
0
0
0
0
2241
0
0
2092
0
0
0
2313
0
0
0
0
2126
0
2309
3863
2088
0
0
0
0
2305
0
0
0
0
0
0
2237
2084
0
0
0
0
0
2233
2122
0
3929
3859
0
3925
2080
0
3921
0
0
2269
0
0
2161
0
0
2261
0
2148
2257
0
0
2169
2118
0
2285
2155
0
2165
0
0
2144
2277
0
0
2273
0
2281
0
2265
0
2229
0
2357
2108
2225
2114
2221
0
2173
2055
2341
2369
2365
2361
2353
2349
2104
2345
2325
2321
2317
2301
2297
2192
2293
2181
2177
0
2078
0
2288
0
6147
0
0
0
0
0
0
0
0
0
0
0
0
2100
0
0
0
0
0
0
0
0
0
0
0
0
2096
2073
2142
3931
0
0
0
0
0
0
0
0
0
2092
0
0
0
0
0
0
0
2304
0
0
0
0
0
0
2069
2292
2138
3927
0
0
0
0
2216
0
0
0
0
0
0
2212
0
0
0
0
0
0
2208
0
0
0
0
2065
0
2204
2134
3923
0
0
0
0
2200
0
0
0
0
0
0
2196
0
0
0
0
0
0
2252
0
0
0
2061
0
0
2248
2130
3867
0
0
0
0
2336
0
0
0
0
0
0
2332
0
0
0
0
0
0
2328
0
0
2057
0
0
0
2244
2126
3863
0
0
0
0
2240
0
0
0
0
0
0
2236
0
0
0
0
0
0
2312
0
2157
0
0
0
0
2308
2122
3859
0
0
0
0
2232
2089
0
0
0
0
0
2192
0
0
0
0
0
0
2288
2085
0
0
0
0
0
2188
2118
2155
0
0
0
0
2184
2081
0
0
2296
0
0
0
2300
0
0
2176
0
0
2276
2149
0
2272
0
0
2268
2114
2055
2172
0
0
2260
0
2145
2256
0
0
2168
0
0
2164
0
0
2160
0
0
2180
2109
0
2284
0
2340
0
2228
2078
2224
2051
2356
0
2220
2105
2280
0
2264
2368
2364
2360
2352
2348
2344
2324
2320
6412
0
0
0
0
0
0
0
2327
0
0
0
0
0
0
0
2323
0
0
0
0
0
0
0
2319
0
0
0
2092
2129
2146
0
2227
0
0
0
0
0
0
0
2223
0
0
0
0
0
0
0
2219
0
0
0
0
0
0
0
2088
2125
2142
2215
0
0
0
0
0
0
0
2211
0
0
0
0
0
0
0
2059
0
0
0
0
0
0
0
2291
2084
2121
2138
0
0
0
0
2055
0
0
0
0
0
0
0
2051
0
0
0
0
0
0
0
2195
0
0
0
0
2080
2117
2134
2191
0
0
3931
0
0
3927
2186
0
3923
0
0
2271
0
0
2078
2163
0
0
2263
0
0
2259
2074
0
2060
2113
2171
0
0
2287
3866
0
2167
0
0
2279
0
0
3862
2275
0
2267
0
2343
0
2199
3858
2359
0
2175
0
2283
2064
2109
2070
2371
2367
2363
2355
2351
2347
2315
2254
2311
2307
2303
2299
2295
2207
2203
2250
2183
2179
0
0
0
0
0
2246
0
2156
2105
0
0
0
0
2242
0
0
0
0
0
0
0
2238
0
0
0
0
0
0
0
2234
0
0
0
0
0
2152
2101
2230
0
0
0
0
0
0
0
2338
0
0
0
0
0
0
0
2334
0
0
0
0
0
0
0
2330
0
2148
6193
0
0
0
0
0
0
0
2243
0
0
0
0
0
0
0
2239
0
0
0
0
0
0
0
2235
0
0
0
0
0
0
2092
3929
2146
2231
0
0
0
0
0
0
0
2339
0
0
0
0
0
0
0
2335
0
0
0
0
0
0
0
2331
0
0
0
2088
3925
2142
0
2327
0
0
0
0
0
0
0
2323
0
0
0
0
0
0
0
2319
0
0
0
0
0
0
0
2227
0
0
2084
3921
2138
0
0
2223
0
0
0
0
0
0
0
2219
0
0
0
0
0
0
0
2215
0
0
0
0
0
0
0
2211
0
2080
2117
2134
0
0
0
2059
0
0
0
0
0
0
0
2291
0
0
0
0
0
0
0
2055
0
0
0
0
0
0
0
2051
2060
2113
2130
0
0
0
0
2195
0
0
0
0
0
0
0
2191
0
0
0
0
0
0
0
2187
0
0
0
0
0
0
0
2064
2109
2126
2079
0
0
0
0
0
0
0
2075
0
0
0
0
2295
0
0
0
2299
0
0
0
2303
0
0
2179
0
0
2279
2156
2105
2122
2275
0
0
2271
0
0
2175
3866
0
2263
0
0
2259
0
0
3862
2171
0
0
2167
0
0
2163
3858
0
2183
0
0
2152
2101
2287
2070
2267
0
2199
0
2343
0
2359
2254
2283
2371
2367
2363
2355
2351
2347
2250
2315
2311
2307
2207
2203
0
0
2246
0
0
0
2148
6193
0
0
0
0
0
0
0
0
0
0
0
0
0
0
0
0
0
0
0
0
0
0
0
0
0
0
0
0
0
0
0
0
0
0
0
2048
2089
2130
2159
0
0
0
0
0
0
2196
0
0
0
0
0
0
0
0
0
2192
0
0
0
0
0
0
0
0
0
2188
0
0
0
0
0
0
2085
2126
2155
2184
0
0
0
0
0
0
0
0
0
2252
0
0
0
0
0
0
0
0
0
2248
0
0
0
0
0
0
0
0
0
2244
0
0
2081
2122
2151
0
0
0
0
2240
0
0
0
0
0
0
0
0
0
2236
0
0
0
0
0
0
0
0
0
2232
0
0
0
0
0
0
0
0
2077
2228
2118
3867
0
0
0
0
0
0
0
2336
0
0
0
0
0
0
0
0
0
2332
0
0
0
0
0
0
0
0
0
2328
0
0
0
0
2073
0
2114
3863
0
2324
0
0
0
0
0
0
0
0
0
2320
0
0
0
0
0
0
0
0
0
2316
0
0
0
0
0
0
0
0
0
2312
2069
0
2110
3859
0
0
0
0
0
2308
0
0
0
0
0
0
0
0
0
2304
0
0
0
0
0
0
0
0
0
2224
0
0
0
0
0
0
2065
0
2106
2220
2147
0
0
0
0
0
0
0
0
2216
0
0
0
0
0
0
0
0
0
2288
0
0
0
0
0
0
0
0
0
2212
0
0
2061
0
2102
0
2143
0
0
2208
0
0
0
0
0
0
0
0
0
2204
0
0
0
0
0
0
0
0
0
2200
0
0
3928
0
0
3924
0
0
3920
2057
2098
2256
2139
0
2168
0
0
2284
0
0
2164
0
0
2276
0
0
2272
0
0
2268
0
0
2160
0
0
2260
0
2264
0
2172
0
2340
0
2356
0
2280
2368
2364
2360
2352
2348
2344
2300
2296
2292
2180
2176
2053
2094
6231
0
0
0
0
0
0
0
0
0
0
0
0
0
0
0
0
0
0
0
0
0
0
0
0
0
0
0
0
0
0
0
0
0
0
0
0
0
0
0
2080
2125
3930
2151
0
0
0
0
0
0
0
0
0
0
2307
0
0
0
0
0
0
0
0
0
2187
0
0
0
0
0
0
0
0
0
2255
0
0
0
0
0
2076
2121
3926
0
2251
0
0
0
0
0
0
0
0
0
2247
0
0
0
0
0
0
0
0
0
2243
0
0
0
0
0
0
0
0
0
2239
0
0
0
0
0
2072
2117
3922
0
2235
0
0
0
0
0
0
0
0
0
2231
0
0
0
0
0
0
0
0
0
2339
0
0
0
0
0
0
0
0
0
2335
0
0
0
0
0
2068
2113
3866
0
2331
0
0
0
0
0
0
0
0
0
2327
0
0
0
0
0
0
0
0
0
2323
0
0
0
0
0
0
0
0
0
2319
0
0
0
0
0
2064
2109
3862
0
2315
0
0
0
0
0
0
0
0
0
2311
0
0
0
0
0
0
0
0
0
2227
0
0
0
0
0
0
0
0
0
2223
0
0
0
0
0
2060
2105
3858
0
2219
0
0
0
0
0
0
0
0
0
2291
0
0
0
0
0
0
0
0
0
2215
0
0
0
0
0
0
0
0
0
2211
0
0
0
0
0
2056
2101
2146
0
2207
0
0
0
0
0
0
0
0
0
2203
0
0
0
0
0
0
0
0
0
2199
0
0
0
0
0
0
0
0
0
2195
0
0
0
0
0
2052
2097
2142
0
2191
0
0
0
0
0
0
0
2295
0
0
0
2303
0
0
0
2299
0
0
2271
0
0
2163
0
0
2263
0
0
2259
0
0
2183
0
0
2179
0
2048
2093
2138
2175
0
0
2171
0
0
2287
0
0
2167
0
0
2279
0
0
2275
0
2343
0
2283
0
2267
0
2359
2371
2367
2363
2355
2351
2347
0
0
0
0
0
0
0
2156
2089
2134
0
0
0
0
0
0
0
0
0
0
0
0
0
0
0
0
0
0
0
0
0
0
0
0
0
0
0
0
0
0
0
0
0
0
0
0
0
2152
2085
6226
0
0
0
0
0
0
0
0
0
0
0
0
0
0
0
0
0
0
0
0
0
0
0
0
0
0
0
0
0
0
0
0
0
0
0
0
0
0
0
0
0
0
0
0
0
0
0
0
0
0
0
0
0
0
0
0
0
0
0
0
0
0
0
0
0
0
0
0
0
0
0
0
0
0
0
0
0
0
0
0
0
0
0
0
0
0
0
0
0
0
0
0
0
0
0
0
0
0
0
0
0
0
0
0
0
0
0
0
0
0
0
0
0
0
0
0
0
0
0
0
0
0
0
0
0
0
0
0
0
0
0
0
0
0
0
0
0
0
0
0
0
0
0
0
0
0
0
0
0
0
0
0
0
0
0
0
0
0
0
0
0
0
0
0
0
0
0
0
0
0
0
0
0
0
0
0
0
0
0
0
0
0
0
0
0
0
0
0
0
0
0
0
0
0
0
0
0
0
0
0
0
0
0
0
0
0
0
0
0
0
0
0
0
0
0
0
0
0
0
0
0
0
0
0
0
0
0
0
0
0
0
0
0
0
0
0
0
0
0
0
0
0
0
0
0
0
0
0
0
0
0
0
0
0
0
0
0
0
0
0
0
0
0
0
0
0
0
0
0
0
0
0
0
0
0
0
0
0
0
0
0
0
0
0
0
0
0
0
0
0
0
0
0
0
0
0
0
0
0
0
0
0
0
0
0
0
0
0
0
0
0
0
0
0
0
0
0
0
0
0
0
0
0
0
0
0
0
0
0
0
0
0
0
0
0
0
0
0
0
0
0
0
0
0
0
0
0
0
0
0
0
0
0
0
0
0
0
0
0
0
0
0
0
0
0
0
0
0
0
0
0
0
0
0
0
0
0
0
0
0
0
0
0
0
0
0
0
0
0
0
0
0
0
0
0
0
0
0
0
0
0
0
0
0
0
0
0
0
0
0
0
0
0
0
0
0
0
0
0
0
0
0
0
0
0
0
0
0
0
0
0
0
0
0
0
0
0
0
0
0
0
0
0
0
0
0
0
0
0
0
0
0
0
0
0
0
0
0
0
0
0
0
0
0
0
0
0
0
0
0
0
0
0
0
0
0
0
0
0
0
0
0
0
0
0
0
0
0
0
0
0
0
0
0
0
0
0
0
0
0
0
0
0
0
0
0
0
0
0
0
0
0
0
0
0
0
0
0
0
0
0
0
0
0
0
0
0
0
0
0
0
0
0
0
0
0
0
0
0
0
0
0
0
0
0
0
0
0
0
0
0
0
0
0
0
0
0
0
0
0
0
0
0
0
0
0
0
0
0
0
0
0
0
0
0
0
0
0
0
0
0
0
0
0
0
0
0
0
0
0
0
0
0
0
0
0
0
0
0
0
0
0
0
0
0
0
0
0
0
0
0
0
0
0
