int
0
0
1159
1840
0
1059
0
1832
1027
1609
1542
1828
1087
0
1131
1144
1127
0
1095
1060
1605
1826
1151
1136
1103
1603
1850
1036
1571
1539
1545
1032
1846
1215
1211
1028
1207
1118
1203
1120
1577
1199
1046
1112
1195
1191
1187
1064
1110
1183
1573
1179
1167
1042
1163
1155
1143
1135
1107
1099
1091
1083
1079
1075
1071
1055
3099
0
1151
0
1064
1845
1103
0
1144
1826
1109
1087
1060
1131
0
1041
1136
1606
1127
0
1036
1117
1095
1603
1032
1574
1045
1571
1028
1547
1841
1578
1120
1543
1833
1056
1539
1610
1024
1829
1215
1156
1850
1113
1211
1207
1203
1199
1195
1191
1187
1183
1179
1167
1163
1155
1143
1135
1107
1099
1091
1083
1079
1075
1071
1055
3099
0
1151
0
1064
1845
1103
0
1144
1826
1109
1087
1060
1131
0
1041
1136
1578
1127
0
1036
1117
1095
1603
1032
1610
1045
1571
1028
1547
1841
1574
1120
1543
1833
1056
1539
1606
1024
1829
1215
1156
1850
1113
1211
1207
1203
1199
1195
1191
1187
1183
1179
1167
1163
1155
1143
1135
1107
1099
1091
1083
1079
1075
1071
1055
3099
0
1151
0
1064
1845
1103
0
1144
1826
1109
1087
1060
1131
0
1041
1136
1606
1127
0
1036
1117
1095
1603
1032
1542
1045
1579
1028
1575
1841
1571
1120
1610
1833
1056
1539
1215
1024
1829
1546
1156
1211
1113
1207
1850
1203
1199
1195
1191
1187
1183
1179
1167
1163
1155
1143
1135
1107
1099
1091
1083
1079
1075
1071
1055
3099
0
0
0
1115
0
0
1048
1041
1067
0
1606
1095
1144
0
1569
1087
0
1848
1159
0
1610
1029
1844
1127
0
1103
0
1108
1061
1151
1826
1131
1116
1603
1579
1833
1575
1044
1038
1547
1543
1840
1537
1215
1211
1828
1074
1207
1203
1032
1057
1199
1195
1120
1070
1191
1187
1025
1183
1179
1167
1163
1155
1143
1139
1135
1107
1099
1091
1083
1079
3103
0
0
0
1123
0
0
0
1024
1041
1115
1610
0
0
1067
0
1048
1569
1095
0
0
1087
1606
1144
1159
1029
1127
0
1848
1103
0
1151
0
1844
1061
1826
1131
1603
1108
1579
1575
1547
1833
1116
1038
1543
1215
1211
1044
1207
1537
1203
1840
1074
1199
1195
1828
1191
1057
1187
1032
1183
1070
1179
1167
1163
1155
1143
1139
1135
1107
1099
1091
1083
1079
3103
0
1151
0
1064
1845
1103
0
1144
1826
1109
1087
1060
1131
0
1041
1136
1610
1127
0
1036
1117
1095
1603
1032
1546
1045
1579
1028
1575
1841
1571
1120
1606
1833
1056
1539
1215
1024
1829
1542
1156
1211
1113
1207
1850
1203
1199
1195
1191
1187
1183
1179
1167
1163
1155
1143
1135
1107
1099
1091
1083
1079
1075
1071
1055
3099
0
0
0
1123
0
0
0
1024
1041
1115
1610
0
0
1067
0
1048
1569
1095
0
0
1087
1606
1144
1159
1029
1127
0
1848
1103
0
1151
0
1844
1061
1826
1131
1603
1108
1579
1575
1547
1833
1116
1038
1543
1215
1211
1044
1207
1537
1203
1840
1074
1199
1195
1828
1191
1057
1187
1032
1183
1070
1179
1167
1163
1155
1143
1139
1135
1107
1099
1091
1083
1079
3103
0
0
0
1115
0
0
1048
1041
1067
0
1610
1095
1144
0
1569
1087
0
1848
1159
0
1606
1029
1844
1127
0
1103
0
1108
1061
1151
1826
1131
1116
1603
1579
1833
1575
1044
1038
1547
1543
1840
1537
1215
1211
1828
1074
1207
1203
1032
1057
1199
1195
1120
1070
1191
1187
1025
1183
1179
1167
1163
1155
1143
1139
1135
1107
1099
1091
1083
1079
3103
0
1151
0
1064
1845
1103
0
1144
1826
1109
1087
1060
1131
0
1041
1136
1574
1127
0
1036
1117
1095
1611
1032
1578
1045
1607
1028
1603
1841
1571
1120
1542
1833
1056
1539
1215
1024
1829
1546
1156
1211
1113
1207
1850
1203
1199
1195
1191
1187
1183
1179
1167
1163
1155
1143
1135
1107
1099
1091
1083
1079
1075
1071
1055
3099
0
0
0
1115
0
0
1600
1037
1063
0
1574
0
1144
1031
1033
0
1087
0
1136
1103
1578
1065
1159
1848
1095
0
1131
0
1844
1025
1826
1151
0
1116
1127
1611
1537
1607
1040
1078
1571
1547
1543
1108
1829
1215
1211
1840
1046
1207
1203
1832
1057
1199
1195
1120
1070
1191
1187
1053
1183
1179
1167
1163
1155
1143
1135
1107
1099
1091
1083
1075
3099
0
0
0
1835
0
0
0
1052
1037
1123
1574
0
0
1115
0
1600
1033
1063
0
0
0
1578
1144
1031
1065
0
1087
0
0
1136
1103
0
1025
1826
1848
1159
0
1095
0
1844
1537
1131
1078
1151
1116
1127
1611
1607
1829
1040
1571
1046
1547
1543
1108
1215
1057
1211
1840
1207
1070
1203
1199
1195
1191
1187
1183
1179
1167
1163
1155
1143
1135
1107
1099
1091
1083
1075
3099
0
0
0
1123
0
0
0
1600
1041
1115
1542
0
1095
0
0
1064
1569
1059
0
0
1546
1159
0
1060
1033
1103
0
0
1027
1136
1826
1127
1053
1087
1848
1151
0
1131
1611
1844
1833
1078
1607
1579
1108
1575
1539
1215
1829
1116
1074
1211
1207
1840
1203
1199
1049
1036
1195
1046
1191
1187
1183
1179
1029
1167
1163
1155
1147
1143
1135
1107
1099
1091
1083
3119
0
0
0
0
1851
0
0
0
0
1847
1052
1537
1074
0
1111
0
0
0
0
1119
0
1600
1065
1843
1070
0
0
1123
0
0
0
1115
1048
1061
0
1087
1042
0
1159
0
0
1095
0
1032
1833
1103
0
1127
1038
1151
0
1131
0
1195
1568
1829
1611
1607
1579
1575
1046
1547
1543
1215
1211
1028
1825
1207
1203
1199
1191
1187
1078
1183
1179
1167
1024
1057
1163
1155
1147
1143
1139
1135
1107
1099
1091
3131
0
0
0
0
1851
0
0
0
0
1847
0
1052
1537
1074
1111
0
0
0
0
1119
0
0
0
1600
1065
1843
1070
0
0
1123
0
0
0
1115
0
1048
1061
1087
0
1042
1159
0
0
1095
0
0
1103
1032
1833
1127
0
1155
1038
1151
0
1179
0
1131
0
1568
1829
1195
1611
1607
1579
1046
1575
1547
1543
1215
1211
1028
1825
1207
1203
1199
1191
1187
1078
1183
1167
1163
1147
1024
1057
1143
1139
1135
1107
1099
1091
3131
0
0
0
1843
0
0
0
1039
1028
1041
1546
1123
0
0
0
1115
0
1600
1569
1095
0
1542
1059
0
0
1159
1064
1033
1103
0
0
1027
1826
1127
0
1060
1053
1087
0
1151
0
1131
1136
1078
1611
1833
1607
1848
1579
1575
1539
1215
1844
1074
1829
1211
1207
1108
1203
1199
1195
1191
1116
1049
1046
1187
1183
1179
1167
1163
1155
1147
1143
1135
1107
1099
1091
1083
3119
0
0
0
0
1851
0
0
0
0
1847
0
1052
1537
1074
1111
0
0
0
0
1119
0
0
0
1600
1065
1843
1070
0
0
1123
0
0
0
1115
0
1048
1061
1087
0
1042
1159
0
0
1095
0
0
1103
1032
1833
1127
0
1151
1038
1131
0
1195
1611
1607
1579
1568
1829
1575
1547
1543
1215
1046
1211
1207
1203
1199
1191
1028
1825
1187
1183
1179
1167
1163
1078
1155
1147
1143
1139
1024
1057
1135
1107
1099
1091
3131
0
0
0
0
1851
0
0
0
0
1847
0
1052
1025
1074
1111
0
0
0
0
1119
0
0
0
1600
1537
1843
1070
0
0
1123
0
0
0
1115
0
1048
1065
1087
0
1042
1159
0
0
1095
0
0
1103
1032
1833
1127
0
1151
1038
1131
0
1195
1611
1607
1579
1568
1829
1575
1547
1543
1215
1046
1211
1207
1203
1199
1191
1028
1061
1187
1183
1179
1167
1163
1078
1155
1147
1143
1824
1139
1057
1135
1107
1099
1091
3131
0
1151
0
1064
1845
1103
0
1144
1826
1109
1087
1060
1131
0
1041
1136
1578
1127
0
1036
1117
1095
1611
1032
1574
1045
1607
1028
1603
1841
1571
1120
1546
1833
1056
1539
1215
1024
1829
1542
1156
1211
1113
1207
1850
1203
1199
1195
1191
1187
1183
1179
1167
1163
1155
1143
1135
1107
1099
1091
1083
1079
1075
1071
1055
3099
0
0
0
1835
0
0
0
1052
1037
1123
1574
0
0
1115
0
1600
1033
1063
0
0
0
1578
1144
1031
1065
0
1087
0
0
1136
1103
0
1025
1826
1848
1159
0
1095
0
1844
1537
1131
1078
1151
1116
1127
1611
1607
1829
1040
1571
1046
1547
1543
1108
1215
1057
1211
1840
1207
1070
1203
1199
1195
1191
1187
1183
1179
1167
1163
1155
1143
1135
1107
1099
1091
1083
1075
3099
0
0
0
1115
0
0
1600
1037
1063
0
1578
0
1144
1031
1033
0
1087
0
1136
1103
1574
1065
1159
1848
1095
0
1131
0
1844
1025
1826
1151
0
1116
1127
1611
1537
1607
1040
1078
1571
1547
1543
1108
1829
1215
1211
1840
1046
1207
1203
1832
1057
1199
1195
1120
1070
1191
1187
1053
1183
1179
1167
1163
1155
1143
1135
1107
1099
1091
1083
1075
3099
0
0
0
1843
0
0
0
1039
1028
1041
1546
1123
0
0
0
1115
0
1600
1569
1095
0
1542
1059
0
0
1159
1064
1033
1103
0
0
1027
1826
1127
0
1060
1053
1087
0
1151
0
1131
1136
1078
1611
1833
1607
1848
1579
1575
1539
1215
1844
1074
1829
1211
1207
1108
1203
1199
1195
1191
1116
1049
1046
1187
1183
1179
1167
1163
1155
1147
1143
1135
1107
1099
1091
1083
3119
0
0
0
0
1851
0
0
0
0
1847
0
1052
1025
1074
1111
0
0
0
0
1119
0
0
0
1600
1537
1843
1070
0
0
1123
0
0
0
1115
0
1048
1065
1087
0
1042
1159
0
0
1095
0
0
1103
1032
1833
1127
0
1151
1038
1131
0
1195
1611
1607
1579
1568
1829
1575
1547
1543
1215
1046
1211
1207
1203
1199
1191
1028
1061
1187
1183
1179
1167
1163
1078
1155
1147
1143
1824
1139
1057
1135
1107
1099
1091
3131
0
0
0
0
1851
0
0
0
0
1847
0
1052
1537
1074
1111
0
0
0
0
1119
0
0
0
1600
1065
1843
1070
0
0
1123
0
0
0
1115
0
1048
1061
1087
0
1042
1159
0
0
1095
0
0
1103
1032
1833
1127
0
1151
1038
1131
0
1195
1611
1607
1579
1568
1829
1575
1547
1543
1215
1046
1211
1207
1203
1199
1191
1028
1825
1187
1183
1179
1167
1163
1078
1155
1147
1143
1139
1024
1057
1135
1107
1099
1091
3131
0
0
0
1123
0
0
0
1600
1041
1115
1546
0
1095
0
0
1064
1569
1059
0
0
1542
1159
0
1060
1033
1103
0
0
1027
1136
1826
1127
1053
1087
1848
1151
0
1131
1611
1844
1833
1078
1607
1579
1108
1575
1539
1215
1829
1116
1074
1211
1207
1840
1203
1199
1049
1036
1195
1046
1191
1187
1183
1179
1029
1167
1163
1155
1147
1143
1135
1107
1099
1091
1083
3119
0
0
0
0
1851
0
0
0
0
1847
0
1052
1537
1074
1111
0
0
0
0
1119
0
0
0
1600
1065
1843
1070
0
0
1123
0
0
0
1115
0
1048
1061
1087
0
1042
1159
0
0
1095
0
0
1103
1032
1833
1127
0
1155
1038
1151
0
1179
0
1131
0
1568
1829
1195
1611
1607
1579
1046
1575
1547
1543
1215
1211
1028
1825
1207
1203
1199
1191
1187
1078
1183
1167
1163
1147
1024
1057
1143
1139
1135
1107
1099
1091
3131
0
0
0
0
1851
0
0
0
0
1847
1052
1537
1074
0
1111
0
0
0
0
1119
0
1600
1065
1843
1070
0
0
1123
0
0
0
1115
1048
1061
0
1087
1042
0
1159
0
0
1095
0
1032
1833
1103
0
1127
1038
1151
0
1131
0
1195
1568
1829
1611
1607
1579
1575
1046
1547
1543
1215
1211
1028
1825
1207
1203
1199
1191
1187
1078
1183
1179
1167
1024
1057
1163
1155
1147
1143
1139
1135
1107
1099
1091
3131
0
0
0
0
1851
0
0
0
0
1847
1052
1537
1074
0
1111
0
0
0
0
1119
0
1600
1065
1843
1070
0
0
1123
0
0
0
1115
1048
1061
0
1087
1042
0
1159
0
0
1095
0
1032
1833
1103
0
1127
1038
1151
0
1131
0
1195
1568
1829
1611
1607
1579
1575
1046
1547
1543
1215
1211
1028
1825
1207
1203
1199
1191
1187
1078
1183
1179
1167
1024
1057
1163
1155
1147
1143
1139
1135
1107
1099
1091
3131
0
0
0
0
0
0
0
0
0
0
0
0
0
0
0
0
0
0
0
0
0
0
0
0
0
0
0
0
0
0
0
0
0
0
0
0
0
0
0
0
0
0
0
0
0
0
0
0
0
0
0
0
0
0
0
0
0
0
0
0
0
0
0
0
0
0
0
0
0
0
0
0
0
0
0
0
0
0
0
0
0
0
0
0
0
0
0
0
0
0
0
0
0
0
0
0
0
0
0
0
0
0
0
0
0
0
0
0
0
0
0
0
0
0
0
0
0
0
0
0
0
0
0
0
0
0
0
0
0
0
0
0
0
0
0
0
0
0
0
0
0
0
0
0
0
0
0
0
0
0
0
0
0
0
0
0
0
0
0
0
0
0
0
0
0
0
0
0
0
0
0
0
0
0
0
0
0
0
0
0
0
0
0
0
0
0
0
0
0
0
0
0
0
0
0
0
0
0
0
0
0
0
0
0
0
0
0
0
0
0
0
0
0
0
0
0
0
0
0
0
0
0
0
0
0
0
0
0
0
0
0
0
0
0
0
0
0
0
0
0
0
0
0
0
0
0
0
0
0
0
0
0
0
0
0
0
0
0
0
0
0
0
0
0
0
0
0
0
0
0
0
0
0
0
0
0
0
0
0
0
0
0
0
0
0
0
0
0
0
0
0
0
0
0
0
0
0
0
0
0
0
0
0
0
0
0
0
0
0
0
0
0
0
0
0
0
0
0
0
0
0
0
0
0
0
0
0
0
0
0
0
0
0
0
0
0
0
0
0
0
0
0
0
0
0
0
0
0
0
0
0
0
0
0
0
0
0
0
0
0
0
0
0
0
0
0
0
0
0
0
0
0
0
0
0
0
0
0
0
0
0
0
0
0
0
0
0
0
0
0
0
0
0
0
0
0
0
0
0
0
0
0
0
0
0
0
0
0
0
0
0
0
0
0
0
0
0
0
0
0
0
0
0
0
0
0
0
0
0
0
0
0
0
0
0
0
0
0
0
0
0
0
0
0
0
0
0
0
0
0
0
0
0
0
0
0
0
0
0
0
0
0
0
0
0
0
0
0
0
0
0
0
0
0
0
0
0
0
0
0
0
0
0
0
0
0
0
0
0
0
0
0
0
0
0
0
0
0
0
0
0
0
0
0
0
0
0
0
0
0
0
0
0
0
0
0
0
0
0
0
0
0
0
0
0
0
0
0
0
0
0
0
0
0
0
0
0
0
0
0
0
0
0
0
0
0
0
0
0
0
0
0
0
0
0
0
0
0
0
0
0
0
0
0
0
0
0
0
0
0
0
0
0
0
0
0
0
0
0
0
0
0
0
0
0
0
0
0
0
0
0
0
0
0
0
0
0
0
0
0
0
0
0
0
0
0
0
0
0
0
0
0
0
0
0
0
0
0
0
0
0
0
0
0
0
0
0
0
0
0
0
0
0
0
0
0
0
0
0
0
0
0
0
0
0
0
0
0
0
0
0
0
0
0
0
0
0
0
0
0
0
0
0
0
0
0
0
0
0
0
0
0
0
0
0
0
0
0
0
0
0
0
0
0
0
0
0
0
0
0
0
0
0
0
0
0
0
0
0
0
0
0
0
0
0
0
0
0
0
0
0
0
0
0
0
0
0
0
0
0
0
0
0
0
0
0
0
0
0
0
0
0
0
0
0
0
0
0
0
0
0
0
0
0
0
0
0
0
0
0
0
0
0
0
0
0
0
0
0
0
0
0
0
0
0
0
0
0
0
0
0
0
0
0
0
0
0
0
0
0
0
0
0
0
0
0
0
0
0
0
0
0
0
0
0
0
0
0
0
0
0
0
0
0
0
0
0
0
0
0
0
0
0
0
0
0
0
0
0
0
0
0
0
0
0
0
0
0
0
0
0
0
0
0
0
0
0
0
0
0
0
0
0
0
0
0
0
0
0
0
0
0
0
0
0
0
0
0
0
0
0
0
0
0
0
0
0
0
0
0
0
0
0
0
0
0
0
0
0
0
0
0
0
0
0
0
0
0
0
0
0
0
0
0
0
0
0
0
0
0
0
0
0
0
0
0
0
0
0
0
0
0
0
0
0
0
0
0
0
0
0
0
0
0
0
0
0
0
0
0
0
0
0
0
0
0
0
0
0
0
0
0
0
0
0
0
0
0
0
0
0
0
0
0
0
0
0
0
0
0
0
0
0
0
0
0
0
0
0
0
0
0
0
0
0
0
0
0
0
0
0
0
0
0
0
0
0
0
0
0
0
0
0
0
0
0
0
0
0
0
0
0
0
0
0
0
0
0
0
0
0
0
0
0
0
0
0
0
0
0
0
0
0
0
0
0
0
0
0
0
0
0
0
0
0
0
0
0
0
0
0
0
0
0
0
0
0
0
0
0
0
0
0
0
0
0
0
0
0
0
0
0
0
0
0
0
0
0
0
0
0
0
0
0
0
0
0
0
0
0
0
0
0
0
0
0
0
0
0
0
0
0
0
0
0
0
0
0
0
0
0
0
0
0
0
0
0
0
0
0
0
0
0
0
0
0
0
0
0
0
0
0
0
0
0
0
0
0
0
0
0
0
0
0
0
0
0
0
0
0
0
0
0
0
0
0
0
0
0
0
0
0
0
0
0
0
0
0
0
0
0
0
0
0
0
0
0
0
0
0
0
0
0
0
0
0
0
0
0
0
0
0
0
0
0
0
0
0
0
0
0
0
0
0
0
0
0
0
0
0
0
0
0
0
0
0
0
0
0
0
0
0
0
0
0
0
0
0
0
0
0
0
0
0
0
0
0
0
0
0
0
0
0
0
0
0
0
0
0
0
0
0
0
0
0
0
0
0
0
0
0
0
0
0
0
0
0
0
0
0
0
0
0
0
0
0
0
0
0
0
0
0
0
0
0
0
0
0
0
0
0
0
0
0
0
0
0
0
0
0
0
0
0
0
0
0
0
0
0
0
0
0
0
0
0
0
0
0
0
0
0
0
0
0
0
0
0
0
0
0
0
0
0
0
0
0
0
0
0
0
0
0
0
0
0
0
0
0
0
0
0
0
0
0
0
0
0
0
0
0
0
0
0
0
0
0
0
0
0
0
0
0
0
0
0
0
0
0
0
0
0
0
0
0
0
0
0
0
0
0
0
0
0
0
0
0
0
0
0
0
0
0
0
0
0
0
0
0
0
0
0
0
0
0
0
0
0
0
0
0
0
0
0
0
0
0
0
0
0
0
0
0
0
0
0
0
0
0
0
0
0
0
0
0
0
0
0
0
0
0
0
0
0
0
0
0
0
0
0
0
0
0
0
0
0
0
0
0
0
0
0
0
0
0
0
0
0
0
0
0
0
0
0
0
0
0
0
0
0
0
0
0
0
0
0
0
0
0
0
0
0
0
0
0
0
0
0
0
0
0
0
0
0
0
0
0
0
0
0
0
0
0
0
0
0
0
0
0
0
0
0
0
0
0
0
0
0
0
0
0
0
0
0
0
0
0
0
0
0
0
0
0
0
0
0
0
0
0
0
0
0
0
0
0
0
0
0
0
0
0
0
0
0
0
0
0
0
0
0
0
0
0
0
0
0
0
0
0
0
0
0
0
0
0
0
0
0
0
0
0
0
0
0
0
0
0
0
0
0
0
0
0
0
0
0
0
0
0
0
0
0
0
0
0
0
0
0
0
0
0
0
0
0
0
0
0
0
0
0
0
0
0
0
0
0
0
0
0
0
0
0
0
0
0
0
0
0
0
0
0
0
0
0
0
0
0
0
0
0
0
0
0
0
0
0
0
0
0
0
0
0
0
0
0
0
0
0
0
0
0
0
0
0
0
0
0
0
0
0
0
0
0
0
0
0
0
0
0
0
0
0
0
0
0
0
0
0
0
0
0
0
0
0
0
0
0
0
0
0
0
0
0
0
0
0
0
0
0
0
0
0
0
0
0
0
0
0
0
0
0
0
0
0
0
0
0
0
0
0
0
0
0
0
0
0
0
0
0
0
0
0
0
0
0
0
0
0
0
0
0
0
0
0
0
0
0
0
0
0
0
0
0
0
0
0
0
0
0
0
0
0
0
0
0
0
0
0
0
0
0
0
0
0
0
0
0
0
0
0
0
0
0
0
0
0
0
0
0
0
0
0
0
0
0
0
0
0
0
0
0
0
0
0
0
0
0
0
0
0
0
0
0
0
0
0
0
0
0
0
0
0
0
0
0
0
0
0
0
0
0
0
0
0
0
0
0
0
0
0
0
0
0
0
0
0
0
0
0
0
0
0
0
0
0
0
0
0
0
0
0
0
0
0
0
0
0
0
0
0
0
0
0
0
0
0
0
0
0
0
0
0
0
0
0
0
0
0
