int
0
0
1059
1848
1087
0
1095
1844
1127
1605
1578
1036
1103
1603
1571
1120
1539
1171
1167
1032
1545
1574
1163
1112
1159
1155
1151
1028
1147
1841
1143
1064
1542
1139
1045
1060
1135
1131
1024
1041
1119
1111
1610
1107
1099
1091
1083
1079
1075
1071
1055
3099
0
1087
0
1036
1095
1577
1603
1120
1842
1571
1045
1032
1547
1543
1539
1112
1041
1574
1171
1028
1849
1167
1024
1163
1845
1056
1606
1124
1065
1100
1159
1155
1061
1610
1151
1147
1143
1139
1135
1131
1119
1111
1107
1099
1091
1083
1079
1075
1071
1055
3099
0
1087
0
1036
1095
1573
1603
1120
1842
1571
1045
1032
1547
1543
1539
1112
1041
1610
1171
1028
1849
1167
1024
1163
1845
1056
1578
1124
1065
1100
1159
1155
1061
1606
1151
1147
1143
1139
1135
1131
1119
1111
1107
1099
1091
1083
1079
1075
1071
1055
3099
0
1095
1603
1036
1579
1545
1575
1120
1842
1571
1045
1032
1539
1171
1167
1112
1041
1606
1163
1028
1849
1159
1024
1155
1845
1056
1610
1124
1065
1100
1151
1084
1061
1542
1147
1143
1139
1135
1131
1119
1111
1107
1099
1091
1083
1079
1075
1071
1055
3099
0
0
0
1035
0
0
1024
1069
1087
0
1606
1095
0
1568
1127
1041
1103
1603
1579
1575
1048
1842
1849
1547
1543
1171
1167
1028
1163
1537
1159
1610
1155
1120
1151
1147
1061
1143
1044
1038
1139
1135
1844
1057
1131
1119
1064
1074
1115
1111
1107
1099
1091
1083
1079
3103
0
0
0
1067
0
0
0
1024
1069
1035
1610
0
1087
0
0
1568
1095
1041
1127
0
1103
1606
1603
1048
1579
1849
1575
1547
1543
1171
1167
1028
1842
1537
1163
1159
1155
1151
1120
1147
1143
1061
1038
1044
1139
1135
1131
1844
1119
1057
1115
1074
1111
1107
1099
1091
1083
1079
3103
0
1095
1603
1036
1579
1541
1575
1120
1842
1571
1045
1032
1539
1171
1167
1112
1041
1610
1163
1028
1849
1159
1024
1155
1845
1056
1606
1124
1065
1100
1151
1084
1061
1546
1147
1143
1139
1135
1131
1119
1111
1107
1099
1091
1083
1079
1075
1071
1055
3099
0
0
0
1067
0
0
0
1024
1069
1035
1610
0
1087
0
0
1568
1095
1041
1127
0
1103
1606
1603
1048
1579
1849
1575
1547
1543
1171
1167
1028
1842
1537
1163
1159
1155
1151
1120
1147
1143
1061
1038
1044
1139
1135
1131
1844
1119
1057
1115
1074
1111
1107
1099
1091
1083
1079
3103
0
0
0
1035
0
0
1024
1069
1087
0
1610
1095
0
1568
1127
1041
1103
1603
1579
1575
1048
1842
1849
1547
1543
1171
1167
1028
1163
1537
1159
1606
1155
1120
1151
1147
1061
1143
1044
1038
1139
1135
1844
1057
1131
1119
1064
1074
1115
1111
1107
1099
1091
1083
1079
3103
0
1095
1611
1036
1607
1545
1603
1120
1842
1571
1045
1032
1539
1171
1167
1112
1041
1574
1163
1028
1849
1159
1024
1155
1845
1056
1542
1124
1065
1100
1151
1084
1061
1578
1147
1143
1139
1135
1131
1119
1111
1107
1099
1091
1083
1079
1075
1071
1055
3099
0
0
0
1851
0
0
1600
1069
1031
0
1574
0
1063
1052
0
1037
1103
0
0
1087
1032
1842
1537
1127
0
1095
1611
1064
1607
1845
1571
1578
1547
1120
1543
1171
1025
1167
1163
1112
1078
1159
1155
1057
1040
1151
1147
1143
1046
1139
1135
1131
1119
1111
1107
1099
1091
1083
1075
3099
0
0
0
1851
0
0
0
1600
1069
1031
1574
0
0
1063
0
1052
1103
1037
0
1087
0
1578
1127
1032
1095
1537
1611
1607
1571
1547
1543
1064
1842
1845
1171
1167
1163
1159
1120
1155
1151
1025
1078
1147
1143
1112
1139
1135
1131
1057
1040
1046
1119
1111
1107
1099
1091
1083
1075
3099
0
0
0
0
0
1115
0
1600
1045
1039
1542
0
1059
0
0
1052
1103
1041
0
1027
1842
0
1095
1048
1127
1849
1087
1611
1607
1579
1546
1568
1575
1845
1539
1171
1167
1163
1159
1028
1078
1061
1155
1151
1147
1143
1139
1064
1135
1033
1074
1131
1123
1119
1111
1107
1099
1091
1083
3119
0
0
0
0
0
0
0
0
0
0
1600
1077
1074
1539
0
0
0
0
0
0
0
1032
1849
0
1070
1063
0
0
0
0
0
0
1028
1845
0
0
1042
1059
0
0
0
1087
0
1568
1841
1095
0
0
1038
1103
0
1127
0
1151
1024
1053
1611
1607
1579
1575
1046
1547
1543
1171
1167
1064
1049
1163
1159
1155
1147
1143
1139
1135
1131
1123
1119
1115
1111
1107
1099
1091
3131
0
0
0
0
0
0
0
0
0
0
0
1600
1077
1538
1075
0
0
0
0
0
0
0
0
1032
1849
1062
0
1071
0
0
0
0
0
0
0
1028
1845
1058
0
0
1043
1086
0
0
1094
0
0
1568
1841
1102
0
1134
0
1130
1039
1126
0
1150
1610
1024
1053
1606
1578
1574
1546
1542
1170
1166
1162
1158
1154
1064
1049
1146
1142
1138
1122
1118
1114
1110
1106
1098
1090
1082
3095
0
0
0
0
0
0
1115
0
1600
1045
1546
1039
0
0
1059
0
0
1052
1103
1041
0
1542
1027
0
0
1095
1048
1127
1849
1087
1611
1607
1842
1579
1575
1568
1539
1845
1171
1167
1163
1159
1078
1155
1028
1151
1061
1147
1143
1139
1135
1131
1074
1064
1123
1033
1119
1111
1107
1099
1091
1083
3119
0
0
0
0
0
0
0
0
0
0
0
1600
1077
1074
1539
0
0
0
0
0
0
0
0
1032
1849
0
1070
1063
0
0
0
0
0
0
0
1028
1845
0
0
1042
1059
0
0
0
1087
0
0
1568
1841
1095
0
0
1038
1103
0
1127
0
1151
1611
1024
1053
1607
1579
1575
1547
1046
1543
1171
1167
1163
1159
1064
1049
1155
1147
1143
1139
1135
1131
1123
1119
1115
1111
1107
1099
1091
3131
0
0
0
0
0
0
0
0
0
0
0
1600
1077
1074
1539
0
0
0
0
0
0
0
0
1032
1849
0
1070
1063
0
0
0
0
0
0
0
1028
1845
0
1843
1042
0
0
1087
0
0
1095
0
1568
1057
1103
0
1127
1038
1151
1611
1607
1579
1575
1547
1024
1053
1543
1171
1167
1163
1046
1159
1155
1147
1143
1139
1064
1049
1135
1131
1123
1119
1115
1111
1107
1099
1091
3131
0
1095
1611
1036
1607
1541
1603
1120
1842
1571
1045
1032
1539
1171
1167
1112
1041
1578
1163
1028
1849
1159
1024
1155
1845
1056
1546
1124
1065
1100
1151
1084
1061
1574
1147
1143
1139
1135
1131
1119
1111
1107
1099
1091
1083
1079
1075
1071
1055
3099
0
0
0
1851
0
0
0
1600
1069
1031
1574
0
0
1063
0
1052
1103
1037
0
1087
0
1578
1127
1032
1095
1537
1611
1607
1571
1547
1543
1064
1842
1845
1171
1167
1163
1159
1120
1155
1151
1025
1078
1147
1143
1112
1139
1135
1131
1057
1040
1046
1119
1111
1107
1099
1091
1083
1075
3099
0
0
0
1851
0
0
1600
1069
1031
0
1578
0
1063
1052
0
1037
1103
0
0
1087
1032
1842
1537
1127
0
1095
1611
1064
1607
1845
1571
1574
1547
1120
1543
1171
1025
1167
1163
1112
1078
1159
1155
1057
1040
1151
1147
1143
1046
1139
1135
1131
1119
1111
1107
1099
1091
1083
1075
3099
0
0
0
0
0
0
1115
0
1600
1045
1546
1039
0
0
1059
0
0
1052
1103
1041
0
1542
1027
0
0
1095
1048
1127
1849
1087
1611
1607
1842
1579
1575
1568
1539
1845
1171
1167
1163
1159
1078
1155
1028
1151
1061
1147
1143
1139
1135
1131
1074
1064
1123
1033
1119
1111
1107
1099
1091
1083
3119
0
0
0
0
0
0
0
0
0
0
0
1600
1077
1074
1539
0
0
0
0
0
0
0
0
1032
1849
0
1070
1063
0
0
0
0
0
0
0
1028
1845
0
1843
1042
0
0
1087
0
0
1095
0
1568
1057
1103
0
1127
1038
1151
1611
1607
1579
1575
1547
1024
1053
1543
1171
1167
1163
1046
1159
1155
1147
1143
1139
1064
1049
1135
1131
1123
1119
1115
1111
1107
1099
1091
3131
0
0
0
0
0
0
0
0
0
0
0
1600
1077
1074
1539
0
0
0
0
0
0
0
0
1032
1849
0
1070
1063
0
0
0
0
0
0
0
1028
1845
0
0
1042
1059
0
0
0
1087
0
0
1568
1841
1095
0
0
1038
1103
0
1127
0
1151
1611
1024
1053
1607
1579
1575
1547
1046
1543
1171
1167
1163
1159
1064
1049
1155
1147
1143
1139
1135
1131
1123
1119
1115
1111
1107
1099
1091
3131
0
0
0
0
0
1115
0
1600
1045
1039
1546
0
1059
0
0
1052
1103
1041
0
1027
1842
0
1095
1048
1127
1849
1087
1611
1607
1579
1542
1568
1575
1845
1539
1171
1167
1163
1159
1028
1078
1061
1155
1151
1147
1143
1139
1064
1135
1033
1074
1131
1123
1119
1111
1107
1099
1091
1083
3119
0
0
0
0
0
0
0
0
0
0
0
1600
1077
1538
1075
0
0
0
0
0
0
0
0
1032
1849
1062
0
1071
0
0
0
0
0
0
0
1028
1845
1058
0
0
1043
1086
0
0
1094
0
0
1568
1841
1102
0
1134
0
1130
1039
1126
0
1150
1610
1024
1053
1606
1578
1574
1546
1542
1170
1166
1162
1158
1154
1064
1049
1146
1142
1138
1122
1118
1114
1110
1106
1098
1090
1082
3095
0
0
0
0
0
0
0
0
0
0
1600
1077
1074
1539
0
0
0
0
0
0
0
1032
1849
0
1070
1063
0
0
0
0
0
0
1028
1845
0
0
1042
1059
0
0
0
1087
0
1568
1841
1095
0
0
1038
1103
0
1127
0
1151
1024
1053
1611
1607
1579
1575
1046
1547
1543
1171
1167
1064
1049
1163
1159
1155
1147
1143
1139
1135
1131
1123
1119
1115
1111
1107
1099
1091
3131
0
0
0
0
0
0
0
0
0
0
1600
1077
1074
1539
0
0
0
0
0
0
0
1032
1849
0
1070
1063
0
0
0
0
0
0
1028
1845
0
0
1042
1059
0
0
0
1087
0
1568
1841
1095
0
0
1038
1103
0
1127
0
1151
1024
1053
1611
1607
1579
1575
1046
1547
1543
1171
1167
1064
1049
1163
1159
1155
1147
1143
1139
1135
1131
1123
1119
1115
1111
1107
1099
1091
3131
0
0
0
0
0
0
0
0
0
0
0
0
0
0
0
0
0
0
0
0
0
0
0
0
0
0
0
0
0
0
0
0
0
0
0
0
0
0
0
0
0
0
0
0
0
0
0
0
0
0
0
0
0
0
0
0
0
0
0
0
0
0
0
0
0
0
0
0
0
0
0
0
0
0
0
0
0
0
0
0
0
0
0
0
0
0
0
0
0
0
0
0
0
0
0
0
0
0
0
0
0
0
0
0
0
0
0
0
0
0
0
0
0
0
0
0
0
0
0
0
0
0
0
0
0
0
0
0
0
0
0
0
0
0
0
0
0
0
0
0
0
0
0
0
0
0
0
0
0
0
0
0
0
0
0
0
0
0
0
0
0
0
0
0
0
0
0
0
0
0
0
0
0
0
0
0
0
0
0
0
0
0
0
0
0
0
0
0
0
0
0
0
0
0
0
0
0
0
0
0
0
0
0
0
0
0
0
0
0
0
0
0
0
0
0
0
0
0
0
0
0
0
0
0
0
0
0
0
0
0
0
0
0
0
0
0
0
0
0
0
0
0
0
0
0
0
0
0
0
0
0
0
0
0
0
0
0
0
0
0
0
0
0
0
0
0
0
0
0
0
0
0
0
0
0
0
0
0
0
0
0
0
0
0
0
0
0
0
0
0
0
0
0
0
0
0
0
0
0
0
0
0
0
0
0
0
0
0
0
0
0
0
0
0
0
0
0
0
0
0
0
0
0
0
0
0
0
0
0
0
0
0
0
0
0
0
0
0
0
0
0
0
0
0
0
0
0
0
0
0
0
0
0
0
0
0
0
0
0
0
0
0
0
0
0
0
0
0
0
0
0
0
0
0
0
0
0
0
0
0
0
0
0
0
0
0
0
0
0
0
0
0
0
0
0
0
0
0
0
0
0
0
0
0
0
0
0
0
0
0
0
0
0
0
0
0
0
0
0
0
0
0
0
0
0
0
0
0
0
0
0
0
0
0
0
0
0
0
0
0
0
0
0
0
0
0
0
0
0
0
0
0
0
0
0
0
0
0
0
0
0
0
0
0
0
0
0
0
0
0
0
0
0
0
0
0
0
0
0
0
0
0
0
0
0
0
0
0
0
0
0
0
0
0
0
0
0
0
0
0
0
0
0
0
0
0
0
0
0
0
0
0
0
0
0
0
0
0
0
0
0
0
0
0
0
0
0
0
0
0
0
0
0
0
0
0
0
0
0
0
0
0
0
0
0
0
0
0
0
0
0
0
0
0
0
0
0
0
0
0
0
0
0
0
0
0
0
0
0
0
0
0
0
0
0
0
0
0
0
0
0
0
0
0
0
0
0
0
0
0
0
0
0
0
0
0
0
0
0
0
0
0
0
0
0
0
0
0
0
0
0
0
0
0
0
0
0
0
0
0
0
0
0
0
0
0
0
0
0
0
0
0
0
0
0
0
0
0
0
0
0
0
0
0
0
0
0
0
0
0
0
0
0
0
0
0
0
0
0
0
0
0
0
0
0
0
0
0
0
0
0
0
0
0
0
0
0
0
0
0
0
0
0
0
0
0
0
0
0
0
0
0
0
0
0
0
0
0
0
0
0
0
0
0
0
0
0
0
0
0
0
0
0
0
0
0
0
0
0
0
0
0
0
0
0
0
0
0
0
0
0
0
0
0
0
0
0
0
0
0
0
0
0
0
0
0
0
0
0
0
0
0
0
0
0
0
0
0
0
0
0
0
0
0
0
0
0
0
0
0
0
0
0
0
0
0
0
0
0
0
0
0
0
0
0
0
0
0
0
0
0
0
0
0
0
0
0
0
0
0
0
0
0
0
0
0
0
0
0
0
0
0
0
0
0
0
0
0
0
0
0
0
0
0
0
0
0
0
0
0
0
0
0
0
0
0
0
0
0
0
0
0
0
0
0
0
0
0
0
0
0
0
0
0
0
0
0
0
0
0
0
0
0
0
0
0
0
0
0
0
0
0
0
0
0
0
0
0
0
0
0
0
0
0
0
0
0
0
0
0
0
0
0
0
0
0
0
0
0
0
0
0
0
0
0
0
0
0
0
0
0
0
0
0
0
0
0
0
0
0
0
0
0
0
0
0
0
0
0
0
0
0
0
0
0
0
0
0
0
0
0
0
0
0
0
0
0
0
0
0
0
0
0
0
0
0
0
0
0
0
0
0
0
0
0
0
0
0
0
0
0
0
0
0
0
0
0
0
0
0
0
0
0
0
0
0
0
0
0
0
0
0
0
0
0
0
0
0
0
0
0
0
0
0
0
0
0
0
0
0
0
0
0
0
0
0
0
0
0
0
0
0
0
0
0
0
0
0
0
0
0
0
0
0
0
0
0
0
0
0
0
0
0
0
0
0
0
0
0
0
0
0
0
0
0
0
0
0
0
0
0
0
0
0
0
0
0
0
0
0
0
0
0
0
0
0
0
0
0
0
0
0
0
0
0
0
0
0
0
0
0
0
0
0
0
0
0
0
0
0
0
0
0
0
0
0
0
0
0
0
0
0
0
0
0
0
0
0
0
0
0
0
0
0
0
0
0
0
0
0
0
0
0
0
0
0
0
0
0
0
0
0
0
0
0
0
0
0
0
0
0
0
0
0
0
0
0
0
0
0
0
0
0
0
0
0
0
0
0
0
0
0
0
0
0
0
0
0
0
0
0
0
0
0
0
0
0
0
0
0
0
0
0
0
0
0
0
0
0
0
0
0
0
0
0
0
0
0
0
0
0
0
0
0
0
0
0
0
0
0
0
0
0
0
0
0
0
0
0
0
0
0
0
0
0
0
0
0
0
0
0
0
0
0
0
0
0
0
0
0
0
0
0
0
0
0
0
0
0
0
0
0
0
0
0
0
0
0
0
0
0
0
0
0
0
0
0
0
0
0
0
0
0
0
0
0
0
0
0
0
0
0
0
0
0
0
0
0
0
0
0
0
0
0
0
0
0
0
0
0
0
0
0
0
0
0
0
0
0
0
0
0
0
0
0
0
0
0
0
0
0
0
0
0
0
0
0
0
0
0
0
0
0
0
0
0
0
0
0
0
0
0
0
0
0
0
0
0
0
0
0
0
0
0
0
0
0
0
0
0
0
0
0
0
0
0
0
0
0
0
0
0
0
0
0
0
0
0
0
0
0
0
0
0
0
0
0
0
0
0
0
0
0
0
0
0
0
0
0
0
0
0
0
0
0
0
0
0
0
0
0
0
0
0
0
0
0
0
0
0
0
0
0
0
0
0
0
0
0
0
0
0
0
0
0
0
0
0
0
0
0
0
0
0
0
0
0
0
0
0
0
0
0
0
0
0
0
0
0
0
0
0
0
0
0
0
0
0
0
0
0
0
0
0
0
0
0
0
0
0
0
0
0
0
0
0
0
0
0
0
0
0
0
0
0
0
0
0
0
0
0
0
0
0
0
0
0
0
0
0
0
0
0
0
0
0
0
0
0
0
0
0
0
0
0
0
0
0
0
0
0
0
0
0
0
0
0
0
0
0
0
0
0
0
0
0
0
0
0
0
0
0
0
0
0
0
0
0
0
0
0
0
0
0
0
0
0
0
0
0
0
0
0
0
0
0
0
0
0
0
0
0
0
0
0
0
0
0
0
0
0
0
0
0
0
0
0
0
0
0
0
0
0
0
0
0
0
0
0
0
0
0
0
0
0
0
0
0
0
0
0
0
0
0
0
0
0
0
0
0
0
0
0
0
0
0
0
0
0
0
0
0
0
0
0
0
0
0
0
0
0
0
0
0
0
0
0
0
0
0
0
0
0
0
0
0
0
0
0
0
0
0
0
0
0
0
0
0
0
0
0
0
0
0
0
0
0
0
0
0
0
0
0
0
0
0
0
0
0
0
0
0
0
0
0
0
0
0
0
0
0
0
0
0
0
0
0
0
0
0
0
0
0
0
0
0
0
0
0
0
0
0
0
0
0
0
0
0
0
0
0
0
0
0
0
0
0
0
0
0
0
0
0
0
0
0
0
0
0
0
0
0
0
0
0
0
0
0
0
0
0
0
0
0
0
0
0
0
0
0
0
0
0
0
0
0
0
0
0
0
0
0
0
0
0
0
0
0
0
0
0
0
0
0
0
0
0
0
0
0
0
0
0
0
0
0
0
0
0
0
0
0
0
0
0
0
0
0
0
0
0
0
0
0
0
0
0
0
0
0
0
0
0
0
0
0
0
0
0
0
0
0
0
0
0
0
0
0
0
0
0
0
0
0
0
0
0
0
0
0
0
0
0
0
0
0
0
0
0
0
0
0
0
0
0
0
0
0
0
0
0
0
0
0
0
0
0
0
0
0
0
0
0
0
0
0
0
0
0
0
0
0
0
0
0
0
0
0
0
0
0
0
0
0
0
0
0
0
0
0
0
0
0
0
0
0
0
0
0
0
0
0
0
0
0
0
0
0
0
0
0
0
0
0
0
0
0
0
0
0
0
0
0
0
0
0
0
0
0
0
0
0
0
0
0
0
0
0
0
0
0
0
0
0
0
0
0
0
0
0
0
0
0
0
0
0
0
0
0
0
0
0
0
0
0
0
0
0
0
0
0
0
0
0
0
0
0
0
0
0
0
0
0
0
0
0
0
0
0
0
0
0
0
0
0
0
0
0
0
0
0
0
0
0
0
0
0
0
0
0
0
0
0
0
0
0
0
0
0
0
0
0
0
0
0
0
0
0
0
0
0
0
0
0
0
0
0
0
0
0
0
0
0
0
0
0
0
0
0
0
0
0
0
0
0
0
0
0
0
0
0
0
0
0
0
0
0
0
0
0
0
0
0
0
0
0
0
0
0
0
0
0
0
0
0
0
0
0
0
0
0
0
0
0
0
0
0
0
0
0
0
0
0
0
0
0
0
0
0
0
0
0
0
0
0
0
0
0
0
0
0
0
0
0
0
0
0
0
0
0
0
0
0
0
0
0
0
0
0
0
0
0
0
0
0
0
0
0
0
0
0
0
0
0
0
0
0
0
0
0
0
0
0
0
0
0
0
0
0
0
0
0
0
0
0
0
0
0
0
0
0
0
0
0
0
0
0
0
0
0
0
0
0
0
0
0
0
0
0
0
0
0
0
0
0
0
0
0
0
0
0
0
0
0
0
0
0
