int
0
0
0
1107
1794
0
0
1187
1840
1609
1026
1035
0
0
0
1800
1070
1179
0
1605
1059
1170
1796
1055
0
1155
1198
1051
1036
1545
1143
1066
1159
1603
1136
1571
1046
1539
1231
1577
1148
1850
1227
1223
1219
1846
1060
1215
1211
1573
1114
1040
1195
1191
1206
1183
1096
1175
1202
1541
1167
1163
1030
1147
1135
1131
1127
1123
1119
1111
1103
1095
1091
1087
1083
1079
3123
0
0
0
1107
1024
1149
0
1187
1842
1068
1059
1061
0
1055
1168
1143
1606
1037
1159
1196
1155
0
1051
1848
1137
1574
1603
1844
1571
1065
1547
1032
1578
1543
1045
1176
1539
1231
1227
1112
1793
1610
1223
1204
1219
1041
1215
1200
1802
1211
1097
1028
1195
1191
1183
1798
1175
1167
1163
1147
1135
1131
1127
1123
1119
1111
1103
1095
1091
1087
1083
1079
3123
0
0
0
1107
1024
1149
0
1187
1842
1068
1059
1061
0
1055
1168
1143
1578
1037
1159
1196
1155
0
1051
1848
1137
1610
1603
1844
1571
1065
1547
1032
1574
1543
1045
1176
1539
1231
1227
1112
1793
1606
1223
1204
1219
1041
1215
1200
1802
1211
1097
1028
1195
1191
1183
1798
1175
1167
1163
1147
1135
1131
1127
1123
1119
1111
1103
1095
1091
1087
1083
1079
3123
0
0
0
1107
1024
1149
0
1187
1842
1068
1059
1061
0
1055
1168
1143
1606
1037
1159
1196
1155
0
1051
1848
1137
1542
1603
1844
1579
1065
1575
1032
1546
1571
1045
1176
1539
1231
1227
1112
1793
1610
1223
1204
1219
1041
1215
1200
1802
1211
1097
1028
1195
1191
1183
1798
1175
1167
1163
1147
1135
1131
1127
1123
1119
1111
1103
1095
1091
1087
1083
1079
3123
0
0
0
0
1179
0
0
1148
1037
1847
1606
0
0
1115
0
1024
0
1065
1035
0
1610
0
1187
1568
0
0
1085
1207
0
0
1798
1072
1059
0
1849
1055
0
1168
1143
0
1842
1159
1029
1096
1155
0
1051
1603
1579
1196
1801
1082
1575
1547
1104
1543
1231
1227
1793
1068
1062
1223
1219
1215
1044
1211
1537
1195
1191
1200
1042
1183
1175
1167
1163
1147
1139
1135
1131
1127
1123
1119
1111
1103
1095
1091
3127
0
0
0
0
1179
0
0
0
1148
1037
1798
1847
0
0
0
1115
0
1024
0
1065
1035
1606
0
0
1187
0
1568
0
1207
1085
0
1059
1842
0
1055
1072
1143
0
1849
1159
0
1168
1155
1610
1051
1603
1579
1096
1029
1575
1547
1543
1231
1196
1082
1227
1223
1801
1104
1219
1215
1211
1195
1068
1062
1191
1793
1183
1044
1175
1167
1163
1147
1200
1042
1537
1139
1135
1131
1127
1123
1119
1111
1103
1095
1091
3127
0
0
0
1107
1024
1149
0
1187
1842
1068
1059
1061
0
1055
1168
1143
1546
1037
1159
1196
1155
0
1051
1848
1137
1610
1603
1844
1579
1065
1575
1032
1542
1571
1045
1176
1539
1231
1227
1112
1793
1606
1223
1204
1219
1041
1215
1200
1802
1211
1097
1028
1195
1191
1183
1798
1175
1167
1163
1147
1135
1131
1127
1123
1119
1111
1103
1095
1091
1087
1083
1079
3123
0
0
0
0
1179
0
0
0
1148
1037
1798
1847
0
0
0
1115
0
1024
0
1065
1035
1606
0
0
1187
0
1568
0
1207
1085
0
1059
1842
0
1055
1072
1143
0
1849
1159
0
1168
1155
1610
1051
1603
1579
1096
1029
1575
1547
1543
1231
1196
1082
1227
1223
1801
1104
1219
1215
1211
1195
1068
1062
1191
1793
1183
1044
1175
1167
1163
1147
1200
1042
1537
1139
1135
1131
1127
1123
1119
1111
1103
1095
1091
3127
0
0
0
0
1179
0
0
1148
1037
1847
1610
0
0
1115
0
1024
0
1065
1035
0
1606
0
1187
1568
0
0
1085
1207
0
0
1798
1072
1059
0
1849
1055
0
1168
1143
0
1842
1159
1029
1096
1155
0
1051
1603
1579
1196
1801
1082
1575
1547
1104
1543
1231
1227
1793
1068
1062
1223
1219
1215
1044
1211
1537
1195
1191
1200
1042
1183
1175
1167
1163
1147
1139
1135
1131
1127
1123
1119
1111
1103
1095
1091
3127
0
0
0
1107
1024
1149
0
1187
1842
1068
1059
1061
0
1055
1168
1143
1542
1037
1159
1196
1155
0
1051
1848
1137
1574
1611
1844
1607
1065
1603
1032
1578
1571
1045
1176
1539
1231
1227
1112
1793
1546
1223
1204
1219
1041
1215
1200
1802
1211
1097
1028
1195
1191
1183
1798
1175
1167
1163
1147
1135
1131
1127
1123
1119
1111
1103
1095
1091
1087
1083
1079
3123
0
0
0
0
1043
0
0
1600
1069
1851
1574
0
0
1179
0
1024
0
1089
1031
0
1802
0
1107
1136
0
0
1045
1203
0
0
1578
1076
1055
0
1537
1059
0
1168
1143
0
1842
1159
1845
1096
1155
0
1051
1611
1607
1196
1797
1082
1571
1547
1112
1543
1231
1227
1793
1184
1062
1223
1219
1215
1204
1211
1149
1195
1191
1064
1038
1183
1175
1167
1033
1163
1147
1135
1131
1127
1123
1119
1111
1103
1095
1087
3123
0
0
0
0
1207
0
0
0
1032
1069
1574
1067
0
0
0
0
1043
1600
0
1089
1851
1578
0
0
1179
0
1024
0
1031
1045
0
0
1842
1107
0
1136
0
1203
1537
0
1055
0
0
1802
1076
1059
0
1845
1143
0
1168
1159
0
1082
1155
0
1096
1797
1051
1611
1607
1571
1196
1062
1547
1543
1793
1112
1231
1227
1223
1219
1184
1038
1215
1149
1211
1195
1191
1183
1175
1167
1163
1147
1135
1131
1127
1123
1119
1111
1103
1095
1087
3123
0
0
0
0
1199
0
0
1076
1041
1115
1542
0
0
0
1099
1072
0
1069
0
1187
1798
0
0
1600
1107
0
1089
0
0
1179
1546
1028
0
0
1027
1137
0
1055
0
1032
1842
1059
0
1051
1085
1036
1159
0
1155
0
1802
1060
1849
1143
1611
1607
1792
1579
1575
1066
1845
1168
1539
1231
1227
1223
1204
1219
1569
1046
1215
1200
1211
1195
1191
1183
1175
1167
1163
1151
1147
1135
1131
1127
1123
1119
1111
1103
1095
3131
0
0
0
0
0
0
1171
0
0
0
1072
1069
1066
1099
0
0
0
0
0
0
1199
1600
1849
0
1062
1207
0
0
0
0
1203
0
1032
1845
0
1179
1046
0
0
0
1115
0
0
1028
1841
1187
0
0
1086
0
1107
0
0
1059
1568
1801
1055
0
1155
0
1082
1211
0
1143
0
1024
1797
1051
0
1159
1611
1607
1042
1579
1575
1547
1088
1793
1543
1231
1227
1223
1219
1215
1038
1195
1191
1536
1077
1183
1175
1167
1163
1151
1147
1139
1135
1131
1127
1123
1119
1111
1103
3143
0
0
0
0
0
0
1171
0
0
0
0
1072
1069
1066
1099
0
0
0
0
0
0
1199
0
1600
1849
0
1062
1207
0
0
0
0
1203
0
0
1032
1845
1179
0
1046
0
0
1115
0
0
0
0
1028
1841
1187
0
0
1086
0
1107
0
0
1059
0
1568
1801
1055
0
1155
0
1082
1143
0
1167
0
1051
1024
1797
1211
0
1195
0
1159
1042
1611
1607
1579
1575
1088
1793
1547
1543
1231
1227
1223
1219
1038
1215
1191
1183
1536
1077
1175
1163
1151
1147
1139
1135
1131
1127
1123
1119
1111
1103
3143
0
0
0
0
1199
0
0
0
1076
1041
1542
1115
0
0
0
0
1099
1072
0
1069
0
1546
1187
0
0
0
1600
1107
0
1089
0
0
1842
1179
0
1028
0
0
1027
1137
0
1055
0
1802
1032
1059
0
1051
0
1085
1036
1159
0
1155
1798
1143
1060
1611
1849
1607
1579
1792
1575
1539
1066
1231
1168
1845
1227
1223
1219
1204
1215
1211
1046
1195
1200
1569
1191
1183
1175
1167
1163
1151
1147
1135
1131
1127
1123
1119
1111
1103
1095
3131
0
0
0
0
0
0
1171
0
0
0
0
1072
1069
1066
1099
0
0
0
0
0
0
1199
0
1600
1849
0
1062
1207
0
0
0
0
1203
0
0
1032
1845
1179
0
1046
0
0
1115
0
0
0
0
1028
1841
1187
0
0
1086
0
1107
0
0
1059
0
1568
1801
1055
0
1155
0
1082
1211
0
1143
0
1051
1024
1797
1159
1611
1607
1579
1575
1042
1547
1543
1231
1227
1088
1793
1223
1219
1215
1195
1191
1183
1038
1175
1167
1163
1536
1077
1151
1147
1139
1135
1131
1127
1123
1119
1111
1103
3143
0
0
0
0
0
0
1171
0
0
0
0
1072
1069
1066
1099
0
0
0
0
0
0
1199
0
1600
1849
0
1062
1207
0
0
0
0
1203
0
0
1032
1845
1179
0
1046
0
0
1115
0
0
0
0
1028
1841
1187
0
0
1086
0
1107
0
0
1059
0
1568
1801
1055
0
1155
0
1082
1211
0
1143
0
1051
1024
1797
1159
1611
1607
1579
1575
1042
1547
1543
1231
1227
1088
1793
1223
1219
1215
1195
1191
1183
1038
1175
1167
1163
1536
1077
1151
1147
1139
1135
1131
1127
1123
1119
1111
1103
3143
0
0
0
1107
1024
1149
0
1187
1842
1068
1059
1061
0
1055
1168
1143
1578
1037
1159
1196
1155
0
1051
1848
1137
1546
1611
1844
1607
1065
1603
1032
1574
1571
1045
1176
1539
1231
1227
1112
1793
1542
1223
1204
1219
1041
1215
1200
1802
1211
1097
1028
1195
1191
1183
1798
1175
1167
1163
1147
1135
1131
1127
1123
1119
1111
1103
1095
1091
1087
1083
1079
3123
0
0
0
0
1207
0
0
0
1032
1069
1574
1067
0
0
0
0
1043
1600
0
1089
1851
1578
0
0
1179
0
1024
0
1031
1045
0
0
1842
1107
0
1136
0
1203
1537
0
1055
0
0
1802
1076
1059
0
1845
1143
0
1168
1159
0
1082
1155
0
1096
1797
1051
1611
1607
1571
1196
1062
1547
1543
1793
1112
1231
1227
1223
1219
1184
1038
1215
1149
1211
1195
1191
1183
1175
1167
1163
1147
1135
1131
1127
1123
1119
1111
1103
1095
1087
3123
0
0
0
0
1043
0
0
1600
1069
1851
1578
0
0
1179
0
1024
0
1089
1031
0
1802
0
1107
1136
0
0
1045
1203
0
0
1574
1076
1055
0
1537
1059
0
1168
1143
0
1842
1159
1845
1096
1155
0
1051
1611
1607
1196
1797
1082
1571
1547
1112
1543
1231
1227
1793
1184
1062
1223
1219
1215
1204
1211
1149
1195
1191
1064
1038
1183
1175
1167
1033
1163
1147
1135
1131
1127
1123
1119
1111
1103
1095
1087
3123
0
0
0
0
1199
0
0
0
1076
1041
1542
1115
0
0
0
0
1099
1072
0
1069
0
1546
1187
0
0
0
1600
1107
0
1089
0
0
1842
1179
0
1028
0
0
1027
1137
0
1055
0
1802
1032
1059
0
1051
0
1085
1036
1159
0
1155
1798
1143
1060
1611
1849
1607
1579
1792
1575
1539
1066
1231
1168
1845
1227
1223
1219
1204
1215
1211
1046
1195
1200
1569
1191
1183
1175
1167
1163
1151
1147
1135
1131
1127
1123
1119
1111
1103
1095
3131
0
0
0
0
0
0
1171
0
0
0
0
1072
1069
1066
1099
0
0
0
0
0
0
1199
0
1600
1849
0
1062
1207
0
0
0
0
1203
0
0
1032
1845
1179
0
1046
0
0
1115
0
0
0
0
1028
1841
1187
0
0
1086
0
1107
0
0
1059
0
1568
1801
1055
0
1155
0
1082
1211
0
1143
0
1051
1024
1797
1159
1611
1607
1579
1575
1042
1547
1543
1231
1227
1088
1793
1223
1219
1215
1195
1191
1183
1038
1175
1167
1163
1536
1077
1151
1147
1139
1135
1131
1127
1123
1119
1111
1103
3143
0
0
0
0
0
0
1171
0
0
0
0
1072
1069
1066
1099
0
0
0
0
0
0
1199
0
1600
1849
0
1062
1207
0
0
0
0
1203
0
0
1032
1845
1179
0
1046
0
0
1115
0
0
0
0
1028
1841
1187
0
0
1086
0
1107
0
0
1059
0
1568
1801
1055
0
1155
0
1082
1211
0
1143
0
1051
1024
1797
1159
1611
1607
1579
1575
1042
1547
1543
1231
1227
1088
1793
1223
1219
1215
1195
1191
1183
1038
1175
1167
1163
1536
1077
1151
1147
1139
1135
1131
1127
1123
1119
1111
1103
3143
0
0
0
0
1199
0
0
1076
1041
1115
1546
0
0
0
1099
1072
0
1069
0
1187
1798
0
0
1600
1107
0
1089
0
0
1179
1542
1028
0
0
1027
1137
0
1055
0
1032
1842
1059
0
1051
1085
1036
1159
0
1155
0
1802
1060
1849
1143
1611
1607
1792
1579
1575
1066
1845
1168
1539
1231
1227
1223
1204
1219
1569
1046
1215
1200
1211
1195
1191
1183
1175
1167
1163
1151
1147
1135
1131
1127
1123
1119
1111
1103
1095
3131
0
0
0
0
0
0
1171
0
0
0
0
1072
1069
1066
1099
0
0
0
0
0
0
1199
0
1600
1849
0
1062
1207
0
0
0
0
1203
0
0
1032
1845
1179
0
1046
0
0
1115
0
0
0
0
1028
1841
1187
0
0
1086
0
1107
0
0
1059
0
1568
1801
1055
0
1155
0
1082
1143
0
1167
0
1051
1024
1797
1211
0
1195
0
1159
1042
1611
1607
1579
1575
1088
1793
1547
1543
1231
1227
1223
1219
1038
1215
1191
1183
1536
1077
1175
1163
1151
1147
1139
1135
1131
1127
1123
1119
1111
1103
3143
0
0
0
0
0
0
1171
0
0
0
1072
1069
1066
1099
0
0
0
0
0
0
1199
1600
1849
0
1062
1207
0
0
0
0
1203
0
1032
1845
0
1179
1046
0
0
0
1115
0
0
1028
1841
1187
0
0
1086
0
1107
0
0
1059
1568
1801
1055
0
1155
0
1082
1211
0
1143
0
1024
1797
1051
0
1159
1611
1607
1042
1579
1575
1547
1088
1793
1543
1231
1227
1223
1219
1215
1038
1195
1191
1536
1077
1183
1175
1167
1163
1151
1147
1139
1135
1131
1127
1123
1119
1111
1103
3143
0
0
0
0
0
0
1171
0
0
0
1072
1069
1066
1099
0
0
0
0
0
0
1199
1600
1849
0
1062
1207
0
0
0
0
1203
0
1032
1845
0
1179
1046
0
0
0
1115
0
0
1028
1841
1187
0
0
1086
0
1107
0
0
1059
1568
1801
1055
0
1155
0
1082
1211
0
1143
0
1024
1797
1051
0
1159
1611
1607
1042
1579
1575
1547
1088
1793
1543
1231
1227
1223
1219
1215
1038
1195
1191
1536
1077
1183
1175
1167
1163
1151
1147
1139
1135
1131
1127
1123
1119
1111
1103
3143
0
0
0
0
0
0
0
0
0
0
0
0
0
0
0
0
0
0
0
0
0
0
0
0
0
0
0
0
0
0
0
0
0
0
0
0
0
0
0
0
0
0
0
0
0
0
0
0
0
0
0
0
0
0
0
0
0
0
0
0
0
0
0
0
0
0
0
0
0
0
0
0
0
0
0
0
0
0
0
0
0
0
0
0
0
0
0
0
0
0
0
0
0
0
0
0
0
0
0
0
0
0
0
0
0
0
0
0
0
0
0
0
0
0
0
0
0
0
0
0
0
0
0
0
0
0
0
0
0
0
0
0
0
0
0
0
0
0
0
0
0
0
0
0
0
0
0
0
0
0
0
0
0
0
0
0
0
0
0
0
0
0
0
0
0
0
0
0
0
0
0
0
0
0
0
0
0
0
0
0
0
0
0
0
0
0
0
0
0
0
0
0
0
0
0
0
0
0
0
0
0
0
0
0
0
0
0
0
0
0
0
0
0
0
0
0
0
0
0
0
0
0
0
0
0
0
0
0
0
0
0
0
0
0
0
0
0
0
0
0
0
0
0
0
0
0
0
0
0
0
0
0
0
0
0
0
0
0
0
0
0
0
0
0
0
0
0
0
0
0
0
0
0
0
0
0
0
0
0
0
0
0
0
0
0
0
0
0
0
0
0
0
0
0
0
0
0
0
0
0
0
0
0
0
0
0
0
0
0
0
0
0
0
0
0
0
0
0
0
0
0
0
0
0
0
0
0
0
0
0
0
0
0
0
0
0
0
0
0
0
0
0
0
0
0
0
0
0
0
0
0
0
0
0
0
0
0
0
0
0
0
0
0
0
0
0
0
0
0
0
0
0
0
0
0
0
0
0
0
0
0
0
0
0
0
0
0
0
0
0
0
0
0
0
0
0
0
0
0
0
0
0
0
0
0
0
0
0
0
0
0
0
0
0
0
0
0
0
0
0
0
0
0
0
0
0
0
0
0
0
0
0
0
0
0
0
0
0
0
0
0
0
0
0
0
0
0
0
0
0
0
0
0
0
0
0
0
0
0
0
0
0
0
0
0
0
0
0
0
0
0
0
0
0
0
0
0
0
0
0
0
0
0
0
0
0
0
0
0
0
0
0
0
0
0
0
0
0
0
0
0
0
0
0
0
0
0
0
0
0
0
0
0
0
0
0
0
0
0
0
0
0
0
0
0
0
0
0
0
0
0
0
0
0
0
0
0
0
0
0
0
0
0
0
0
0
0
0
0
0
0
0
0
0
0
0
0
0
0
0
0
0
0
0
0
0
0
0
0
0
0
0
0
0
0
0
0
0
0
0
0
0
0
0
0
0
0
0
0
0
0
0
0
0
0
0
0
0
0
0
0
0
0
0
0
0
0
0
0
0
0
0
0
0
0
0
0
0
0
0
0
0
0
0
0
0
0
0
0
0
0
0
0
0
0
0
0
0
0
0
0
0
0
0
0
0
0
0
0
0
0
0
0
0
0
0
0
0
0
0
0
0
0
0
0
0
0
0
0
0
0
0
0
0
0
0
0
0
0
0
0
0
0
0
0
0
0
0
0
0
0
0
0
0
0
0
0
0
0
0
0
0
0
0
0
0
0
0
0
0
0
0
0
0
0
0
0
0
0
0
0
0
0
0
0
0
0
0
0
0
0
0
0
0
0
0
0
0
0
0
0
0
0
0
0
0
0
0
0
0
0
0
0
0
0
0
0
0
0
0
0
0
0
0
0
0
0
0
0
0
0
0
0
0
0
0
0
0
0
0
0
0
0
0
0
0
0
0
0
0
0
0
0
0
0
0
0
0
0
0
0
0
0
0
0
0
0
0
0
0
0
0
0
0
0
0
0
0
0
0
0
0
0
0
0
0
0
0
0
0
0
0
0
0
0
0
0
0
0
0
0
0
0
0
0
0
0
0
0
0
0
0
0
0
0
0
0
0
0
0
0
0
0
0
0
0
0
0
0
0
0
0
0
0
0
0
0
0
0
0
0
0
0
0
0
0
0
0
0
0
0
0
0
0
0
0
0
0
0
0
0
0
0
0
0
0
0
0
0
0
0
0
0
0
0
0
0
0
0
0
0
0
0
0
0
0
0
0
0
0
0
0
0
0
0
0
0
0
0
0
0
0
0
0
0
0
0
0
0
0
0
0
0
0
0
0
0
0
0
0
0
0
0
0
0
0
0
0
0
0
0
0
0
0
0
0
0
0
0
0
0
0
0
0
0
0
0
0
0
0
0
0
0
0
0
0
0
0
0
0
0
0
0
0
0
0
0
0
0
0
0
0
0
0
0
0
0
0
0
0
0
0
0
0
0
0
0
0
0
0
0
0
0
0
0
0
0
0
0
0
0
0
0
0
0
0
0
0
0
0
0
0
0
0
0
0
0
0
0
0
0
0
0
0
0
0
0
0
0
0
0
0
0
0
0
0
0
0
0
0
0
0
0
0
0
0
0
0
0
0
0
0
0
0
0
0
0
0
0
0
0
0
0
0
0
0
0
0
0
0
0
0
0
0
0
0
0
0
0
0
0
0
0
0
0
0
0
0
0
0
0
0
0
0
0
0
0
0
0
0
0
0
0
0
0
0
0
0
0
0
0
0
0
0
0
0
0
0
0
0
0
0
0
0
0
0
0
0
0
0
0
0
0
0
0
0
0
0
0
0
0
0
0
0
0
0
0
0
0
0
0
0
0
0
0
0
0
0
0
0
0
0
0
0
0
0
0
0
0
0
0
0
0
0
0
0
0
0
0
0
0
0
0
0
0
0
0
0
0
0
0
0
0
0
0
0
0
0
0
0
0
0
0
0
0
0
0
0
0
0
0
0
0
0
0
0
0
0
0
0
0
0
0
0
0
0
0
0
0
0
0
0
0
0
0
0
0
0
0
0
0
0
0
0
0
0
0
0
0
0
0
0
0
0
0
0
0
0
0
0
0
0
0
0
0
0
0
0
0
0
0
0
0
0
0
0
0
0
0
0
0
0
0
0
0
0
0
0
0
0
0
0
0
0
0
0
0
0
0
0
0
0
0
0
0
0
0
0
0
0
0
0
0
0
0
0
0
0
0
0
0
0
0
0
0
0
0
0
0
0
0
0
0
0
0
0
0
0
0
0
0
0
0
0
0
0
0
0
0
0
0
0
0
0
0
0
0
0
0
0
0
0
0
0
0
0
0
0
0
0
0
0
0
0
0
0
0
0
0
0
0
0
0
0
0
0
0
0
0
0
0
0
0
0
0
0
0
0
0
0
0
0
0
0
0
0
0
0
0
0
0
0
0
0
0
0
0
0
0
0
0
0
0
0
0
0
0
0
0
0
0
0
0
0
0
0
0
0
0
0
0
0
0
0
0
0
0
0
0
0
0
0
0
0
0
0
0
0
0
0
0
0
0
0
0
0
0
0
0
0
0
0
0
0
0
0
0
0
0
0
0
0
0
0
0
0
0
0
0
0
0
0
0
0
0
0
0
0
0
