int
1603
1571
1040
1539
1801
1608
1231
1227
1604
1797
1062
1028
1223
1219
1576
1201
1215
1572
1170
1211
1056
1185
1112
1195
1048
1191
1104
1177
1156
1198
1152
1183
1148
1205
1036
1175
1140
1545
1024
1832
1828
1824
1816
1812
1808
1541
1794
1167
1053
1163
1147
1033
1066
1139
1045
1135
1131
1127
1070
1123
1119
1111
1103
1099
1095
1091
1087
1083
1079
3123
1827
1819
1056
1815
1811
1052
1069
1611
1032
1062
1603
1044
1801
1579
1040
1571
1148
1797
1036
1170
1140
1547
1024
1201
1112
1543
1048
1198
1104
1185
1604
1539
1156
1231
1152
1177
1572
1832
1828
1794
1205
1227
1223
1029
1219
1066
1215
1211
1195
1191
1183
1175
1167
1163
1147
1139
1135
1131
1127
1123
1119
1111
1103
1099
1095
1091
1087
1083
1079
3123
1827
1819
1056
1815
1811
1052
1069
1607
1032
1062
1603
1044
1801
1575
1040
1571
1148
1797
1036
1170
1140
1547
1024
1201
1112
1543
1048
1198
1608
1185
1104
1539
1156
1231
1576
1177
1152
1832
1828
1794
1205
1227
1223
1029
1219
1066
1215
1211
1195
1191
1183
1175
1167
1163
1147
1139
1135
1131
1127
1123
1119
1111
1103
1099
1095
1091
1087
1083
1079
3123
1835
1831
1052
1827
1819
1032
1069
1815
1044
1062
1811
1040
1801
1603
1028
1579
1575
1056
1797
1140
1170
1540
1571
1024
1201
1112
1547
1048
1198
1104
1185
1608
1539
1156
1231
1152
1177
1148
1794
1036
1227
1205
1223
1219
1605
1066
1215
1211
1195
1191
1183
1175
1167
1163
1147
1139
1135
1131
1127
1123
1119
1111
1103
1099
1095
1091
1087
1083
1079
3123
0
1115
1052
1571
0
1032
1069
1039
1044
1107
1062
1084
1201
1835
1080
1831
1827
1040
1801
1198
1604
1819
1815
1028
1177
1536
1811
1024
1170
1072
1797
1156
1603
1152
1579
1148
1185
1608
1794
1048
1575
1140
1205
1547
1543
1057
1066
1231
1227
1223
1219
1215
1211
1195
1191
1183
1175
1167
1163
1147
1139
1135
1131
1127
1123
1119
1111
1103
1099
1095
1091
3127
0
1051
1148
1107
0
1040
1801
1159
1536
1835
1831
1028
1177
1062
1072
1827
1819
1056
1069
1815
1608
1811
1198
1604
1201
1603
1052
1579
1575
1032
1797
1170
1044
1547
1543
1568
1185
1152
1231
1036
1794
1140
1205
1024
1227
1112
1081
1223
1066
1219
1085
1215
1211
1195
1191
1183
1175
1167
1163
1147
1139
1135
1131
1127
1123
1119
1111
1103
1099
1095
1091
3127
1835
1831
1052
1827
1819
1032
1069
1815
1044
1062
1811
1040
1801
1603
1028
1579
1575
1608
1797
1544
1170
1140
1571
1024
1201
1112
1543
1048
1198
1104
1185
1604
1539
1156
1231
1152
1177
1148
1794
1036
1227
1205
1223
1219
1057
1066
1215
1211
1195
1191
1183
1175
1167
1163
1147
1139
1135
1131
1127
1123
1119
1111
1103
1099
1095
1091
1087
1083
1079
3123
0
1051
1148
1107
0
1040
1801
1159
1536
1835
1831
1028
1177
1062
1072
1827
1819
1056
1069
1815
1608
1811
1198
1604
1201
1603
1052
1579
1575
1032
1797
1170
1044
1547
1543
1568
1185
1152
1231
1036
1794
1140
1205
1024
1227
1112
1081
1223
1066
1219
1085
1215
1211
1195
1191
1183
1175
1167
1163
1147
1139
1135
1131
1127
1123
1119
1111
1103
1099
1095
1091
3127
0
1115
1052
1571
0
1032
1069
1039
1044
1107
1062
1084
1201
1835
1080
1831
1827
1608
1801
1198
1040
1819
1815
1028
1177
1536
1811
1024
1170
1072
1797
1156
1603
1152
1579
1148
1185
1604
1794
1048
1575
1140
1205
1547
1543
1057
1066
1231
1227
1223
1219
1215
1211
1195
1191
1183
1175
1167
1163
1147
1139
1135
1131
1127
1123
1119
1111
1103
1099
1095
1091
3127
1835
1831
1032
1827
1819
1044
1069
1815
1572
1062
1811
1040
1801
1611
1028
1607
1603
1056
1797
1140
1170
1540
1571
1024
1201
1112
1547
1048
1198
1104
1185
1156
1539
1152
1231
1148
1177
1576
1794
1036
1227
1205
1223
1219
1053
1066
1215
1211
1195
1191
1183
1175
1167
1163
1147
1139
1135
1131
1127
1123
1119
1111
1103
1099
1095
1091
1087
1083
1079
3123
0
1027
1032
1539
1835
1088
1205
1831
1044
1827
1062
1080
1065
1819
1040
1815
1811
1028
1185
1198
1056
1611
1048
1607
1156
1797
1152
1571
1148
1170
1112
1801
1140
1547
1136
1543
1036
1177
1600
1794
1576
1231
1104
1201
1076
1227
1053
1070
1223
1573
1219
1215
1211
1195
1191
1183
1175
1167
1163
1147
1135
1131
1127
1123
1119
1111
1103
1099
1095
1087
3123
0
1051
1136
1107
0
1536
1797
1039
1056
1159
1835
1052
1185
1062
1032
1831
1827
1044
1205
1819
1040
1815
1198
1148
1065
1811
1600
1611
1607
1576
1801
1170
1572
1571
1547
1076
1177
1543
1028
1794
1152
1201
1024
1231
1140
1089
1112
1070
1227
1081
1223
1219
1215
1211
1195
1191
1183
1175
1167
1163
1147
1135
1131
1127
1123
1119
1111
1103
1099
1095
1087
3123
0
1143
1076
1835
1831
1540
1801
1827
1072
1062
1819
1056
1815
1797
1052
1811
1611
1032
1198
1177
1044
1607
1579
1600
1575
1205
1040
1170
1539
1028
1231
1544
1201
1136
1227
1112
1070
1036
1185
1104
1223
1156
1089
1152
1794
1024
1085
1048
1219
1569
1215
1211
1066
1195
1191
1183
1175
1167
1163
1151
1147
1135
1131
1127
1123
1119
1111
1103
1099
1095
3131
0
1115
0
1084
1027
0
1159
1088
1793
1155
0
1536
1062
1211
1076
1801
1835
1568
1831
1827
1072
1819
1797
1056
1198
1815
1052
1811
1177
1032
1611
1607
1044
1579
1205
1040
1170
1575
1600
1547
1201
1028
1543
1104
1066
1048
1185
1140
1231
1036
1227
1081
1070
1223
1219
1215
1195
1191
1183
1175
1167
1163
1151
1147
1139
1135
1131
1127
1123
1119
1111
1103
1099
3143
0
1159
0
1155
1084
1107
0
1801
1051
1088
1211
0
1195
1062
1536
1797
1143
0
1600
1039
0
1115
1072
1793
1198
1835
1076
1831
1827
1185
1568
1819
1815
1052
1170
1205
1032
1811
1611
1044
1607
1201
1040
1070
1579
1028
1575
1081
1056
1547
1164
1543
1024
1177
1066
1231
1227
1223
1219
1215
1191
1183
1175
1163
1151
1147
1139
1135
1131
1127
1123
1119
1111
1103
1099
3143
0
1115
0
1600
1039
0
1107
1072
1793
1062
1159
1076
1835
1831
1827
1568
1169
1819
1052
1070
1815
1544
1177
1811
1540
1611
1607
1032
1205
1066
1044
1579
1575
1040
1201
1539
1028
1198
1231
1136
1185
1227
1056
1223
1152
1089
1024
1802
1048
1219
1140
1085
1215
1211
1195
1798
1191
1183
1175
1167
1163
1151
1147
1135
1131
1127
1123
1119
1111
1103
1099
1095
3131
0
1143
0
1039
1084
1115
0
1801
1027
1088
1159
0
1155
1062
1536
1797
1211
1835
1600
1831
1827
1819
1072
1793
1198
1815
1076
1811
1611
1185
1568
1607
1579
1052
1170
1205
1032
1575
1547
1044
1543
1201
1040
1070
1231
1028
1227
1081
1056
1223
1104
1219
1048
1177
1066
1215
1195
1191
1183
1175
1167
1163
1151
1147
1139
1135
1131
1127
1123
1119
1111
1103
1099
3143
0
1143
0
1039
1084
1115
0
1801
1027
1088
1159
0
1155
1062
1536
1797
1211
1835
1600
1831
1827
1819
1072
1793
1198
1815
1076
1811
1611
1185
1568
1607
1579
1052
1170
1205
1032
1575
1547
1044
1543
1201
1040
1070
1231
1028
1227
1081
1056
1223
1104
1219
1048
1177
1066
1215
1195
1191
1183
1175
1167
1163
1151
1147
1139
1135
1131
1127
1123
1119
1111
1103
1099
3143
1835
1831
1032
1827
1819
1576
1069
1815
1044
1062
1811
1040
1801
1611
1028
1607
1603
1056
1797
1544
1170
1140
1571
1024
1201
1112
1543
1048
1198
1104
1185
1156
1539
1152
1231
1148
1177
1572
1794
1036
1227
1205
1223
1219
1053
1066
1215
1211
1195
1191
1183
1175
1167
1163
1147
1139
1135
1131
1127
1123
1119
1111
1103
1099
1095
1091
1087
1083
1079
3123
0
1051
1136
1107
0
1536
1797
1039
1056
1159
1835
1052
1185
1062
1032
1831
1827
1044
1205
1819
1040
1815
1198
1148
1065
1811
1600
1611
1607
1576
1801
1170
1572
1571
1547
1076
1177
1543
1028
1794
1152
1201
1024
1231
1140
1089
1112
1070
1227
1081
1223
1219
1215
1211
1195
1191
1183
1175
1167
1163
1147
1135
1131
1127
1123
1119
1111
1103
1099
1095
1087
3123
0
1027
1032
1539
1835
1088
1205
1831
1044
1827
1062
1080
1065
1819
1040
1815
1811
1028
1185
1198
1056
1611
1048
1607
1156
1797
1152
1571
1148
1170
1112
1801
1140
1547
1136
1543
1036
1177
1600
1794
1572
1231
1104
1201
1076
1227
1577
1070
1223
1053
1219
1215
1211
1195
1191
1183
1175
1167
1163
1147
1135
1131
1127
1123
1119
1111
1103
1099
1095
1087
3123
0
1115
0
1600
1039
0
1107
1072
1793
1062
1159
1076
1835
1831
1827
1568
1169
1819
1052
1070
1815
1544
1177
1811
1540
1611
1607
1032
1205
1066
1044
1579
1575
1040
1201
1539
1028
1198
1231
1136
1185
1227
1056
1223
1152
1089
1024
1802
1048
1219
1140
1085
1215
1211
1195
1798
1191
1183
1175
1167
1163
1151
1147
1135
1131
1127
1123
1119
1111
1103
1099
1095
3131
0
1143
0
1039
1084
1115
0
1801
1027
1088
1159
0
1155
1062
1536
1797
1211
1835
1600
1831
1827
1819
1072
1793
1198
1815
1076
1811
1611
1185
1568
1607
1579
1052
1170
1205
1032
1575
1547
1044
1543
1201
1040
1070
1231
1028
1227
1081
1056
1223
1104
1219
1048
1177
1066
1215
1195
1191
1183
1175
1167
1163
1151
1147
1139
1135
1131
1127
1123
1119
1111
1103
1099
3143
0
1143
0
1039
1084
1115
0
1801
1027
1088
1159
0
1155
1062
1536
1797
1211
1835
1600
1831
1827
1819
1072
1793
1198
1815
1076
1811
1611
1185
1568
1607
1579
1052
1170
1205
1032
1575
1547
1044
1543
1201
1040
1070
1231
1028
1227
1081
1056
1223
1104
1219
1048
1177
1066
1215
1195
1191
1183
1175
1167
1163
1151
1147
1139
1135
1131
1127
1123
1119
1111
1103
1099
3143
0
1143
1544
1835
1831
1076
1801
1827
1072
1062
1819
1056
1815
1797
1052
1811
1611
1032
1198
1177
1044
1607
1579
1600
1575
1205
1040
1170
1539
1028
1231
1540
1201
1136
1227
1112
1070
1036
1185
1104
1223
1156
1089
1152
1794
1024
1085
1048
1219
1569
1215
1211
1066
1195
1191
1183
1175
1167
1163
1151
1147
1135
1131
1127
1123
1119
1111
1103
1099
1095
3131
0
1159
0
1155
1084
1107
0
1801
1051
1088
1211
0
1195
1062
1536
1797
1143
0
1600
1039
0
1115
1072
1793
1198
1835
1076
1831
1827
1185
1568
1819
1815
1052
1170
1205
1032
1811
1611
1044
1607
1201
1040
1070
1579
1028
1575
1081
1056
1547
1164
1543
1024
1177
1066
1231
1227
1223
1219
1215
1191
1183
1175
1163
1151
1147
1139
1135
1131
1127
1123
1119
1111
1103
1099
3143
0
1115
0
1084
1027
0
1159
1088
1793
1155
0
1536
1062
1211
1076
1801
1835
1568
1831
1827
1072
1819
1797
1056
1198
1815
1052
1811
1177
1032
1611
1607
1044
1579
1205
1040
1170
1575
1600
1547
1201
1028
1543
1104
1066
1048
1185
1140
1231
1036
1227
1081
1070
1223
1219
1215
1195
1191
1183
1175
1167
1163
1151
1147
1139
1135
1131
1127
1123
1119
1111
1103
1099
3143
0
1115
0
1084
1027
0
1159
1088
1793
1155
0
1536
1062
1211
1076
1801
1835
1568
1831
1827
1072
1819
1797
1056
1198
1815
1052
1811
1177
1032
1611
1607
1044
1579
1205
1040
1170
1575
1600
1547
1201
1028
1543
1104
1066
1048
1185
1140
1231
1036
1227
1081
1070
1223
1219
1215
1195
1191
1183
1175
1167
1163
1151
1147
1139
1135
1131
1127
1123
1119
1111
1103
1099
3143
0
0
0
0
0
0
0
0
0
0
0
0
0
0
0
0
0
0
0
0
0
0
0
0
0
0
0
0
0
0
0
0
0
0
0
0
0
0
0
0
0
0
0
0
0
0
0
0
0
0
0
0
0
0
0
0
0
0
0
0
0
0
0
0
0
0
0
0
0
0
0
0
0
0
0
0
0
0
0
0
0
0
0
0
0
0
0
0
0
0
0
0
0
0
0
0
0
0
0
0
0
0
0
0
0
0
0
0
0
0
0
0
0
0
0
0
0
0
0
0
0
0
0
0
0
0
0
0
0
0
0
0
0
0
0
0
0
0
0
0
0
0
0
0
0
0
0
0
0
0
0
0
0
0
0
0
0
0
0
0
0
0
0
0
0
0
0
0
0
0
0
0
0
0
0
0
0
0
0
0
0
0
0
0
0
0
0
0
0
0
0
0
0
0
0
0
0
0
0
0
0
0
0
0
0
0
0
0
0
0
0
0
0
0
0
0
0
0
0
0
0
0
0
0
0
0
0
0
0
0
0
0
0
0
0
0
0
0
0
0
0
0
0
0
0
0
0
0
0
0
0
0
0
0
0
0
0
0
0
0
0
0
0
0
0
0
0
0
0
0
0
0
0
0
0
0
0
0
0
0
0
0
0
0
0
0
0
0
0
0
0
0
0
0
0
0
0
0
0
0
0
0
0
0
0
0
0
0
0
0
0
0
0
0
0
0
0
0
0
0
0
0
0
0
0
0
0
0
0
0
0
0
0
0
0
0
0
0
0
0
0
0
0
0
0
0
0
0
0
0
0
0
0
0
0
0
0
0
0
0
0
0
0
0
0
0
0
0
0
0
0
0
0
0
0
0
0
0
0
0
0
0
0
0
0
0
0
0
0
0
0
0
0
0
0
0
0
0
0
0
0
0
0
0
0
0
0
0
0
0
0
0
0
0
0
0
0
0
0
0
0
0
0
0
0
0
0
0
0
0
0
0
0
0
0
0
0
0
0
0
0
0
0
0
0
0
0
0
0
0
0
0
0
0
0
0
0
0
0
0
0
0
0
0
0
0
0
0
0
0
0
0
0
0
0
0
0
0
0
0
0
0
0
0
0
0
0
0
0
0
0
0
0
0
0
0
0
0
0
0
0
0
0
0
0
0
0
0
0
0
0
0
0
0
0
0
0
0
0
0
0
0
0
0
0
0
0
0
0
0
0
0
0
0
0
0
0
0
0
0
0
0
0
0
0
0
0
0
0
0
0
0
0
0
0
0
0
0
0
0
0
0
0
0
0
0
0
0
0
0
0
0
0
0
0
0
0
0
0
0
0
0
0
0
0
0
0
0
0
0
0
0
0
0
0
0
0
0
0
0
0
0
0
0
0
0
0
0
0
0
0
0
0
0
0
0
0
0
0
0
0
0
0
0
0
0
0
0
0
0
0
0
0
0
0
0
0
0
0
0
0
0
0
0
0
0
0
0
0
0
0
0
0
0
0
0
0
0
0
0
0
0
0
0
0
0
0
0
0
0
0
0
0
0
0
0
0
0
0
0
0
0
0
0
0
0
0
0
0
0
0
0
0
0
0
0
0
0
0
0
0
0
0
0
0
0
0
0
0
0
0
0
0
0
0
0
0
0
0
0
0
0
0
0
0
0
0
0
0
0
0
0
0
0
0
0
0
0
0
0
0
0
0
0
0
0
0
0
0
0
0
0
0
0
0
0
0
0
0
0
0
0
0
0
0
0
0
0
0
0
0
0
0
0
0
0
0
0
0
0
0
0
0
0
0
0
0
0
0
0
0
0
0
0
0
0
0
0
0
0
0
0
0
0
0
0
0
0
0
0
0
0
0
0
0
0
0
0
0
0
0
0
0
0
0
0
0
0
0
0
0
0
0
0
0
0
0
0
0
0
0
0
0
0
0
0
0
0
0
0
0
0
0
0
0
0
0
0
0
0
0
0
0
0
0
0
0
0
0
0
0
0
0
0
0
0
0
0
0
0
0
0
0
0
0
0
0
0
0
0
0
0
0
0
0
0
0
0
0
0
0
0
0
0
0
0
0
0
0
0
0
0
0
0
0
0
0
0
0
0
0
0
0
0
0
0
0
0
0
0
0
0
0
0
0
0
0
0
0
0
0
0
0
0
0
0
0
0
0
0
0
0
0
0
0
0
0
0
0
0
0
0
0
0
0
0
0
0
0
0
0
0
0
0
0
0
0
0
0
0
0
0
0
0
0
0
0
0
0
0
0
0
0
0
0
0
0
0
0
0
0
0
0
0
0
0
0
0
0
0
0
0
0
0
0
0
0
0
0
0
0
0
0
0
0
0
0
0
0
0
0
0
0
0
0
0
0
0
0
0
0
0
0
0
0
0
0
0
0
0
0
0
0
0
0
0
0
0
0
0
0
0
0
0
0
0
0
0
0
0
0
0
0
0
0
0
0
0
0
0
0
0
0
0
0
0
0
0
0
0
0
0
0
0
0
0
0
0
0
0
0
0
0
0
0
0
0
0
0
0
0
0
0
0
0
0
0
0
0
0
0
0
0
0
0
0
0
0
0
0
0
0
0
0
0
0
0
0
0
0
0
0
0
0
0
0
0
0
0
0
0
0
0
0
0
0
0
0
0
0
0
0
0
0
0
0
0
0
0
0
0
0
0
0
0
0
0
0
0
0
0
0
0
0
0
0
0
0
0
0
0
0
0
0
0
0
0
0
0
0
0
0
0
0
0
0
0
0
0
0
0
0
0
0
0
0
0
0
0
0
0
0
0
0
0
0
0
0
0
0
0
0
0
0
0
0
0
0
0
0
0
0
0
0
0
0
0
0
0
0
0
0
0
0
0
0
0
0
0
0
0
0
0
0
0
0
0
0
0
0
0
0
0
0
0
0
0
0
0
0
0
0
0
0
0
0
0
0
0
0
0
0
0
0
0
0
0
0
0
0
0
0
0
0
0
0
0
0
0
0
0
0
0
0
0
0
0
0
0
0
0
0
0
0
0
0
0
0
0
0
0
0
0
0
0
0
0
0
0
0
0
0
0
0
0
0
0
0
0
0
0
0
0
0
0
0
0
0
0
0
0
0
0
0
0
0
0
0
0
0
0
0
0
0
0
0
0
0
0
0
0
0
0
0
0
0
0
0
0
0
0
0
0
0
0
0
0
0
0
0
0
0
0
0
0
0
0
0
0
0
0
0
0
0
0
0
0
0
0
0
0
0
0
0
0
0
0
0
0
0
0
0
0
0
0
0
0
0
0
0
0
0
0
0
0
0
0
0
0
0
0
0
0
0
0
0
0
0
0
0
0
0
0
0
0
0
0
0
0
0
0
0
0
0
0
0
0
0
0
0
0
0
0
0
0
0
0
0
0
0
0
0
0
0
0
0
0
0
0
0
0
0
0
0
0
0
0
0
0
0
0
0
0
0
0
0
0
0
0
0
0
0
0
0
0
0
0
0
0
0
0
0
0
0
0
0
0
0
0
0
0
0
0
0
0
0
0
0
0
0
0
0
0
0
0
0
0
0
0
0
0
0
0
0
0
0
0
0
0
0
0
0
0
0
0
0
0
0
0
0
0
0
0
0
0
0
0
0
0
0
0
0
0
0
0
0
0
0
0
0
0
0
0
0
0
0
0
0
0
0
0
0
0
0
0
0
0
0
0
0
0
0
0
0
0
0
0
0
0
0
0
0
0
0
0
0
0
0
0
0
0
0
0
0
0
0
0
0
0
0
0
0
0
0
0
0
0
0
0
0
0
0
0
0
0
0
0
0
0
0
0
0
0
0
0
0
0
0
0
0
0
0
0
0
0
0
0
0
0
0
0
0
0
0
0
0
0
0
0
0
0
0
0
0
0
0
0
0
0
0
0
0
0
0
0
0
0
0
0
0
0
0
0
0
0
0
0
0
0
0
0
0
0
0
0
0
0
0
0
0
0
0
0
0
0
0
0
0
0
0
0
0
0
0
0
0
0
0
0
0
0
0
0
0
0
0
0
0
0
0
0
0
0
0
0
0
0
0
0
0
0
0
0
0
0
0
0
0
0
0
0
0
0
0
0
0
0
0
0
0
0
0
0
0
0
0
0
0
0
0
0
0
0
0
0
0
0
0
0
0
0
0
0
0
0
0
0
0
0
0
0
0
0
0
0
0
0
0
0
0
0
0
0
0
0
0
0
0
0
0
0
0
0
0
0
0
0
0
0
0
0
0
0
0
0
0
0
0
0
0
0
0
0
0
0
0
0
0
0
0
0
0
0
0
0
0
0
0
0
0
0
0
0
0
0
0
0
0
0
0
0
0
0
0
0
0
0
0
0
0
0
0
0
0
0
0
0
0
0
0
0
0
0
0
0
0
0
0
0
0
0
0
0
0
0
0
0
0
0
0
0
0
0
0
0
0
0
0
0
0
0
0
0
0
0
0
0
0
0
0
0
0
0
0
0
0
0
0
0
0
0
0
0
0
0
0
0
0
0
0
0
0
0
0
0
0
0
0
0
0
0
0
0
0
0
0
0
0
0
0
0
0
0
0
0
0
0
0
0
0
0
0
0
0
0
0
0
0
0
0
0
0
0
0
0
0
0
0
0
0
0
0
0
0
0
0
0
0
0
0
0
0
0
0
0
0
0
0
0
0
0
0
0
0
0
0
0
0
0
0
0
0
0
0
0
0
0
0
0
0
0
0
0
0
