hex
0
0
0
0
0
0
0
0
0
0
0
0
0
0
0
0
0
0
0
0
0
0
0
0
0
0
0
0
0
0
0
0
0
0
0
0
0
0
0
0
0
0
0
0
0
0
3f800000
c34000
3f800000
c30000
0
0
0
0
0
0
0
0
0
0
0
0
0
0
0
0
0
0
0
0
0
0
0
0
0
0
0
0
0
0
0
0
0
0
0
0
0
0
0
0
0
0
3f800000
c34000
3f800000
c30000
0
0
0
0
0
0
0
0
0
0
0
0
0
0
0
0
0
0
0
0
0
0
0
0
0
0
0
0
0
0
0
0
0
0
0
0
0
0
0
0
0
0
3e15f298
f6000000
3f5a1b29
b200c000
ba8b72de
a7900000
3a8d277a
d9c30000
3e15f2ac
aa008000
3f5a1b46
5b014000
ba8bbdfe
f9908000
3a8b72de
a7c38000
3e15f2ac
aa004000
3f5a1b46
5b010000
ba8bbdfe
f9904000
3a8b72de
a7c34000
3e15f2ac
aa000000
3f5a1b46
5b00c000
ba8bbdfe
f9900000
3a8b72de
a7c30000
0
0
0
0
0
0
0
0
0
0
0
0
0
0
0
0
0
0
0
0
0
0
0
0
0
0
0
0
0
0
0
0
0
0
0
0
0
0
0
0
0
0
0
0
0
0
0
0
