hex
0
0
0
4000
0
8000
0
c000
0
10000
0
14000
0
18000
0
1c000
0
20000
0
24000
0
28000
0
2c000
0
30000
0
34000
0
38000
0
3c000
0
40000
0
44000
0
0
0
0
0
0
0
0
0
0
0
0
0
4000
0
8000
0
c000
0
10000
0
14000
0
18000
0
1c000
0
20000
0
24000
0
28000
0
2c000
0
30000
0
34000
377fde2f
c9c30000
0
8000
377fde2f
c9c38000
0
0
3eb048c5
28008000
0
0
3eb048c5
28004000
3eb048c5
28000000
3eb048c5
28000000
0
0
0
4000
0
8000
0
c000
0
10000
0
14000
0
18000
0
1c000
0
20000
0
24000
0
28000
0
2c000
0
30000
0
34000
0
0
0
4000
0
0
0
4000
3f27db9d
6c014000
3f27db9d
6c010000
3f27db9d
6c00c000
beb048c5
2800c000
3f800000
900000
478010bd
8a004000
c78010bd
8a010000
478010bd
8a000000
0
4000
0
8000
c78010bd
8a00c000
0
10000
0
0
0
4000
478010bd
8a008000
c78010bd
8a014000
0
0
478010bd
8a004000
0
8000
c78010bd
8a010000
0
0
0
4000
0
8000
3f800000
900000
0
0
3f800000
c38000
0
0
3f800000
c34000
0
0
3f800000
c30000
0
0
0
0
0
0
0
0
0
0
0
0
0
0
0
0
0
0
0
0
0
0
0
0
0
0
0
0
0
0
