hex
0
0
0
4000
0
8000
0
c000
0
10000
0
14000
0
18000
0
1c000
0
20000
0
24000
0
28000
0
0
0
0
3f800000
908000
3f800000
908000
0
0
0
0
0
0
0
0
0
0
0
0
0
4000
0
8000
0
c000
0
10000
0
14000
0
18000
0
1c000
0
20000
0
24000
36b03187
30900000
befa29c7
7a000000
3f800000
900000
0
8000
36b03187
30908000
befa29c7
7a008000
3f800000
908000
0
0
0
0
0
0
0
0
0
4000
0
8000
0
c000
0
10000
0
14000
0
18000
0
1c000
0
20000
0
24000
0
28000
b6b03174
ea910000
0
c000
b6b03174
ea90c000
0
14000
b6b03174
ea914000
0
0
0
0
0
0
0
0
0
0
3ea32117
70004000
0
8000
0
c000
3f2e0136
78010000
0
14000
0
18000
0
1c000
0
20000
3a5e9d45
c7904000
ba5f0dcc
75910000
3ea32117
70000000
3f2e0136
7800c000
3a5e9d45
c7900000
ba5f0dcc
7590c000
3ea3210b
cf008000
3f2e012a
11014000
3a5f8d22
4f908000
ba5e9d45
c7914000
0
0
0
0
0
0
0
0
0
0
0
0
0
0
0
0
0
0
0
0
0
0
0
0
0
0
0
0
0
0
0
0
0
0
