hex
0
0
0
4000
0
8000
0
c000
0
10000
3f800000
904000
3f800000
904000
3f800000
900000
3f800000
900000
0
0
0
0
0
0
0
0
0
0
0
0
0
0
0
0
0
0
0
0
0
0
0
0
0
4000
3f800000
90c000
4839fa00
8000
4839fa00
4000
4839fa00
0
3f800000
908000
3f800000
904000
3f800000
900000
0
0
0
0
0
0
0
0
0
0
0
0
0
0
0
0
0
0
0
0
0
0
0
0
0
4000
0
8000
0
c000
c839fa00
10000
0
14000
c839fa00
c000
3f800000
908000
3f800000
908000
3f800000
904000
3f800000
904000
0
0
0
0
0
0
0
0
0
0
0
0
0
0
0
0
0
0
4839fa00
0
0
4000
0
8000
c839fa00
c000
0
10000
0
14000
0
18000
0
1c000
0
20000
0
24000
befa29c7
7a004000
3f800000
904000
befa29c7
7a008000
3f800000
908000
3f800000
0
bf800000
c000
befa29c7
7a000000
3f800000
900000
4839fa00
8000
c839fa00
14000
0
0
0
0
0
0
0
0
0
0
0
0
0
0
0
0
0
0
0
0
0
0
0
0
0
0
0
0
0
0
0
0
