int
0
2059
0
2159
0
2155
0
2151
0
2147
0
2255
0
3844
3897
2126
2247
0
2243
0
2239
0
2143
0
2139
0
2135
3840
3893
2122
2223
0
2219
0
2215
2303
2299
2295
2291
2287
2283
2192
3889
2118
2279
2275
2271
2263
2259
2235
2231
2227
2211
2207
2203
2188
3881
2198
2187
2183
2179
2171
2115
2111
2107
2166
2103
2099
2095
2076
3877
2091
2174
2087
0
0
0
0
2266
0
0
0
2250
2072
3873
0
2162
0
2130
0
2054
0
2050
0
2070
0
2066
2080
3849
6158
0
0
0
0
0
2159
0
0
0
0
0
2155
0
2124
3845
3898
0
2175
0
0
0
0
0
2171
0
2055
0
2120
3841
3894
2051
0
2071
0
2067
0
2063
0
2059
0
2151
2116
2193
3890
2147
0
2143
0
2255
0
2247
0
2243
0
2239
2196
2189
3882
2139
0
2135
0
2131
2256
2223
0
2219
0
2215
2264
2077
3878
2303
2299
2295
2260
2291
2287
2283
2279
2275
2164
2271
2235
2073
3874
2231
2248
2227
2211
2207
2203
2187
2160
2183
2179
2115
2111
2081
3850
2107
2103
2099
2095
2091
6183
0
0
2159
0
0
2163
0
3840
3893
2215
2194
2067
0
2063
0
2124
2059
3889
2055
0
2051
2190
2167
2268
2151
0
3881
2147
0
2143
0
2120
2186
2139
0
3877
2255
0
2247
2116
2243
0
2239
2182
3873
2135
0
2080
2131
0
2071
0
2223
2089
2178
2076
2219
2303
2299
2295
2291
2287
2085
2072
2283
2198
2279
2275
2267
2248
3849
2263
2259
2235
3898
2152
2231
2227
3845
2211
2207
2203
2175
2171
2115
2111
2107
2103
2099
6191
0
0
0
0
0
0
0
2263
0
0
0
0
0
0
0
2155
0
0
0
2176
3841
3898
0
2251
0
0
0
0
0
0
0
2175
0
0
0
0
0
0
0
2088
2125
3894
2171
0
0
0
0
0
0
0
2167
0
0
0
0
0
0
0
2163
2084
2121
3890
0
0
0
0
2159
0
0
0
0
0
0
0
2267
0
2055
0
2051
2080
2117
3882
2151
0
2147
0
2143
0
2139
0
2135
0
2131
0
2255
0
2247
0
2243
2076
2193
3878
2239
0
2071
0
2067
0
2063
0
2223
0
2219
0
2215
0
2059
2303
2196
2299
2189
3874
2295
2291
2287
2283
2279
2275
2235
2231
2227
2211
2207
2203
2115
2111
2107
2184
2103
2099
2073
3850
2095
0
0
0
0
0
2268
0
0
0
0
0
0
0
0
2256
0
0
2181
7942
0
0
0
0
0
0
2175
0
0
0
0
0
2267
3840
2117
3898
2251
0
0
0
2163
0
0
2223
0
0
2219
2192
2197
3894
2215
0
0
2211
0
0
2207
0
0
2203
2049
2188
2139
3890
0
2135
0
0
2131
0
2247
0
2057
2243
0
2076
2239
3882
2155
0
2151
0
2147
0
2101
2143
0
2067
0
2072
2063
3878
2071
0
2159
0
2097
2255
2303
2299
2295
2291
2287
2080
2283
3874
2279
2275
2093
2271
2263
2259
2235
2231
2227
2187
2183
2124
2179
3850
2053
2171
2115
2111
2107
2091
2087
0
2165
0
0
2120
0
7942
0
0
0
0
0
2267
0
0
0
0
0
2263
0
3840
2117
3898
0
2159
0
0
0
0
0
2251
0
0
0
2192
2197
3894
2155
0
0
0
0
0
2171
0
0
0
2049
2188
2167
3890
0
0
2175
0
0
2215
0
0
2057
2211
0
2076
2207
3882
0
2203
0
0
2139
0
2101
2135
0
0
2131
2072
0
3878
2223
0
0
2219
2097
2247
0
2243
0
2239
0
2080
2151
3874
2147
0
2093
2143
0
2067
0
2063
0
2071
0
2124
2255
3850
2053
2303
2299
2295
2291
2287
2283
2279
2257
2275
2271
2120
2235
3846
2161
2231
2227
2187
2183
2179
2115
2111
2107
2091
6183
0
0
0
0
0
2251
0
0
2084
0
2185
2098
2155
0
0
2207
0
2088
2203
0
0
2181
2139
2094
0
3848
2135
0
0
2131
0
0
2177
3844
2163
2054
0
2159
0
0
2223
3840
0
2197
2219
0
0
2050
2215
2124
0
2211
3897
2255
0
2247
0
2268
2243
2058
2239
3893
2147
0
2143
2120
2071
0
2067
0
3889
2102
2063
2116
2167
0
2151
2303
2299
3881
2295
2080
2194
2291
2287
2283
2279
2275
3877
2076
2267
2263
2259
2190
2235
2231
2227
2072
3873
2175
2171
2115
2111
6203
0
0
0
0
0
0
0
0
0
0
2271
0
0
0
0
0
0
0
0
2188
3897
2122
2259
0
0
0
0
0
0
0
2263
0
0
0
0
0
0
0
2155
2184
3893
2118
0
0
0
0
2251
0
0
0
0
0
0
0
2175
0
0
0
0
2180
3889
2074
2171
0
0
0
0
0
0
0
2167
0
0
0
0
0
0
0
2163
2176
3881
2198
0
0
0
0
2159
0
0
0
0
0
0
0
2267
0
0
2211
0
2088
3877
2194
2207
0
0
2203
0
0
2139
0
0
2135
0
2098
2131
0
0
2223
0
2084
3873
2219
0
0
2215
2094
2243
0
2239
0
2071
0
2067
0
2063
0
2151
2058
2147
2080
3849
2143
0
2255
0
2247
2303
2299
2295
2054
2291
2287
2283
2279
2275
2235
2231
2227
2115
2076
3845
2050
2111
2107
0
0
0
0
0
0
0
0
0
2102
0
0
0
0
0
2124
7937
0
0
0
0
0
0
2175
0
0
0
0
0
2267
3840
2117
3898
2251
0
0
0
2163
0
0
2151
0
0
2147
2192
2197
3894
2143
0
0
2247
0
0
2243
0
0
2239
2109
2188
2235
3890
0
2231
0
0
2227
0
2223
0
2105
2219
0
2076
2215
3882
2155
0
2139
0
2135
0
2065
2131
0
2055
0
2072
2051
3878
2059
0
2159
0
2061
2255
2303
2299
2295
2291
2287
2080
2283
3874
2279
2275
2069
2271
2263
2259
2211
2207
2203
2187
2183
2124
2179
3850
2113
2171
2103
2099
2095
2091
2087
0
2165
0
0
2120
0
7942
0
0
0
0
0
2267
0
0
0
0
0
2263
0
3840
2117
3898
0
2159
0
0
0
0
0
2251
0
0
0
2192
2197
3894
2155
0
0
0
0
0
2171
0
0
0
2109
2188
2167
3890
0
0
2175
0
0
2143
0
0
2105
2247
0
2076
2243
3882
0
2239
0
0
2235
0
2065
2231
0
0
2227
2072
0
3878
2151
0
0
2147
2061
2223
0
2219
0
2215
0
2080
2139
3874
2135
0
2069
2131
0
2055
0
2051
0
2059
0
2124
2255
3850
2113
2303
2299
2295
2291
2287
2283
2279
2257
2275
2271
2120
2211
3846
2161
2207
2203
2187
2183
2179
2103
2099
2095
2091
6183
0
0
0
0
0
2251
0
0
2084
0
2185
2062
2155
0
0
2163
0
2088
2247
0
0
2181
2243
2070
0
3848
2239
0
0
2235
0
0
2177
3844
2231
2114
0
2227
0
0
2159
3840
0
2197
2151
0
0
2110
2147
2124
0
2143
3897
2255
0
2223
0
2268
2219
2106
2215
3893
2135
0
2131
2120
2059
0
2055
0
3889
2066
2051
2116
2167
0
2139
2303
2299
3881
2295
2080
2194
2291
2287
2283
2279
2275
3877
2076
2267
2263
2259
2190
2211
2207
2203
2072
3873
2175
2171
2103
2099
6191
0
0
0
0
0
0
0
0
0
0
2271
0
0
0
0
0
0
0
0
2188
3897
2122
2259
0
0
0
0
0
0
0
2263
0
0
0
0
0
0
0
2155
2184
3893
2118
0
0
0
0
2251
0
0
0
0
0
0
0
2175
0
0
0
0
2180
3889
2074
2171
0
0
0
0
0
0
0
2167
0
0
0
0
0
0
0
2163
2176
3881
2198
0
0
0
0
2159
0
0
0
0
0
0
0
2267
0
0
2247
0
2088
3877
2194
2243
0
0
2239
0
0
2235
0
0
2231
0
2066
2227
0
0
2151
0
2084
3873
2147
0
0
2143
2062
2219
0
2215
0
2059
0
2055
0
2051
0
2139
2114
2135
2080
3849
2131
0
2255
0
2223
2303
2299
2295
2110
2291
2287
2283
2279
2275
2211
2207
2203
2103
2076
3845
2106
2099
2095
0
0
0
0
0
0
0
0
0
2070
0
0
0
0
0
2124
7937
0
0
0
0
0
0
0
0
0
0
0
2049
2094
2192
3899
0
0
0
0
0
0
0
0
2069
2054
0
0
2188
3895
0
0
0
2166
0
0
2065
0
0
0
2174
0
2076
3891
0
0
2266
0
2061
0
2250
0
0
0
2162
0
2072
2222
3883
0
2057
2218
0
0
2214
0
0
2210
0
0
2080
2206
2113
3879
2202
0
0
2150
0
0
2146
0
0
2142
2124
2109
2138
3875
0
2134
0
0
2130
0
0
2246
0
2105
2120
2242
0
3851
2238
0
0
2234
0
0
2230
2101
0
2226
2116
2158
0
2154
3847
2254
2302
2298
2294
2097
2290
2286
2282
2278
2196
2274
2270
2262
2258
2186
2182
2178
2170
2090
2086
7939
0
0
0
0
0
2167
0
0
0
0
0
2064
2251
3897
2190
0
0
0
2163
0
0
0
0
2060
2159
0
0
3893
2078
0
2155
0
0
0
0
2056
2175
0
0
0
0
3889
2074
2171
0
0
2215
2112
0
2211
0
0
2207
0
0
3881
2082
2203
0
2108
2139
0
0
2135
0
0
2131
0
0
3877
2126
2104
2151
0
0
2147
0
0
2143
0
0
2247
0
2100
3873
2122
2243
0
0
2239
0
0
2235
0
0
2096
2231
0
3849
2118
2227
0
0
2223
0
0
2219
2092
2255
2303
2299
2295
3845
2198
2291
2287
2283
2279
2275
2052
2271
2187
2183
2179
2091
2050
3841
2256
2087
0
0
0
0
2264
0
0
0
2070
0
2260
6289
0
0
0
0
0
0
0
2075
3882
0
0
2104
2097
2251
0
0
0
3878
0
2155
0
0
2215
2100
2093
2211
3874
0
2207
0
0
2203
0
0
2192
2090
2065
2139
0
0
2135
0
0
2131
2086
2188
2163
0
2061
2159
0
0
3850
2151
0
0
2184
2147
0
0
2057
3846
2143
0
0
2247
0
2180
2243
3842
0
2239
2053
0
2235
0
0
2126
2176
2231
0
0
2227
0
2049
2270
2223
0
0
2196
2219
0
2167
2122
2255
2303
2069
2299
3896
2295
2291
2118
2287
2283
2279
2275
2267
3892
2113
2082
2263
2259
2175
2171
0
0
3888
2078
0
0
6205
0
0
0
0
0
0
0
0
0
0
0
2059
0
0
0
0
0
0
0
2184
3897
2074
2271
0
0
0
0
0
0
0
0
2259
0
0
0
0
0
0
0
2180
3893
2198
2263
0
0
0
0
0
0
0
2155
0
0
0
0
0
0
0
2251
2176
3889
2194
0
0
0
0
2175
0
0
0
0
0
0
2054
2171
0
0
0
0
2088
3881
0
2167
0
0
2050
0
0
0
0
2163
0
0
0
0
0
0
2114
2159
2084
3877
0
0
0
0
0
2267
0
0
2110
2211
0
0
2207
0
0
2203
0
0
2080
3873
2106
2151
0
0
2147
0
0
2143
0
0
2139
0
2102
2135
0
0
2131
0
2076
3849
2247
0
0
2243
2098
0
2239
0
0
2235
0
0
2231
0
0
2227
2094
0
2124
3845
2223
0
0
2219
0
0
2215
0
2070
2255
2303
2299
2295
2291
2287
2283
2279
2275
2120
3841
2066
0
0
0
0
0
0
0
0
0
0
0
2062
0
0
0
0
0
2116
6285
0
0
0
0
0
0
0
0
0
0
0
0
0
0
0
0
0
0
0
0
0
0
0
0
0
0
0
0
0
0
0
0
0
0
0
0
0
0
0
0
0
0
0
0
0
0
0
0
0
0
0
0
0
0
0
0
0
0
0
0
0
0
0
0
0
0
0
0
0
0
0
0
0
0
0
0
0
0
0
0
0
0
0
0
0
0
0
0
0
0
0
0
0
0
0
0
0
0
0
0
0
0
0
0
0
0
0
0
0
0
0
0
0
0
0
0
0
0
0
0
0
0
0
0
0
0
0
0
0
0
0
0
0
0
0
0
0
0
0
0
0
0
0
0
0
0
0
0
0
0
0
0
0
0
0
0
0
0
0
0
0
0
0
0
0
0
0
0
0
0
0
0
0
0
0
0
0
0
0
0
0
0
0
0
0
0
0
0
0
0
0
0
0
0
0
0
0
0
0
0
0
0
0
0
0
0
0
0
0
0
0
0
0
0
0
0
0
0
0
0
0
0
0
0
0
0
0
0
0
0
0
0
0
0
0
0
0
0
0
0
0
0
0
0
0
0
0
0
0
0
0
0
0
0
0
0
0
0
0
0
0
0
0
0
0
0
0
0
0
0
0
0
0
0
0
0
0
0
0
0
0
0
0
0
0
0
0
0
0
0
0
0
0
0
0
0
0
0
0
0
0
0
0
0
0
0
0
0
0
0
0
0
0
0
0
0
0
0
0
0
0
0
0
0
0
0
0
0
0
0
0
0
0
0
0
0
0
0
0
0
0
0
0
0
0
0
0
0
0
0
0
0
0
0
0
0
0
0
0
0
0
0
0
0
0
0
0
0
0
0
0
0
0
0
0
0
0
0
0
0
0
0
0
0
0
0
0
0
0
0
0
0
0
0
0
0
0
0
0
0
0
0
0
0
0
0
0
0
0
0
0
0
0
0
0
0
0
0
0
0
0
0
0
0
0
0
0
0
0
0
0
0
0
0
0
0
0
0
0
0
0
0
0
0
0
0
0
0
0
0
0
0
0
0
0
0
0
0
0
0
0
0
0
0
0
0
0
0
0
0
0
0
0
0
0
0
0
0
0
0
0
0
0
0
0
0
0
0
0
0
0
0
0
0
0
0
0
0
0
0
0
0
0
0
0
0
0
0
0
0
0
0
0
0
0
0
0
0
0
0
0
0
0
0
0
0
0
0
0
0
0
0
0
0
0
0
0
0
0
0
0
0
0
0
0
0
0
0
0
0
0
0
0
0
0
0
0
0
0
0
0
0
0
0
0
0
0
0
0
0
0
0
0
0
0
0
0
0
0
0
0
0
0
0
0
0
0
0
0
0
0
0
0
0
0
0
0
0
0
0
0
0
0
0
0
0
0
0
0
0
0
0
0
0
0
0
0
0
0
0
0
0
0
0
0
0
0
0
0
0
0
0
0
0
0
0
0
0
0
0
0
0
0
0
0
0
0
0
0
0
0
0
0
0
0
0
0
0
0
0
0
0
0
0
0
0
0
0
0
0
0
0
0
0
0
0
0
0
0
0
0
0
0
0
0
0
0
0
0
0
0
0
0
0
0
0
0
0
0
0
0
0
0
0
0
0
0
0
0
0
0
0
0
0
0
0
0
0
0
0
0
0
0
0
0
0
0
0
0
0
0
0
0
0
0
0
0
0
0
0
0
0
0
0
0
0
0
0
0
0
0
0
0
0
0
0
0
0
0
0
0
0
0
0
0
0
0
0
0
0
0
0
0
0
0
0
0
0
0
0
0
0
0
0
0
0
0
0
0
0
0
0
0
0
0
0
0
0
0
0
0
0
0
0
0
0
0
0
0
0
0
0
0
0
0
0
0
0
0
0
0
0
0
0
0
0
0
0
0
0
0
0
0
0
0
0
0
0
0
0
0
0
0
0
0
0
0
0
0
0
0
0
0
0
0
0
0
0
0
0
0
0
0
0
0
0
0
0
0
0
0
0
0
0
0
0
0
0
0
0
0
0
0
0
0
0
0
0
0
0
0
0
0
0
0
0
0
0
0
0
0
0
0
0
0
0
0
0
0
0
0
0
0
0
0
0
0
0
0
0
0
0
0
0
0
0
0
0
0
0
0
0
0
0
0
0
0
0
0
0
0
0
0
0
0
0
0
0
0
0
0
0
0
0
0
0
0
0
0
0
0
0
0
0
0
0
0
0
0
0
0
0
0
0
0
0
0
0
0
0
0
0
0
0
0
0
0
0
0
0
0
0
0
0
0
0
0
0
0
0
0
0
0
0
0
0
0
0
0
0
0
0
0
0
0
0
0
0
0
0
0
0
0
0
0
0
0
0
0
0
0
0
0
0
0
0
0
0
0
0
0
0
0
0
0
0
0
0
0
0
0
0
0
0
0
0
0
0
0
0
0
0
0
0
0
0
0
0
0
0
0
0
0
0
0
0
0
0
0
0
0
0
0
0
0
0
0
0
0
0
0
0
0
0
0
0
0
0
0
0
0
0
0
0
0
0
0
0
0
0
0
0
0
0
0
0
0
0
0
0
0
0
0
0
0
0
0
0
0
0
0
0
0
0
0
0
0
0
0
0
0
0
0
0
0
0
0
0
0
0
0
0
0
0
0
0
0
0
0
0
0
0
0
0
0
0
0
0
0
0
0
0
0
0
0
0
0
0
0
0
0
0
0
0
0
0
0
0
0
0
0
0
0
0
0
0
0
0
0
0
0
0
0
0
0
0
0
0
0
0
0
0
0
0
0
0
0
0
0
0
0
0
0
0
0
0
0
0
0
0
0
0
0
0
0
0
0
0
0
0
0
0
0
0
0
0
0
0
0
0
0
0
0
0
0
0
0
0
0
0
0
0
0
0
0
0
0
0
0
0
0
0
0
0
0
0
0
0
0
0
0
0
0
0
0
0
0
0
0
0
0
0
0
0
0
0
0
0
0
0
0
0
0
0
0
0
0
0
0
0
0
0
0
0
0
0
0
0
0
0
0
0
0
0
0
0
0
0
0
0
0
0
0
0
0
0
0
0
0
0
0
0
0
0
0
0
0
0
0
0
0
0
0
0
0
0
0
0
0
0
0
0
0
0
0
0
0
0
0
0
0
0
0
0
0
0
0
0
0
0
0
0
0
0
0
0
0
0
0
0
0
0
0
0
0
0
0
0
0
0
0
0
0
0
0
0
0
0
0
0
0
0
0
0
0
0
0
0
0
0
0
0
0
0
0
0
0
0
0
0
0
0
0
0
0
0
0
0
0
0
0
0
0
0
0
0
0
0
0
0
0
0
0
0
0
0
0
0
0
0
0
0
0
0
0
0
0
0
0
0
0
0
0
0
0
0
0
0
0
0
0
0
0
0
0
0
0
0
0
0
0
0
0
0
0
0
0
0
0
0
0
0
0
0
0
0
0
0
0
0
0
0
0
0
0
0
0
0
0
0
0
0
0
0
0
0
0
0
0
0
0
0
0
0
0
0
0
0
0
0
0
0
0
0
0
0
0
0
0
0
0
0
0
0
0
0
0
0
0
0
0
0
0
0
0
0
0
0
0
0
0
0
0
0
0
0
0
0
0
0
0
0
0
0
0
0
0
0
0
0
0
0
0
0
0
0
0
0
0
0
0
0
0
0
0
0
0
0
0
0
0
0
0
0
0
0
0
0
0
0
0
0
0
0
0
0
0
0
0
0
0
0
0
0
0
0
0
0
0
0
0
0
0
0
0
0
0
0
0
0
0
0
0
0
0
0
0
0
0
0
0
0
0
0
0
0
0
0
0
0
0
0
0
0
0
0
0
0
0
0
0
0
0
0
0
0
0
0
0
0
0
0
0
0
0
0
0
0
0
0
0
0
0
0
0
0
0
0
0
0
0
0
0
0
0
0
0
0
0
0
0
0
0
0
0
0
0
0
0
0
0
0
0
0
0
0
0
0
0
0
0
0
0
0
0
0
0
0
0
0
0
0
0
0
0
0
0
0
0
0
0
0
0
0
0
0
0
0
0
0
0
0
0
0
0
0
0
0
0
0
0
0
0
0
0
0
0
0
0
0
0
0
0
0
0
0
0
0
0
0
0
0
0
0
0
0
0
0
0
0
0
0
0
0
0
0
0
0
0
0
0
0
0
0
0
0
0
0
0
0
0
0
0
0
0
0
0
0
0
0
0
0
0
0
0
0
0
0
0
0
0
0
0
0
0
0
0
0
0
0
0
0
0
0
0
0
0
0
0
0
0
0
0
0
0
0
0
0
0
0
0
0
0
0
0
0
0
0
0
0
0
0
0
0
0
0
0
0
0
0
0
0
0
0
0
0
0
0
0
0
0
0
0
0
0
0
0
0
0
0
0
0
0
0
0
0
0
0
0
0
0
0
0
0
0
0
0
0
0
0
0
0
0
0
0
0
0
0
0
0
0
0
0
0
0
0
0
0
0
0
0
0
0
0
0
0
0
0
0
0
0
0
0
0
0
0
0
0
0
0
0
0
0
0
0
0
0
0
0
0
