int
0
0
0
0
0
0
0
0
0
0
0
0
0
0
0
0
0
0
0
3796
2081
3602
2059
0
0
0
0
0
0
0
0
0
0
0
0
0
0
0
0
3792
2145
0
0
3598
3803
0
0
0
0
0
0
0
0
0
0
0
0
0
0
3784
2077
0
0
0
0
3594
3779
0
0
0
0
0
0
0
0
0
0
0
0
3780
2137
0
0
0
0
0
3891
3606
0
0
0
0
0
0
0
0
0
0
0
2092
2073
0
0
0
0
0
2051
0
2066
0
0
0
0
0
0
0
0
0
0
2088
2129
0
0
0
2125
0
3841
3811
2105
3790
2053
0
2097
0
2113
0
2109
3589
3585
2084
2153
2149
2141
2133
2121
2117
2101
2069
3807
0
6158
0
0
0
0
0
0
0
0
0
0
0
0
0
0
0
0
0
0
0
0
0
0
2136
3597
3810
2059
0
0
0
0
0
0
0
0
0
0
0
0
0
0
0
0
0
0
0
2088
2105
3806
0
3791
0
0
0
0
0
0
0
0
0
0
0
0
0
0
0
0
0
0
2128
3589
3798
0
0
2067
0
0
0
0
0
0
0
0
0
0
0
0
0
0
0
0
0
2084
3585
3794
0
0
0
2063
0
0
0
0
0
0
0
0
0
0
0
0
0
0
0
0
2080
2053
3786
0
0
0
0
3803
0
0
0
0
0
0
0
0
0
0
0
0
0
0
0
2076
2049
3782
0
0
0
0
0
3779
0
0
0
0
0
0
0
0
0
0
0
0
0
0
2072
2145
2070
0
2124
0
0
2108
3891
0
2096
0
0
2112
3604
3592
2152
2148
2140
2132
2120
2116
2100
0
2093
3602
0
0
0
0
0
7939
0
0
0
0
0
0
0
0
0
0
0
0
0
0
0
0
0
0
0
0
0
0
2136
2105
3810
2059
0
0
0
0
0
0
0
0
0
0
0
0
0
0
0
0
0
0
0
2088
3593
3806
0
3791
0
0
0
0
0
0
0
0
0
0
0
0
0
0
0
0
0
0
2128
3589
3798
0
0
2067
0
0
0
0
0
0
0
0
0
0
0
0
0
0
0
0
0
2084
3585
3794
0
0
0
2063
0
0
0
0
0
0
0
0
0
0
0
0
0
0
0
0
2080
2053
3786
0
0
0
0
3803
0
0
0
0
0
0
0
0
0
0
0
0
0
0
0
2076
2049
3782
0
0
0
0
0
3779
0
0
0
0
0
0
0
0
0
0
0
0
0
0
2072
2145
3606
0
2124
0
0
2108
3891
0
2096
0
0
2112
3600
3596
2152
2148
2140
2132
2120
2116
2100
0
2093
2070
0
0
0
0
0
7939
0
0
0
0
0
0
0
0
0
0
0
0
0
0
0
0
0
0
0
2084
3781
3890
2059
0
0
0
0
0
0
0
0
0
0
0
0
0
0
0
0
2080
3605
2074
0
3791
0
0
0
0
0
0
0
0
0
0
0
0
0
0
0
2144
2129
3810
0
0
2067
0
0
0
0
0
0
0
0
0
0
0
0
0
0
2076
3597
3806
0
0
0
2063
0
0
0
0
0
0
0
0
0
0
0
0
0
2136
2049
3798
0
2124
0
0
3840
3803
0
2096
0
0
2068
0
0
3588
0
0
3584
0
2093
2112
3794
0
2108
0
0
2104
3779
0
2052
3600
3592
2152
2148
2140
2132
2120
2116
2100
2089
0
7882
0
0
0
0
0
0
0
0
0
0
0
0
0
0
0
0
0
0
0
2084
3781
3890
2059
0
0
0
0
0
0
0
0
0
0
0
0
0
0
0
0
2080
2129
2074
0
3791
0
0
0
0
0
0
0
0
0
0
0
0
0
0
0
2144
3601
3810
0
0
2067
0
0
0
0
0
0
0
0
0
0
0
0
0
0
2076
2049
3806
0
0
0
2063
0
0
0
0
0
0
0
0
0
0
0
0
0
2136
3593
3798
0
2124
0
0
3840
3803
0
2096
0
0
2068
0
0
3588
0
0
3584
0
2093
2112
3794
0
2108
0
0
2104
3779
0
2052
3604
3596
2152
2148
2140
2132
2120
2116
2100
2089
0
7882
0
0
0
0
0
0
0
0
0
0
0
0
0
0
0
0
0
0
0
3784
3777
2086
3607
0
0
0
0
0
0
0
0
0
0
0
0
0
0
0
0
3780
3889
2082
0
2067
0
0
0
0
0
0
0
0
0
0
0
0
0
0
0
2128
2073
2146
0
0
3791
0
0
0
0
0
0
0
0
0
0
0
0
0
0
3596
3809
2078
0
0
0
2063
0
0
0
0
0
0
0
0
0
0
0
0
0
2048
3805
2138
0
0
0
2126
2059
3842
0
3602
0
2110
0
2106
0
2054
0
2098
0
2092
3797
2114
3594
3590
3586
2154
2150
2142
2134
2122
2118
2102
2070
3803
0
0
0
0
0
2088
7889
0
0
0
0
0
0
0
0
0
0
0
0
0
0
0
0
0
0
0
3784
3777
2086
3599
0
0
0
0
0
0
0
0
0
0
0
0
0
0
0
0
3780
3889
2082
0
2067
0
0
0
0
0
0
0
0
0
0
0
0
0
0
0
3604
2073
2146
0
0
3791
0
0
0
0
0
0
0
0
0
0
0
0
0
0
2128
3809
2078
0
0
0
2063
0
0
0
0
0
0
0
0
0
0
0
0
0
2048
3805
2138
0
0
0
2126
2059
3842
0
2110
0
3594
0
2106
0
2054
0
2098
0
2092
3797
2114
3602
3590
3586
2154
2150
2142
2134
2122
2118
2102
2070
3803
0
0
0
0
0
2088
7889
0
0
0
0
0
0
0
0
0
0
0
0
0
0
0
0
0
0
0
3784
3777
2086
3603
0
0
0
0
0
0
0
0
0
0
0
0
0
0
0
0
3780
3889
2082
0
2067
0
0
0
0
0
0
0
0
0
0
0
0
0
0
0
2128
2073
2146
0
0
3791
0
0
0
0
0
0
0
0
0
0
0
0
0
0
2048
3809
2078
0
0
0
2063
0
0
0
0
0
0
0
0
0
0
0
0
0
3592
3805
2138
0
0
0
2126
2059
3842
0
3606
0
2110
0
2106
0
2054
0
2098
0
2092
3797
2114
3598
3590
3586
2154
2150
2142
2134
2122
2118
2102
2070
3803
0
0
0
0
0
2088
7889
0
0
0
0
0
0
0
0
0
0
0
0
0
0
0
0
0
0
0
3784
3777
2086
3595
0
0
0
0
0
0
0
0
0
0
0
0
0
0
0
0
3780
3889
2082
0
2067
0
0
0
0
0
0
0
0
0
0
0
0
0
0
0
2128
2073
2146
0
0
3791
0
0
0
0
0
0
0
0
0
0
0
0
0
0
3600
3809
2078
0
0
0
2063
0
0
0
0
0
0
0
0
0
0
0
0
0
2048
3805
2138
0
0
0
2126
2059
3842
0
2110
0
3598
0
2106
0
2054
0
2098
0
2092
3797
2114
3606
3590
3586
2154
2150
2142
2134
2122
2118
2102
2070
3803
0
0
0
0
0
2088
7889
0
0
2107
0
0
2136
2145
2058
2055
0
0
2080
3809
2099
3790
0
2071
2128
3805
3591
0
2066
3587
2076
3797
2115
3891
3607
2062
2072
3793
3603
3599
3595
2155
2092
3785
3802
2151
2124
2143
2135
2108
3781
3778
3840
2123
2119
2103
2085
2090
6147
0
0
0
0
0
0
0
0
0
0
0
0
0
0
0
0
0
0
0
0
0
0
0
0
0
0
0
0
0
0
0
0
0
0
0
0
0
0
0
0
0
0
0
0
0
0
0
0
0
0
0
0
0
0
0
0
0
0
0
0
0
0
0
0
0
0
0
0
0
0
0
0
0
0
0
0
0
0
0
0
0
0
0
0
0
0
0
0
0
0
0
0
0
0
0
0
0
0
0
0
0
0
0
0
0
0
0
0
0
0
0
0
0
0
0
0
0
0
0
0
0
0
0
0
0
0
0
0
0
0
0
0
0
0
0
0
0
0
0
0
0
0
0
0
0
0
0
0
0
0
0
0
0
0
0
0
0
0
0
0
0
0
0
0
0
0
0
0
0
0
0
0
0
0
0
0
0
0
0
0
0
0
0
0
0
0
0
0
0
0
0
0
0
0
0
0
0
0
0
0
0
0
0
0
0
0
0
0
0
0
0
0
0
0
0
0
0
0
0
0
0
0
0
0
0
0
0
0
0
0
0
0
0
0
0
0
0
0
0
0
0
0
0
0
0
0
0
0
0
0
0
0
0
0
0
0
0
0
0
0
0
0
0
0
0
0
0
0
0
0
0
0
0
0
0
0
0
0
0
0
0
0
0
0
0
0
0
0
0
0
0
0
0
0
0
0
0
0
0
0
0
0
0
0
0
0
0
0
0
0
0
0
0
0
0
0
0
0
0
0
0
0
0
0
0
0
0
0
0
0
0
0
0
0
0
0
0
0
0
0
0
0
0
0
0
0
0
0
0
0
0
0
0
0
0
0
0
0
0
0
0
0
0
0
0
0
0
0
0
0
0
0
0
0
0
0
0
0
0
0
0
0
0
0
0
0
0
0
0
0
0
0
0
0
0
0
0
0
0
0
0
0
0
0
0
0
0
0
0
0
0
0
0
0
0
0
0
0
0
0
0
0
0
0
0
0
0
0
0
0
0
0
0
0
0
0
0
0
0
0
0
0
0
0
0
0
0
0
0
0
0
0
0
0
0
0
0
0
0
0
0
0
0
0
0
0
0
0
0
0
0
0
0
0
0
0
0
0
0
0
0
0
0
0
0
0
0
0
0
0
0
0
0
0
0
0
0
0
0
0
0
0
0
0
0
0
0
0
0
0
0
0
0
0
0
0
0
0
0
0
0
0
0
0
0
0
0
0
0
0
0
0
0
0
0
0
0
0
0
0
0
0
0
0
0
0
0
0
0
0
0
0
0
0
0
0
0
0
0
0
0
0
0
0
0
0
0
0
0
0
0
0
0
0
0
0
0
0
0
0
0
0
0
0
0
0
0
0
0
0
0
0
0
0
0
0
0
0
0
0
0
0
0
0
0
0
0
0
0
0
0
0
0
0
0
0
0
0
0
0
0
0
0
0
0
0
0
0
0
0
0
0
0
0
0
0
0
0
0
0
0
0
0
0
0
0
0
0
0
0
0
0
0
0
0
0
0
0
0
0
0
0
0
0
0
0
0
0
0
0
0
0
0
0
0
0
0
0
0
0
0
0
0
0
0
0
0
0
0
0
0
0
0
0
0
0
0
0
0
0
0
0
0
0
0
0
0
0
0
0
0
0
0
0
0
0
0
0
0
0
0
0
0
0
0
0
0
0
0
0
0
0
0
0
0
0
0
0
0
0
0
0
0
0
0
0
0
0
0
0
0
0
0
0
0
0
0
0
0
0
0
0
0
0
0
0
0
0
0
0
0
0
0
0
0
0
0
0
0
0
0
0
0
0
0
0
0
0
0
0
0
0
0
0
0
0
0
0
0
0
0
0
0
0
0
0
0
0
0
0
0
0
0
0
0
0
0
0
0
0
0
0
0
0
0
0
0
0
0
0
0
0
0
0
0
0
0
0
0
0
0
0
0
0
0
0
0
0
0
0
0
0
0
0
0
0
0
0
0
0
0
0
0
0
0
0
0
0
0
0
0
0
0
0
0
0
0
0
0
0
0
0
0
0
0
0
0
0
0
0
0
0
0
0
0
0
0
0
0
0
0
0
0
0
0
0
0
0
0
0
0
0
0
0
0
0
0
0
0
0
0
0
0
0
0
0
0
0
0
0
0
0
0
0
0
0
0
0
0
0
0
0
0
0
0
0
0
0
0
0
0
0
0
0
0
0
0
0
0
0
0
0
0
0
0
0
0
0
0
0
0
0
0
0
0
0
0
0
0
0
0
0
0
0
0
0
0
0
0
0
0
0
0
0
0
0
0
0
0
0
0
0
0
0
0
0
0
0
0
0
0
0
0
0
0
0
0
0
0
0
0
0
0
0
0
0
0
0
0
0
0
0
0
0
0
0
0
0
0
0
0
0
0
0
0
0
0
0
0
0
0
0
0
0
0
0
0
0
0
0
0
0
0
0
0
0
0
0
0
0
0
0
0
0
0
0
0
0
0
0
0
0
0
0
0
0
0
0
0
0
0
0
0
0
0
0
0
0
0
0
0
0
0
0
0
0
0
0
0
0
0
0
0
0
0
0
0
0
0
0
0
0
0
0
0
0
0
0
0
0
0
0
0
0
0
0
0
0
0
0
0
0
0
0
0
0
0
0
0
0
0
0
0
0
0
0
0
0
0
0
0
0
0
0
0
0
0
0
0
0
0
0
0
0
0
0
0
0
0
0
0
0
0
0
0
0
0
0
0
0
0
0
0
0
0
0
0
0
0
0
0
0
0
0
0
0
0
0
0
0
0
0
0
0
0
0
0
0
0
0
0
0
0
0
0
0
0
0
0
0
0
0
0
0
0
0
0
0
0
0
0
0
0
0
0
0
0
0
0
0
0
0
0
0
0
0
0
0
0
0
0
0
0
0
0
0
0
0
0
0
0
0
0
0
0
0
0
0
0
0
0
0
0
0
0
0
0
0
0
0
0
0
0
0
0
0
0
0
0
0
0
0
0
0
0
0
0
0
0
0
0
0
0
0
0
0
0
0
0
0
0
0
0
0
0
0
0
0
0
0
0
0
0
0
0
0
0
0
0
0
0
0
0
0
0
0
0
0
0
0
0
0
0
0
0
0
0
0
0
0
0
0
0
0
0
0
0
0
0
0
0
0
0
0
0
0
0
0
0
0
0
0
0
0
0
0
0
0
0
0
0
0
0
0
0
0
0
0
0
0
0
0
0
0
0
0
0
0
0
0
0
0
0
0
0
0
0
0
0
0
0
0
0
0
0
0
0
0
0
0
0
0
0
0
0
0
0
0
0
0
0
0
0
0
0
0
0
0
0
0
0
0
0
0
0
0
0
0
0
0
0
0
0
0
0
0
0
0
0
0
0
0
0
0
0
0
0
0
0
0
0
0
0
0
0
0
0
0
0
0
0
0
0
0
0
0
0
0
0
0
0
0
0
0
0
0
0
0
0
0
0
0
0
0
0
0
0
0
0
0
0
0
0
0
0
0
0
0
0
0
0
0
0
0
0
0
0
0
0
0
0
0
0
0
0
0
0
0
0
0
0
0
0
0
0
0
0
0
0
0
0
0
0
0
0
0
0
0
0
0
0
0
0
0
0
0
0
0
0
0
0
0
0
0
0
0
0
0
0
0
0
0
0
0
0
0
0
0
0
0
0
0
0
0
0
0
0
0
0
0
0
0
0
0
0
0
0
0
0
0
0
0
0
0
0
0
0
0
0
0
0
0
0
0
0
0
0
0
0
0
0
0
0
0
0
0
0
0
0
0
0
0
0
0
0
0
0
0
0
0
0
0
0
0
0
0
0
0
0
0
0
0
0
0
0
0
0
0
0
0
0
0
0
0
0
0
0
0
0
0
0
0
0
0
0
0
0
0
0
0
0
0
0
0
0
0
0
0
0
0
0
0
0
0
0
0
0
0
0
0
0
0
0
0
0
0
0
0
0
0
0
0
0
0
0
0
0
0
0
0
0
0
0
0
0
0
0
0
0
0
0
0
0
0
0
0
0
0
0
0
0
0
0
0
0
0
0
0
0
0
0
0
0
0
0
0
0
0
0
0
0
0
0
0
0
0
0
0
0
0
0
0
0
0
0
0
0
0
0
0
0
0
0
0
0
0
0
0
0
0
0
0
0
0
0
0
0
0
0
0
0
0
0
0
0
0
0
0
0
0
0
0
0
0
0
0
0
0
0
0
0
0
0
0
0
0
0
0
0
0
0
0
0
0
0
0
0
0
0
0
0
0
0
0
0
0
0
0
0
0
0
0
0
0
0
0
0
0
0
0
0
0
0
0
0
0
0
0
0
0
0
0
0
0
0
0
0
0
0
0
0
0
0
0
0
0
0
0
0
0
0
0
0
0
0
0
0
0
0
0
0
0
0
0
0
0
0
0
0
0
0
0
0
0
0
0
0
0
0
0
0
0
0
0
0
0
0
0
0
0
0
0
0
0
0
0
0
0
0
0
0
0
0
0
0
0
0
0
0
0
0
0
0
0
0
0
0
0
0
0
0
0
0
0
0
0
0
0
0
0
0
0
0
0
0
0
0
0
0
0
0
0
0
0
0
0
0
0
0
0
0
0
0
0
0
0
0
0
0
0
0
0
0
0
0
0
0
0
0
0
0
0
0
0
0
0
0
0
0
0
0
0
0
0
0
0
0
0
0
0
0
0
0
0
0
0
0
0
0
0
0
0
0
0
0
0
0
0
0
0
0
0
0
0
0
0
0
0
0
0
0
0
0
0
0
0
0
0
0
0
0
0
0
0
0
0
0
0
0
0
0
0
0
0
0
0
0
0
0
0
0
0
0
0
0
0
0
0
0
0
0
0
0
0
0
0
0
0
0
0
0
0
0
0
0
0
0
0
0
0
0
0
0
0
0
0
0
0
0
0
0
0
0
0
0
0
0
0
0
0
0
0
0
0
0
0
0
0
0
0
0
0
0
0
0
0
0
0
0
0
0
0
0
0
0
0
0
0
0
0
0
0
0
0
0
0
0
0
0
0
0
0
0
0
0
0
0
0
0
0
0
0
0
0
0
0
0
0
0
0
0
0
0
0
0
0
0
0
0
0
0
0
0
0
0
0
0
0
0
0
0
0
0
0
0
0
0
0
0
0
0
0
0
0
0
0
0
0
0
0
0
0
0
0
0
0
0
0
0
0
0
0
0
0
0
0
0
0
0
0
0
0
0
0
0
0
0
0
0
0
0
0
0
0
0
0
0
0
0
0
0
0
0
0
0
0
0
0
0
0
0
0
0
0
0
0
0
0
0
0
0
0
0
0
0
0
0
0
0
0
0
0
0
0
0
0
0
0
0
0
0
0
0
0
0
0
0
0
0
0
0
0
0
0
0
0
0
0
0
0
0
0
0
0
0
0
0
0
0
0
0
0
0
0
0
0
0
0
0
0
0
0
0
0
0
0
0
0
0
0
0
0
0
0
0
0
0
0
0
0
0
0
0
0
0
0
0
0
0
0
0
0
0
0
0
0
0
0
0
0
0
0
0
0
0
0
0
0
0
0
0
0
0
0
0
0
0
0
0
0
0
0
0
0
0
0
0
0
0
0
0
0
0
0
0
0
0
0
0
0
0
0
0
0
0
0
0
0
0
0
0
0
0
0
0
0
0
0
0
0
0
0
0
0
0
0
0
0
0
0
0
0
0
0
0
0
0
0
0
0
0
0
0
0
0
0
0
0
0
0
0
0
0
0
0
0
0
0
0
0
0
0
0
0
0
0
0
0
0
0
0
0
0
0
0
0
0
0
0
0
0
0
0
0
0
0
0
0
0
0
0
0
0
0
0
0
0
0
0
0
0
0
0
0
0
0
0
0
0
0
0
0
0
0
0
0
0
0
0
0
0
0
0
0
0
0
0
0
0
0
0
0
0
0
0
0
0
0
0
0
0
0
0
0
0
0
0
0
0
0
0
0
0
0
0
0
0
0
0
0
0
0
0
0
0
0
0
0
0
0
0
0
0
0
0
0
0
0
0
0
0
0
0
0
0
0
0
0
0
0
0
0
0
0
0
0
0
0
0
