hex
0
0
0
4000
0
8000
0
c000
0
10000
0
14000
0
18000
0
1c000
0
20000
0
24000
0
28000
0
2c000
0
30000
0
0
0
4000
0
0
0
4000
bf800000
c000
c777f800
c000
c777f800
14000
0
0
3efff193
6004000
0
8000
0
c000
3efff1d3
7e010000
0
14000
0
18000
0
1c000
0
20000
0
24000
0
28000
38ac14a8
ac904000
b89b9032
46910000
3efff193
6000000
3efff1d3
7e00c000
38ac14a8
ac900000
b89b9032
4690c000
3efff1d3
7e008000
3efff214
21014000
389b9032
46908000
b8ac14f7
24914000
0
0
0
0
0
0
0
0
0
0
0
0
0
0
0
0
0
0
0
0
0
0
0
0
0
0
0
0
0
0
