hex
0
0
0
4000
0
8000
0
c000
c777f800
10000
0
14000
c777f800
c000
3f800000
908000
3f800000
908000
3f800000
904000
3f800000
904000
0
0
0
0
0
0
0
0
0
0
0
0
0
0
0
0
0
0
0
0
3efff1d3
7e004000
0
8000
0
c000
3efff214
21010000
0
14000
0
18000
0
1c000
0
20000
389b9032
46904000
b8ac14f7
24910000
3efff1d3
7e000000
3efff214
2100c000
389b9032
46900000
b8ac14f7
2490c000
3efff193
6008000
3efff1d3
7e014000
38ac14a8
ac908000
b89b9032
46914000
0
0
0
0
0
0
0
0
0
0
0
0
0
0
0
0
0
0
0
0
0
0
0
0
0
0
0
0
0
0
0
0
0
0
