int
0
0
2111
2124
3845
3626
2063
2100
3841
2091
3622
2096
2141
2087
0
2092
2137
3590
2083
2064
2133
2059
3658
2068
2185
3907
2052
3654
2181
2120
2051
3651
2116
2177
3594
2112
3619
2129
2146
3587
2175
2171
2167
2163
2159
2155
2151
2107
2079
6171
0
0
2111
2124
2145
3654
2063
2100
2141
2091
2080
3622
2137
3656
2087
2098
2056
2133
3907
3624
3846
2185
2052
2051
3842
2120
2181
3591
2116
2094
2177
2112
3651
2066
2129
3619
3595
2070
3587
2175
2171
2167
2163
2159
2155
2151
2107
2079
6171
0
0
2111
2124
2145
3626
2063
2100
2141
2091
2080
3658
2137
3652
2087
2098
2056
2133
3907
3620
3846
2185
2052
3595
3842
2120
2181
2051
2116
2094
2177
2112
3651
2066
2129
3619
3591
2070
3587
2175
2171
2167
2163
2159
2155
2151
2107
2079
6171
0
0
2119
2124
2145
3654
2059
2100
2141
3907
2052
3590
2137
3656
2111
2098
2060
2133
2051
2088
3846
2185
2084
3623
3842
2080
2181
2115
3592
2094
2177
2120
3651
2066
2129
3627
3619
2070
3587
2175
2171
2167
2163
2159
2155
2151
2107
2079
6171
0
0
0
2084
3617
2130
3655
2080
2101
2126
2119
2052
2097
2122
3847
2072
3585
2114
3843
2068
2185
3906
3659
2144
2181
2050
2067
2140
2177
3590
2063
2136
2093
3622
3650
2132
2089
3626
3594
2174
2170
2166
2162
2158
2154
2150
2110
2106
2078
6155
0
0
0
3840
2095
2057
2054
2128
2091
0
0
2124
3617
2062
2087
2080
0
3905
2147
2184
3586
0
3621
2180
2143
0
3658
2176
3593
2139
0
2064
3654
2049
2135
2068
0
2115
2117
2100
2074
3651
3845
2096
3627
3591
2122
2175
2171
2167
2163
2159
2155
2151
2111
2107
6175
0
0
2119
2124
2145
3594
2059
2100
2141
3907
2052
3658
2137
3652
2111
2098
2060
2133
3627
2088
3846
2185
2084
2051
3842
2080
2181
2115
3588
2094
2177
2120
3651
2066
2129
3623
3619
2070
3587
2175
2171
2167
2163
2159
2155
2151
2107
2079
6171
0
0
0
3840
2095
2057
2054
2128
2091
0
0
2124
3617
2062
2087
2080
0
3905
2147
2184
3586
0
2117
2180
2143
0
3658
2176
2049
2139
0
2064
3654
3589
2135
2068
0
2115
3625
2100
2074
3651
3845
2096
3623
3595
2122
2175
2171
2167
2163
2159
2155
2151
2111
2107
6175
0
0
0
2084
3617
2130
3659
2080
2101
2126
2119
2052
2097
2122
3847
2072
3585
2114
3843
2068
2185
3906
3655
2144
2181
3594
2067
2140
2177
3626
2063
2136
2093
2050
3650
2132
2089
3622
3590
2174
2170
2166
2162
2158
2154
2150
2110
2106
2078
6155
0
0
2119
2124
2145
3590
2059
2100
2141
3907
2052
3622
2137
2060
2111
2098
2088
2133
3655
2084
3846
2185
3624
2051
3842
2080
2181
2115
3592
2094
2177
2120
3659
2066
2129
3651
3619
2070
3587
2175
2171
2167
2163
2159
2155
2151
2107
2079
6171
0
0
0
2052
2093
3622
2127
2068
2089
2110
2123
2064
3585
3846
2119
2060
2185
3842
2115
2144
2181
2058
3907
2140
2177
2102
2051
2136
2085
3650
3655
2132
2081
3626
3591
2128
2077
2098
3659
3619
3595
2175
2171
2167
2163
2159
2155
2151
2107
6171
0
0
0
2125
2067
2120
3906
2113
2147
0
0
3592
2069
2054
2143
0
2185
2076
2139
2050
2181
0
2135
3584
2177
2062
2131
3659
2101
2056
3619
3654
2097
3591
2108
2175
2093
3650
2171
2116
2089
2167
2163
3844
2085
3626
2159
3840
2081
2155
2151
3622
2107
6171
0
0
0
2076
3617
3590
2127
2072
3593
2058
2123
2068
2093
3846
2063
2064
2185
3842
2115
2144
2181
2110
3907
2140
2177
2054
3623
2136
2089
3650
3655
2132
2085
2102
2051
2128
2081
2098
3659
3627
3587
2175
2171
2167
2163
2159
2155
2151
2119
6203
0
0
0
2100
3617
2058
2127
2096
0
2113
2054
2144
2095
0
2077
2140
2062
2071
0
2136
3585
2090
3907
2132
3591
2073
2086
2184
3655
2065
2151
2180
3650
3845
3623
2176
2051
3841
2122
2128
3659
3627
3595
2082
2175
2171
2167
2163
2159
2155
2119
2111
6203
0
0
0
2179
2080
0
3621
3906
2131
2088
0
0
2127
3617
2112
2122
2095
0
0
2084
3593
2071
2054
3844
0
2067
0
3840
2057
2050
2103
2140
0
0
2099
2136
3585
3654
2147
2132
2151
0
2175
2184
2077
3650
3659
2180
3627
3591
2171
2073
2062
2167
2163
2159
2155
2119
2111
6203
0
0
0
3841
2091
3616
3906
2129
2087
0
0
3592
2125
2122
2147
0
2081
3588
2143
2054
2185
0
2139
2056
2181
2050
2135
0
2177
2076
2115
3654
2069
3659
3623
2072
2065
3650
3587
2175
2108
2101
2171
3626
3844
2097
2167
2163
2159
2093
2062
2155
2151
2119
6203
0
0
0
2179
2080
0
2061
3906
2131
2088
0
0
2127
3617
2112
2122
2095
0
0
2084
2057
2071
2054
3844
0
2067
0
3840
3589
2050
2103
2140
0
0
2099
2136
3585
3654
2147
2132
2151
3659
3623
2184
2077
3650
3595
2180
2175
2171
2167
2073
3626
2163
2159
2155
2119
2111
6203
0
0
0
2179
2080
0
2061
3906
2131
2088
0
0
2127
3617
2112
2122
2095
0
0
2084
3593
2071
2054
3844
0
2067
0
3840
2057
2050
2103
2140
0
0
2099
2136
3585
3654
2147
2132
2151
3659
3623
2184
2077
3650
3591
2180
2175
2171
2167
2073
3626
2163
2159
2155
2119
2111
6203
0
0
2119
2124
2145
3626
2059
2100
2141
3907
2052
3594
2137
2060
3659
2098
2088
2133
2111
2084
3846
2185
3620
2051
3842
2080
2181
2115
3588
2094
2177
2120
3655
2066
2129
3651
3619
2070
3587
2175
2171
2167
2163
2159
2155
2151
2107
2079
6171
0
0
0
2125
2067
2120
3906
2113
2147
0
0
2076
2069
2054
2143
0
2185
3588
2139
2050
2181
0
2135
3584
2177
3658
2131
3655
2101
2056
3619
2062
2097
3595
2108
2175
2093
3650
2171
2116
2089
2167
2163
3844
2085
3626
2159
3840
2081
2155
2151
3622
2107
6171
0
0
0
2052
2093
3626
2127
2068
2089
2110
2123
2064
3585
3846
2119
2060
2185
3842
2115
2144
2181
2058
3907
2140
2177
2102
3659
2136
2085
3650
3595
2132
2081
3622
2051
2128
2077
2098
3655
3619
3591
2175
2171
2167
2163
2159
2155
2151
2107
6171
0
0
0
3841
2091
3616
3906
2129
2087
0
0
3592
2125
2122
2147
0
2081
3588
2143
2054
2185
0
2139
2056
2181
3658
2135
0
2177
2076
2115
2050
2069
3655
3627
2072
2065
3650
3587
2175
2108
2101
2171
2062
3844
2097
2167
2163
2159
2093
3622
2155
2151
2119
6203
0
0
0
2179
2080
0
3621
3906
2131
2088
0
0
2127
3617
2112
2122
2095
0
0
2084
2057
2071
2054
3844
0
2067
0
3840
3589
3658
2103
2140
0
0
2099
2136
3585
2050
2147
2132
2151
3655
3627
2184
2077
3650
3595
2180
2175
2171
2167
2073
2062
2163
2159
2155
2119
2111
6203
0
0
0
2179
2080
0
3621
3906
2131
2088
0
0
2127
3617
2112
2122
2095
0
0
2084
3593
2071
2054
3844
0
2067
0
3840
2057
3658
2103
2140
0
0
2099
2136
3585
2050
2147
2132
2151
3655
3627
2184
2077
3650
3591
2180
2175
2171
2167
2073
2062
2163
2159
2155
2119
2111
6203
0
0
0
2076
3617
3594
2127
2072
3589
2058
2123
2068
2093
3846
2063
2064
2185
3842
2115
2144
2181
2110
3907
2140
2177
2054
3659
2136
2089
3650
2051
2132
2085
2102
3627
2128
2081
2098
3655
3623
3587
2175
2171
2167
2163
2159
2155
2151
2119
6203
0
0
0
2179
2080
0
2061
3906
2131
2088
0
0
2127
3617
2112
2122
2095
0
0
2084
2057
2071
2054
3844
0
2067
0
3840
3589
3658
2103
2140
0
0
2099
2136
3585
2050
2147
2132
2151
0
2175
2184
2077
3650
3655
2180
3623
3595
2171
2073
3626
2167
2163
2159
2155
2119
2111
6203
0
0
0
2100
3617
2058
2127
2096
0
2113
2054
2144
2095
0
2077
2140
2062
2071
0
2136
3585
2090
3907
2132
3659
2073
2086
2184
2051
2065
3627
2180
3650
3845
2151
2176
3595
3841
2122
2128
3655
3623
3591
2082
2175
2171
2167
2163
2159
2155
2119
2111
6203
0
0
0
2096
2089
2082
2127
2144
0
3617
2078
2140
2095
0
2121
2136
2074
2115
0
2132
2085
2058
2071
2128
0
3585
2054
2184
2067
2101
2151
2180
3650
3845
3907
2176
3659
3841
2062
3655
3627
3623
3595
3591
2175
2171
2167
2163
2159
2155
2119
2111
2107
6147
0
0
0
0
0
0
2160
3841
3626
2123
0
0
0
2068
2089
0
2119
3622
0
0
2152
2085
0
2115
0
0
3590
2064
2081
0
2111
0
0
0
2144
2185
3658
2063
0
0
0
2140
2181
0
2103
3654
0
0
2136
2177
0
2099
0
3907
3594
2132
2057
2051
3651
3619
3587
2094
2128
2169
2175
2167
2159
2151
3846
2124
2053
2107
2079
6171
0
0
0
0
0
0
2052
2093
2130
3655
0
0
0
2160
2089
2126
0
0
3623
0
2068
2085
2122
0
0
2103
0
2152
2081
2118
0
0
3847
0
2064
2185
2114
0
0
3843
0
2144
2181
2110
0
0
3659
0
2140
2177
2062
0
3906
2099
2050
2136
2057
3590
3650
3618
3594
3586
2132
2169
2174
2166
2158
2150
2106
2078
2074
7723
0
0
0
0
0
0
2052
2093
2130
3627
0
0
0
2160
2089
2126
0
0
3659
0
2068
2085
2122
0
0
2103
0
2152
2081
2118
0
0
3847
0
2064
2185
2114
0
0
3843
0
2144
2181
2110
0
0
3655
0
2140
2177
2062
0
3906
2099
3594
2136
2057
2050
3650
3618
3590
3586
2132
2169
2174
2166
2158
2150
2106
2078
2074
7719
0
0
0
0
0
0
2052
2089
2130
3655
0
0
0
2160
2085
2126
0
0
3591
0
2068
3593
2122
0
0
2103
0
2152
2081
2118
0
0
3847
0
2064
2185
2114
0
0
3843
0
2144
2181
2110
0
0
3659
0
2140
2177
2062
0
3906
2099
3622
2136
2057
2050
3650
3626
3618
3586
2132
2169
2174
2166
2158
2150
2106
2078
2074
6191
0
0
0
0
0
0
0
2160
2085
3654
2127
0
0
0
0
2068
2081
2102
2123
0
0
0
0
2152
3585
3846
2119
0
0
0
0
2064
2185
3842
2115
0
0
0
0
2144
2181
3658
2063
0
0
0
0
2140
2177
2098
2059
0
3907
0
2051
2136
2053
2094
3591
0
3623
3651
3627
2132
2169
2090
3595
2175
2167
2159
2151
2128
2073
3618
2111
2107
6175
0
0
0
0
0
0
0
2113
2155
3904
3594
0
0
0
0
2085
2091
0
0
3844
2066
0
0
2081
2147
0
0
0
0
3840
3586
2185
2143
0
0
0
0
0
0
3656
2181
2122
2139
0
0
0
0
0
2177
3652
2135
2062
0
0
0
0
2101
0
2131
2072
0
2058
0
0
2169
0
2127
3651
3627
2068
3591
2054
2097
2175
2167
2159
2151
2111
2107
3620
2161
2050
2079
0
0
0
0
0
2093
3616
6214
0
0
0
0
0
0
2052
2089
2130
3595
0
0
0
2160
2085
2126
0
0
3659
0
2068
3589
2122
0
0
2103
0
2152
2081
2118
0
0
3847
0
2064
2185
2114
0
0
3843
0
2144
2181
2110
0
0
3655
0
2140
2177
2062
0
3906
2099
2050
2136
2057
3626
3650
3622
3618
3586
2132
2169
2174
2166
2158
2150
2106
2078
2074
6191
0
0
0
0
0
0
0
2113
2155
3904
2066
0
0
0
0
2085
2091
0
0
3844
3590
0
0
2081
2147
0
0
0
0
3840
3586
2185
2143
0
0
0
0
0
0
3656
2181
2122
2139
0
0
0
0
0
2177
3652
2135
2062
0
0
0
0
2101
0
2131
2072
0
2058
0
0
2169
0
2127
3651
3623
3624
3595
2054
2097
2175
2167
2159
2151
2111
2107
2068
2161
2050
2079
0
0
0
0
0
2093
3616
6214
0
0
0
0
0
0
0
2160
2085
3658
2127
0
0
0
0
2068
2081
2102
2123
0
0
0
0
2152
3585
3846
2119
0
0
0
0
2064
2185
3842
2115
0
0
0
0
2144
2181
3654
2063
0
0
0
0
2140
2177
2098
2059
0
3907
0
3595
2136
2053
2094
3627
0
2051
3651
3623
2132
2169
2090
3591
2175
2167
2159
2151
2128
2073
3618
2111
2107
6175
0
0
0
0
0
0
2052
3625
2130
3591
0
0
0
2160
2085
2126
0
0
3623
0
2068
3593
2122
0
0
2103
0
2152
2081
2118
0
0
3847
0
2064
2185
2114
0
0
3843
0
2144
2181
2110
0
0
2099
0
2140
2177
2062
0
3906
2095
2050
2136
2057
3654
3658
3650
3618
3586
2132
2169
2174
2166
2158
2150
2106
2078
2074
6187
0
0
0
0
0
0
0
2160
2081
2126
3623
0
0
0
0
2064
2077
2122
2099
0
0
0
0
2152
3585
2118
3847
0
0
0
0
2060
2185
2114
3843
0
0
0
0
2144
2181
2110
2095
0
0
0
0
2140
2177
2058
2091
0
0
0
0
2136
2053
2102
3651
3906
0
2050
0
2132
2169
3654
3627
3590
3658
3618
3594
2128
2069
2174
2166
2158
2150
2106
2074
6183
0
0
0
0
0
0
0
2091
2116
3905
3594
0
0
0
0
2155
2112
0
0
3845
2066
0
0
2087
2080
0
0
0
0
3841
3586
2147
2100
0
0
0
0
0
0
2049
2184
2122
2143
0
0
0
0
0
2180
3653
2139
2062
0
0
0
0
2176
0
2135
3649
0
2058
0
0
2096
0
2131
0
0
3625
0
2054
2168
0
2127
3659
3619
3591
2175
3621
2092
2078
2167
2159
2151
2107
2075
0
2160
2069
6206
0
0
0
0
0
0
0
2160
3617
2126
3591
0
0
0
0
2064
3593
2122
2099
0
0
0
0
2152
2077
2058
3847
0
0
0
0
2060
2185
2114
3843
0
0
0
0
2144
2181
2110
2095
0
0
0
0
2140
2177
2054
2091
0
0
0
0
2136
2073
2102
3651
3906
0
3622
0
2132
2169
3654
2087
2050
3658
3626
3586
2128
2069
2174
2166
2158
2150
2118
2106
6179
0
0
0
0
0
0
0
0
2160
2085
2054
2127
0
0
0
0
0
2068
2081
3846
2123
0
0
0
0
0
2152
3585
3842
2063
0
0
0
0
0
2064
2185
2102
2115
0
0
0
0
0
2144
2181
2098
2059
0
3907
0
3591
0
2140
2177
3650
3655
0
2051
0
3623
0
2136
2077
2094
2151
3659
3627
3595
2175
2167
2132
2169
2090
2159
2119
2111
2107
0
0
2128
2073
7714
0
0
0
0
0
0
0
0
2088
2155
3593
3906
0
0
0
0
0
2112
2095
0
0
2053
3846
0
0
0
2084
2147
0
0
0
0
3585
3842
0
2184
2143
0
0
0
0
0
0
2049
2180
2058
2139
0
0
0
0
0
0
2176
2077
2135
3654
0
0
0
0
0
2080
0
2131
2073
0
3650
0
0
0
2168
0
2127
0
2151
2069
2175
2122
3659
2100
3627
3591
2167
2159
2119
2111
2065
2107
2160
3622
0
0
0
0
0
0
0
2096
2061
0
7714
0
0
0
0
0
0
0
2095
2108
3593
3906
0
0
0
0
2155
2084
0
0
3589
3846
0
0
2091
2112
0
0
0
0
2053
3842
2147
2080
0
0
0
0
0
0
2049
2184
2058
2143
0
0
0
0
0
2180
2077
2139
3654
0
0
0
0
2176
0
2135
2073
0
3650
0
0
2100
0
2131
0
0
2069
0
3626
2168
0
2127
3659
3623
3587
2175
2065
2096
2122
2167
2159
2151
2119
2107
0
2160
2061
0
7714
0
0
0
0
0
0
0
0
2088
2155
2053
3906
0
0
0
0
0
2112
2095
0
0
3589
3846
0
0
0
2084
2147
0
0
0
0
3585
3842
0
2184
2143
0
0
0
0
0
0
2049
2180
2058
2139
0
0
0
0
0
0
2176
2077
2135
3654
0
0
0
0
0
2080
0
2131
2073
0
3650
0
0
0
2168
0
2127
0
2151
2069
3659
3626
3623
2100
3595
2175
2167
2159
2119
2111
2065
2107
2160
2122
0
0
0
0
0
0
0
2096
2061
0
7714
0
0
0
0
0
0
0
0
2088
2155
3593
3906
0
0
0
0
0
2112
2095
0
0
2053
3846
0
0
0
2084
2147
0
0
0
0
3585
3842
0
2184
2143
0
0
0
0
0
0
2049
2180
2058
2139
0
0
0
0
0
0
2176
2077
2135
3654
0
0
0
0
0
2080
0
2131
2073
0
3650
0
0
0
2168
0
2127
0
2151
2069
3659
3626
3623
2100
3591
2175
2167
2159
2119
2111
2065
2107
2160
2122
0
0
0
0
0
0
0
2096
2061
0
7714
0
0
0
0
0
0
2052
3621
2130
3627
0
0
0
2160
2085
2126
0
0
3595
0
2068
3589
2122
0
0
2103
0
2152
2081
2118
0
0
3847
0
2064
2185
2114
0
0
3843
0
2144
2181
2110
0
0
2099
0
2140
2177
2062
0
3906
2095
3658
2136
2057
2050
3654
3650
3618
3586
2132
2169
2174
2166
2158
2150
2106
2078
2074
6187
0
0
0
0
0
0
0
2091
2116
3905
2066
0
0
0
0
2155
2112
0
0
3845
3590
0
0
2087
2080
0
0
0
0
3841
3586
2147
2100
0
0
0
0
0
0
3657
2184
2122
2143
0
0
0
0
0
2180
2049
2139
2062
0
0
0
0
2176
0
2135
3649
0
2058
0
0
2096
0
2131
0
0
3625
0
2054
2168
0
2127
3655
3619
3595
2175
3621
2092
2078
2167
2159
2151
2107
2075
0
2160
2069
6206
0
0
0
0
0
0
0
2160
2081
2126
3627
0
0
0
0
2064
2077
2122
2099
0
0
0
0
2152
3585
2118
3847
0
0
0
0
2060
2185
2114
3843
0
0
0
0
2144
2181
2110
2095
0
0
0
0
2140
2177
2058
2091
0
0
0
0
2136
2053
2102
3651
3906
0
3658
0
2132
2169
3594
3623
2050
3654
3618
3590
2128
2069
2174
2166
2158
2150
2106
2074
6183
0
0
0
0
0
0
0
2095
2108
3593
3906
0
0
0
0
2155
2084
0
0
3589
3846
0
0
2091
2112
0
0
0
0
2053
3842
2147
2080
0
0
0
0
0
0
2049
2184
3658
2143
0
0
0
0
0
2180
2077
2139
2058
0
0
0
0
2176
0
2135
2073
0
3650
0
0
2100
0
2131
0
0
2069
0
2122
2168
0
2127
3655
3627
3587
2175
2065
2096
3622
2167
2159
2151
2119
2107
0
2160
2061
0
7714
0
0
0
0
0
0
0
0
2088
2155
2053
3906
0
0
0
0
0
2112
2095
0
0
3589
3846
0
0
0
2084
2147
0
0
0
0
3585
3842
0
2184
2143
0
0
0
0
0
0
2049
2180
3658
2139
0
0
0
0
0
0
2176
2077
2135
2058
0
0
0
0
0
2080
0
2131
2073
0
3650
0
0
0
2168
0
2127
0
2151
2069
3655
2122
3627
2100
3595
2175
2167
2159
2119
2111
2065
2107
2160
3622
0
0
0
0
0
0
0
2096
2061
0
7714
0
0
0
0
0
0
0
0
2088
2155
3593
3906
0
0
0
0
0
2112
2095
0
0
2053
3846
0
0
0
2084
2147
0
0
0
0
3585
3842
0
2184
2143
0
0
0
0
0
0
2049
2180
3658
2139
0
0
0
0
0
0
2176
2077
2135
2058
0
0
0
0
0
2080
0
2131
2073
0
3650
0
0
0
2168
0
2127
0
2151
2069
3655
2122
3627
2100
3591
2175
2167
2159
2119
2111
2065
2107
2160
3622
0
0
0
0
0
0
0
2096
2061
0
7714
0
0
0
0
0
0
0
2160
3617
2126
3595
0
0
0
0
2064
3589
2122
2099
0
0
0
0
2152
2077
2058
3847
0
0
0
0
2060
2185
2114
3843
0
0
0
0
2144
2181
2110
2095
0
0
0
0
2140
2177
2054
2091
0
0
0
0
2136
2073
2102
3651
3906
0
3658
0
2132
2169
2050
2087
3626
3654
3622
3586
2128
2069
2174
2166
2158
2150
2118
2106
6179
0
0
0
0
0
0
0
0
2088
2155
2053
3906
0
0
0
0
0
2112
2095
0
0
3589
3846
0
0
0
2084
2147
0
0
0
0
3585
3842
0
2184
2143
0
0
0
0
0
0
2049
2180
3658
2139
0
0
0
0
0
0
2176
2077
2135
2058
0
0
0
0
0
2080
0
2131
2073
0
3650
0
0
0
2168
0
2127
0
2151
2069
2175
3626
3655
2100
3623
3595
2167
2159
2119
2111
2065
2107
2160
2122
0
0
0
0
0
0
0
2096
2061
0
7714
0
0
0
0
0
0
0
0
2160
2085
2054
2127
0
0
0
0
0
2068
2081
3846
2123
0
0
0
0
0
2152
3585
3842
2063
0
0
0
0
0
2064
2185
2102
2115
0
0
0
0
0
2144
2181
2098
2059
0
3907
0
3659
0
2140
2177
3650
2151
0
3627
0
2051
0
2136
2077
2094
3595
3655
3623
3591
2175
2167
2132
2169
2090
2159
2119
2111
2107
0
0
2128
2073
7714
0
0
0
0
0
0
0
0
2160
2085
2054
2127
0
0
0
0
0
2068
2081
3846
2123
0
0
0
0
0
2152
3585
3842
2063
0
0
0
0
0
2064
2185
2102
2115
0
0
0
0
0
2144
2181
2098
2059
0
2151
3907
3659
3655
2140
2177
3650
3627
3623
3595
3591
2175
2167
2136
2077
2094
2159
2119
2111
2107
2051
0
2132
2169
2090
0
0
0
0
0
0
2128
2073
7714
0
0
0
0
0
0
0
0
0
0
0
0
0
0
0
0
0
0
0
0
0
0
0
0
0
0
0
0
0
0
0
0
0
0
0
0
0
0
0
0
0
0
0
0
0
0
0
0
0
0
0
0
0
0
0
0
0
0
0
0
0
0
0
0
0
0
0
0
0
0
0
0
0
0
0
0
0
0
0
0
0
0
0
0
0
0
0
0
0
0
0
0
0
0
0
0
0
0
0
0
0
0
0
0
0
0
0
0
0
0
0
0
0
0
0
0
0
0
0
0
0
0
0
0
0
0
0
0
0
0
0
0
0
0
0
0
0
0
0
0
0
0
0
0
0
0
0
0
0
0
0
0
0
0
0
0
0
0
0
0
0
0
0
0
0
0
0
0
0
0
0
0
0
0
0
0
0
0
0
0
0
0
0
0
0
0
0
0
0
0
0
0
0
0
0
0
0
0
0
0
0
0
0
0
0
0
0
0
0
0
0
0
0
0
0
