hex
3f800000
0
bea617c1
be008000
3f800000
0
0
4000
bea617c1
be008000
0
c000
0
10000
0
0
3f800000
8000
bf800000
c40000
0
0
0
4000
0
8000
0
c000
0
10000
0
0
0
0
3f800000
8000
0
0
3f800000
a14000
0
0
3f800000
8000
bf800000
c40000
0
0
bf800000
a14000
bf800000
a14000
0
0
0
4000
0
8000
0
c000
0
10000
3f800000
8000
0
0
3f800000
4000
0
8000
0
c000
0
10000
3f800000
a14000
0
0
0
0
0
0
3f800000
8000
bf800000
c40000
bf800000
a14000
0
0
0
0
0
0
0
4000
0
8000
0
c000
bf800000
a14000
3f800000
8000
0
0
3f800000
4000
0
8000
0
c000
0
10000
3f800000
a14000
0
0
0
0
0
0
424f5c28
f6008000
c24f5c28
f600c000
c24f5c28
f6c40000
0
0
0
4000
3f800000
8000
0
c000
0
10000
bf800000
c40000
bf800000
a14000
0
0
0
4000
0
8000
0
c000
0
10000
bf800000
a14000
0
0
0
4000
0
8000
3f800000
8000
3f800000
4000
3f800000
a14000
424f5c28
f6008000
c24f5c28
f600c000
c24f5c28
f6c40000
0
0
0
4000
3f800000
8000
0
c000
0
10000
bf800000
c40000
0
0
0
0
0
4000
0
8000
0
c000
bf800000
a14000
0
0
0
0
0
4000
bf800000
a14000
3f800000
8000
3f800000
4000
3f800000
a14000
bf800000
a14000
0
0
0
0
0
4000
0
8000
0
c000
0
10000
0
0
0
4000
0
8000
0
c000
0
10000
0
14000
0
18000
0
0
3f800000
8000
0
0
3f800000
a14000
0
0
bf800000
a14000
0
0
0
0
0
4000
0
8000
0
c000
0
10000
0
0
0
4000
0
8000
0
c000
0
10000
0
14000
0
18000
0
0
3f800000
8000
0
0
3f800000
a14000
0
0
0
0
bf800000
a14000
0
0
0
4000
0
8000
0
c000
0
10000
0
0
0
4000
0
8000
0
c000
0
10000
0
14000
0
18000
0
0
3f800000
8000
0
0
3f800000
a14000
0
0
0
0
bf800000
a14000
0
0
0
4000
0
8000
0
c000
0
10000
0
0
0
4000
0
8000
0
c000
0
10000
0
14000
0
18000
0
0
3f800000
8000
0
0
3f800000
a14000
0
0
424f5c28
f6008000
c24f5c28
f600c000
c24f5c28
f6c40000
0
0
0
4000
3f800000
8000
0
c000
0
10000
bf800000
c40000
0
0
0
0
0
4000
0
8000
0
c000
0
10000
0
0
0
0
0
4000
0
8000
3f800000
8000
3f800000
4000
3f800000
a14000
0
0
0
0
0
0
0
0
0
0
0
0
0
0
0
0
0
0
0
0
0
0
0
0
0
0
0
0
0
0
