hex
3f800000
904000
0
0
3f800000
900000
0
0
0
4000
0
8000
0
c000
0
10000
0
14000
0
18000
0
1c000
0
20000
0
24000
0
28000
0
2c000
0
0
0
0
3f800000
900000
3f800000
900000
0
0
0
0
0
0
0
0
0
0
0
0
0
0
0
0
0
0
0
0
0
0
0
0
0
0
0
0
0
0
0
0
0
0
3f800000
b0c000
0
0
3fc00000
b0c000
0
0
3f800000
b08000
0
0
3fc00000
b08000
0
0
3f800000
b04000
0
0
3f800000
b00000
0
0
0
4000
0
8000
3fc00000
b08000
3f800000
904000
3f800000
900000
3f800000
900000
3f800000
900000
0
0
0
0
0
0
0
0
0
0
0
0
0
0
0
0
0
0
0
0
0
0
0
0
0
0
0
0
0
0
0
0
0
0
c839fa00
0
0
4000
0
8000
0
c000
0
10000
0
14000
0
18000
0
1c000
0
20000
0
24000
0
28000
0
2c000
0
30000
0
34000
0
38000
43a28804
6fb00000
433baccc
cdb04000
c839fa00
0
a8cf4977
3b00000
c3bbeb57
3fb04000
c839fa00
0
a8cf047a
78b00000
c3bbaccc
cdb04000
c839fa00
0
c3a2be2d
e3b00000
433beb57
3fb04000
c839fa00
0
c3a28804
6fb00000
433baccc
cdb04000
0
0
0
0
0
0
0
0
0
0
0
0
0
0
0
4000
24624a55
e008000
b6b03174
ea908000
9f01ca17
a590c000
3f5db380
49b00000
3effff9b
92b04000
0
0
0
4000
89901d2c
68008000
b6b03174
ea904000
4255059
c990c000
a48d30fa
35b00000
bf7fff9b
92b04000
ad3ec58c
7c000000
47d6bf4a
ea004000
c7d6bf4a
ea008000
0
c000
c839fa35
c4b00000
2d98ded6
5cb04000
c7f7f800
0
4777f800
4000
4777f800
8000
0
c000
ad213d34
26b00000
c839fa35
c4b04000
0
0
0
0
0
0
0
0
0
0
0
0
0
0
0
0
0
0
0
0
0
0
0
0
0
0
0
0
0
0
0
0
0
0
0
0
0
0
0
0
0
0
0
0
0
0
0
0
0
0
0
0
0
0
