int
2139
2120
2135
2160
3593
2116
3622
2112
3648
3616
3584
2156
2152
2148
2144
2140
3625
3590
3845
2131
3841
3658
2073
2111
2125
3654
2107
2103
2099
2095
2091
2087
2083
2079
2071
2067
2063
2059
2055
6147
2096
2092
2088
2084
2080
2076
2068
2064
2060
2056
2052
2048
3625
3622
2113
3595
2073
3654
2125
3846
2121
3842
2161
3649
3617
3658
3591
2118
3587
2159
2155
2151
2147
2143
2139
2135
2131
2111
2107
6199
2096
2092
2088
2084
2080
2076
2068
2064
2060
2056
2052
2048
3621
3658
2113
3595
2073
3626
2125
3846
2121
3842
2161
3649
3617
3654
3591
2118
3587
2159
2155
2151
2147
2143
2139
2135
2131
2111
2107
6199
2096
2092
2088
2084
2080
2076
2068
2064
2060
2056
2052
2048
2113
3590
2073
3623
2125
3654
3593
3846
2121
3842
2161
3649
3625
3658
3619
2118
3587
2159
2155
2151
2147
2143
2139
2135
2131
2111
2107
6199
3591
2116
2053
2092
3654
2080
2113
2100
3658
2160
3617
2072
2062
2124
3648
3624
3620
3592
2077
3586
3845
2159
3841
2050
2121
2155
2151
2147
2143
2139
2135
2131
2111
2107
2099
2091
2087
2071
2067
6155
2147
2072
2143
2120
2053
2116
3658
2092
2077
2080
2139
2160
3617
2100
3648
3624
3620
3592
3588
2156
2152
2148
2125
3654
2135
2113
2131
3845
2062
3841
2111
2107
2050
2099
2091
2087
3586
2071
2067
6155
2096
2092
2088
2084
2080
2076
2068
2064
2060
2056
2052
2048
2113
3658
2073
3623
2125
3594
3589
3846
2121
3842
2161
3649
3625
3654
3619
2118
3587
2159
2155
2151
2147
2143
2139
2135
2131
2111
2107
6199
2147
2072
2143
2120
2053
2116
3658
2092
2077
2080
2139
2160
3617
2100
3648
3624
3620
3592
3588
2156
2152
2148
2125
3654
2135
2113
2131
3845
2062
3841
2111
2107
2050
2099
2091
2087
3586
2071
2067
6155
3591
2116
2053
2092
3658
2080
2113
2100
3654
2160
3617
2072
2062
2124
3648
3624
3620
3592
2077
3586
3845
2159
3841
2050
2121
2155
2151
2147
2143
2139
2135
2131
2111
2107
2099
2091
2087
2071
2067
6155
2096
2092
2088
2084
2080
2076
2068
2064
2060
2056
2052
2048
2073
3622
3625
3651
2125
3590
3593
3846
2121
3842
2161
3657
3653
2118
3619
2114
3587
2159
2155
2151
2147
2143
2139
2135
2131
2111
2107
6199
3591
2116
2065
2108
3622
2092
3649
2072
3626
2160
2113
2084
2050
2124
3656
3652
3616
3592
2077
3586
3845
2159
3841
2058
2121
2155
2151
2147
2143
2139
2135
2131
2107
2103
2099
2091
2083
2071
2063
6151
2147
2084
2143
2120
2065
2116
3622
2108
3649
2092
2139
2160
2077
2072
3656
3652
3616
3592
3588
2156
2152
2148
2125
3626
2135
2113
2131
3845
2050
3841
2107
2103
2058
2099
2091
2083
3586
2071
2063
6151
3624
3620
3584
2156
2152
2148
2144
2140
2136
2132
2128
2104
2096
2092
2088
2076
2068
2048
3589
2074
2067
2102
3593
2086
3651
3617
2082
2115
2057
2162
2063
2053
2126
3847
2122
3843
2118
3658
3654
6207
0
2111
2092
3659
3844
2057
3840
2050
2084
3655
2140
2077
2100
3586
2080
3627
2072
3617
2124
2066
2160
3623
2120
2053
2116
2062
3595
2113
3591
2159
3650
2155
2151
2147
2139
2135
2131
2107
2099
2091
6167
3659
3655
3627
2124
3623
2057
2092
2050
3844
3595
3840
2077
2108
3586
2084
3591
2140
3617
2100
2066
2080
2159
2072
2053
2160
2062
2120
2113
2116
2155
2151
3650
2147
2139
2135
2131
2107
2099
2091
6167
2155
2116
2151
2108
2065
2072
3594
2100
3649
2084
2147
2160
2061
2080
3590
2120
3656
3652
3624
3620
3584
2156
2125
2058
2143
2113
2139
3845
3618
3841
2135
2131
2054
2107
2099
2095
2091
2079
2071
6147
3659
3655
2092
3627
3623
2124
2057
3844
2050
3840
3595
2108
2077
2084
3586
2140
3591
2100
3617
2080
2066
2072
2159
2160
2053
2120
2062
2116
2113
2155
2151
2147
3650
2139
2135
2131
2107
2099
2091
6167
3659
3655
2092
3627
3623
2124
2057
3844
2050
3840
3595
2108
2077
2084
3586
2140
3591
2100
3617
2080
2066
2072
2159
2160
2053
2120
2062
2116
2113
2155
2151
2147
3650
2139
2135
2131
2107
2099
2091
6167
2096
2092
2088
2084
2080
2076
2068
2064
2060
2056
2052
2048
2073
3594
3621
3651
2125
3626
3589
3846
2121
3842
2161
3657
3653
2118
3619
2114
3587
2159
2155
2151
2147
2143
2139
2135
2131
2111
2107
6199
2147
2084
2143
2120
2065
2116
3622
2108
3649
2092
2139
2160
2077
2072
3656
3652
3616
3592
3588
2156
2152
2148
2125
3626
2135
2113
2131
3845
2050
3841
2107
2103
2058
2099
2091
2083
3586
2071
2063
6151
3591
2116
2065
2108
3626
2092
3649
2072
3622
2160
2113
2084
2050
2124
3656
3652
3616
3592
2077
3586
3845
2159
3841
2058
2121
2155
2151
2147
2143
2139
2135
2131
2107
2103
2099
2091
2083
2071
2063
6151
2155
2116
2151
2108
2065
2072
3594
2100
3649
2084
2147
2160
2061
2080
3590
2120
3656
3652
3624
3620
3584
2156
2125
2058
2143
2113
2139
3845
3618
3841
2135
2131
2054
2107
2099
2095
2091
2079
2071
6147
3659
3655
2092
3627
3623
2124
2057
3844
2050
3840
3595
2108
2077
2084
3586
2140
3591
2100
3617
2080
2066
2072
2159
2160
2053
2120
2062
2116
2113
2155
2151
2147
3650
2139
2135
2131
2107
2099
2091
6167
3659
3655
2092
3627
3623
2124
2057
3844
2050
3840
3595
2108
2077
2084
3586
2140
3591
2100
3617
2080
2066
2072
2159
2160
2053
2120
2062
2116
2113
2155
2151
2147
3650
2139
2135
2131
2107
2099
2091
6167
3624
3620
3584
2156
2152
2148
2144
2140
2136
2132
2128
2104
2096
2092
2088
2076
2068
2048
3593
2074
2067
2102
3589
2086
3651
3617
2082
2115
2057
2162
2063
2053
2126
3847
2122
3843
2118
3658
3654
6207
3659
3655
3627
2124
3623
2057
2092
2050
3844
3595
3840
2077
2108
3586
2084
3591
2140
3617
2100
2066
2080
2159
2072
2053
2160
2062
2120
2113
2116
2155
2151
3650
2147
2139
2135
2131
2107
2099
2091
6167
0
2111
2092
3659
3844
2057
3840
2050
2084
3655
2140
2077
2100
3586
2080
3627
2072
3617
2124
2066
2160
3623
2120
2053
2116
2062
3595
2113
3591
2159
3650
2155
2151
2147
2139
2135
2131
2107
2099
2091
6167
0
2111
2092
3659
3844
2057
3840
2050
2084
3655
2140
2077
2100
3586
2080
3627
2072
3617
2124
2066
2160
3623
2120
2053
2116
2062
3595
2113
3591
2159
3650
2155
2151
2147
2139
2135
2131
2107
2099
2091
6167
0
0
0
0
0
2055
2116
3845
3622
0
2103
0
0
2112
3841
2087
3590
0
2139
0
2108
2093
2083
0
3658
2131
0
2048
2069
2163
0
2127
3654
2135
2076
2057
3651
3619
3587
2159
3594
2072
2121
2155
2151
2147
2143
2107
3626
2099
2091
2067
6159
0
0
0
0
0
2103
2116
2093
3622
2087
0
0
2083
2112
3625
2131
3654
0
2139
0
2108
2053
2127
3846
2135
0
2163
2076
2049
3651
3842
3619
3595
3591
2072
2057
3587
3658
2159
2155
2151
2068
2121
2147
2143
2107
2099
2091
2067
6159
0
0
0
0
0
2103
2116
2093
3658
2087
0
0
2083
2112
3621
2131
3626
0
2139
0
2108
2053
2127
3846
2135
0
2163
2076
2049
3651
3842
3619
3595
3591
2072
2057
3587
3654
2159
2155
2151
2068
2121
2147
2143
2107
2099
2091
2067
6159
0
0
0
0
0
2103
2116
2093
3590
2087
0
0
2083
2112
2053
2131
3654
0
2139
0
2108
2049
2127
3846
2135
0
2163
2076
2057
3651
3842
3627
3623
3619
2072
3593
3587
3658
2159
2155
2151
2068
2121
2147
2143
2107
2099
2091
2067
6159
0
0
0
0
0
0
2111
2072
2077
3654
2087
0
0
0
2083
2068
3617
3846
2131
0
0
2139
0
2100
2121
3842
2127
0
2135
0
2163
2048
2117
3658
3651
3627
3623
3595
3591
2092
3585
2058
2159
2155
2151
2147
2143
2060
2113
2054
2107
2099
2091
6163
0
0
0
0
0
0
2111
0
2048
2053
3846
2087
0
0
0
2083
0
2120
3617
3842
2127
0
0
2131
0
2112
2139
2077
3658
2135
0
2163
3651
2100
3627
3623
2073
3654
3595
3591
2159
2092
2155
2151
2147
3585
2062
2143
2107
2116
2099
2091
2067
0
2069
6154
0
0
0
0
0
2103
2116
2093
3658
2087
0
0
2083
2112
2053
2131
3594
0
2139
0
2108
2049
2127
3846
2135
0
2163
2076
2057
3651
3842
3627
3623
3619
2072
3589
3587
3654
2159
2155
2151
2068
2121
2147
2143
2107
2099
2091
2067
6159
0
0
0
0
0
0
2111
0
2048
2053
3846
2087
0
0
0
2083
0
2120
3617
3842
2127
0
0
2131
0
2112
2139
2077
3658
2135
0
2163
3651
2100
3627
3623
2073
3654
3595
3591
2159
2092
2155
2151
2147
3585
2062
2143
2107
2116
2099
2091
2067
0
2069
6154
0
0
0
0
0
0
2111
2072
2077
3658
2087
0
0
0
2083
2068
3617
3846
2131
0
0
2139
0
2100
2121
3842
2127
0
2135
0
2163
2048
2117
3654
3651
3627
3623
3595
3591
2092
3585
2058
2159
2155
2151
2147
2143
2060
2113
2054
2107
2099
2091
6163
0
0
0
0
0
2103
2116
2053
3622
2087
0
0
2083
2112
2049
2131
3590
0
2139
0
2108
3625
2127
3846
2135
0
2163
2076
2057
3659
3842
3655
3651
3619
2072
3593
3587
2094
2159
2155
2151
2068
2121
2147
2143
2107
2099
2091
2067
6159
0
0
0
0
0
0
0
2068
3625
3622
2055
0
0
0
0
2100
2121
3846
2087
0
0
2083
0
2064
2117
3842
2131
0
0
2139
0
2092
2113
2078
2127
0
2135
0
2163
2048
3585
2074
3659
3655
3619
3595
3591
2056
2109
3650
2159
2155
2151
2147
2143
2107
2099
2091
6159
0
0
0
0
0
0
0
2103
2064
3621
3846
0
2087
0
0
2083
0
2120
2053
3842
2131
0
0
2127
0
2116
2139
2077
2050
2135
0
2163
3659
2112
3655
3619
2073
2058
3595
3591
2159
2108
2155
2151
2147
3585
3650
2143
2107
2092
2099
2091
2063
0
2069
7722
0
0
0
0
0
0
0
2100
2117
3590
2079
0
0
0
0
2060
2113
3846
2075
0
0
0
0
2092
3617
3842
2087
0
0
0
2083
2056
3593
2070
2131
0
0
2139
0
2052
2109
2122
2127
0
2135
0
2163
2048
2065
3650
3659
3655
3627
3623
3587
2159
2155
2151
2147
2143
2107
2099
6187
0
0
0
0
0
0
0
2111
2064
2121
3846
0
2087
0
0
0
2083
2100
3617
3842
2139
0
0
2131
0
2143
2060
2117
2050
2135
0
2163
0
2127
3659
2092
2113
2078
3655
3627
3623
3595
3591
2159
2056
3585
3650
2155
2151
2147
2107
2099
2091
2052
2069
6170
0
0
0
0
0
0
0
2111
0
2120
2069
3846
2087
0
0
0
2083
0
0
2052
3617
3842
2127
0
0
2139
0
0
2116
2131
2065
2050
2163
0
2143
0
2135
2112
3659
3655
2061
2078
3627
3623
3595
3591
2100
2159
2155
2151
3585
3650
2147
2107
2099
2092
2091
0
0
0
2057
6170
0
0
0
0
0
0
0
2095
2120
2065
3846
0
0
0
0
2103
0
2052
3617
3842
2087
0
0
0
2083
0
2048
3593
2078
2127
0
0
2131
0
2116
2139
3589
2074
2135
0
2163
3659
2112
3655
3627
2061
3650
3623
3587
2159
2108
2155
2151
2147
2057
2070
2143
2107
2099
6187
0
0
0
0
0
0
2111
0
0
2120
2069
3846
2087
0
0
0
2083
0
0
2052
3617
3842
2139
0
0
2127
0
0
2116
2131
2065
2050
2163
0
2143
0
2135
2112
3659
3655
2061
2078
3627
3623
3595
3591
2100
2159
2155
2151
3585
3650
2147
2107
2099
2092
2091
0
0
0
2057
6170
0
0
0
0
0
0
0
2111
0
2120
2069
3846
2087
0
0
0
2083
0
0
2052
3617
3842
2139
0
0
2127
0
0
2116
2131
2065
2050
2163
0
2143
0
2135
2112
3659
3655
2061
2078
3627
3623
3595
3591
2100
2159
2155
2151
3585
3650
2147
2107
2099
2092
2091
0
0
0
2057
6170
0
0
0
0
0
2103
2116
2053
3594
2087
0
0
2083
2112
2049
2131
3626
0
2139
0
2108
3621
2127
3846
2135
0
2163
2076
2057
3659
3842
3655
3651
3619
2072
3589
3587
2094
2159
2155
2151
2068
2121
2147
2143
2107
2099
2091
2067
6159
0
0
0
0
0
0
0
2103
2064
3621
3846
0
2087
0
0
2083
0
2120
2053
3842
2131
0
0
2127
0
2116
2139
2077
2050
2135
0
2163
3659
2112
3655
3619
2073
2058
3595
3591
2159
2108
2155
2151
2147
3585
3650
2143
2107
2092
2099
2091
2063
0
2069
7722
0
0
0
0
0
0
0
2068
3621
3626
2055
0
0
0
0
2100
2121
3846
2087
0
0
2083
0
2064
2117
3842
2131
0
0
2139
0
2092
2113
2078
2127
0
2135
0
2163
2048
3585
2074
3659
3655
3619
3595
3591
2056
2109
3650
2159
2155
2151
2147
2143
2107
2099
2091
6159
0
0
0
0
0
0
0
2095
2120
2065
3846
0
0
0
0
2103
0
2052
3617
3842
2087
0
0
0
2083
0
2048
3593
2078
2127
0
0
2131
0
2116
2139
3589
2074
2135
0
2163
3659
2112
3655
3627
2061
3650
3623
3587
2159
2108
2155
2151
2147
2057
2070
2143
2107
2099
6187
0
0
0
0
0
0
2111
0
0
2120
2069
3846
2087
0
0
0
2083
0
0
2052
3617
3842
2139
0
0
2127
0
0
2092
2131
2065
2050
2163
0
2143
0
2135
2116
3659
3655
2061
2078
3627
3623
3595
3591
2112
2159
2155
2151
3585
3650
2147
2107
2100
2099
2091
0
0
0
2057
6170
0
0
0
0
0
0
0
2111
0
2120
2069
3846
2087
0
0
0
2083
0
0
2052
3617
3842
2139
0
0
2127
0
0
2116
2131
2065
2050
2163
0
2143
0
2135
2112
3659
3655
2061
2078
3627
3623
3595
3591
2100
2159
2155
2151
3585
3650
2147
2107
2099
2092
2091
0
0
0
2057
6170
0
0
0
0
0
0
0
2100
2117
3594
2079
0
0
0
0
2060
2113
3846
2075
0
0
0
0
2092
3617
3842
2087
0
0
0
2083
2056
3589
2070
2131
0
0
2139
0
2052
2109
2122
2127
0
2135
0
2163
2048
2065
3650
3659
3655
3627
3623
3587
2159
2155
2151
2147
2143
2107
2099
6187
0
0
0
0
0
0
2111
0
0
2120
2069
3846
2087
0
0
0
2083
0
0
2052
3617
3842
2127
0
0
2139
0
0
2116
2131
2065
2050
2163
0
2143
0
2135
2112
3659
3655
2061
2078
3627
3623
3595
3591
2100
2159
2155
2151
3585
3650
2147
2107
2099
2092
2091
0
0
0
2057
6170
0
0
0
0
0
0
0
2111
2064
2121
3846
0
2087
0
0
0
2083
2100
3617
3842
2139
0
0
2131
0
2143
2060
2117
2050
2135
0
2163
0
2127
3659
2092
2113
2078
3655
3627
3623
3595
3591
2159
2056
3585
3650
2155
2151
2147
2107
2099
2091
2052
2069
6170
0
0
0
0
0
0
2111
0
2072
2077
3846
2087
0
0
0
2083
0
2068
3617
3842
2139
0
0
2131
0
2143
2064
2121
2058
2135
0
2163
0
2127
3659
2060
2117
2054
3655
3627
3623
3595
3591
2159
2092
3585
3650
2155
2151
2147
2107
2099
2100
2091
2113
6146
0
0
0
0
0
0
0
0
0
0
0
0
0
0
0
0
0
0
0
0
0
0
0
0
0
0
0
0
0
0
0
0
0
0
0
0
0
0
0
0
0
0
0
0
0
0
0
0
0
0
0
0
0
0
0
0
0
0
0
0
0
0
0
0
0
0
0
0
0
0
0
0
0
0
0
0
0
0
0
0
0
0
0
0
0
0
0
0
0
0
0
0
0
0
0
0
0
0
0
0
0
0
0
0
0
0
0
0
0
0
0
0
0
0
0
0
0
0
0
0
0
0
0
0
0
0
0
0
0
0
0
0
0
0
0
0
0
0
0
0
0
0
0
0
0
0
0
0
0
0
0
0
0
0
0
0
0
0
0
0
0
0
0
0
0
0
0
0
0
0
0
0
0
0
0
0
0
0
0
0
0
0
0
0
0
0
0
0
0
0
0
0
0
0
0
0
0
0
0
0
0
0
0
0
0
0
0
0
0
0
0
0
0
0
0
0
0
0
0
0
0
0
0
0
0
0
0
0
0
0
0
0
0
0
0
0
0
0
0
0
0
0
0
0
0
0
0
0
0
0
0
0
0
0
0
0
0
0
0
0
0
0
0
0
0
0
0
0
0
0
0
0
0
0
0
0
0
0
0
0
0
0
0
0
0
0
0
0
0
0
0
0
0
0
0
0
0
0
0
0
0
0
0
0
0
0
0
0
0
0
0
0
0
0
0
0
0
0
0
0
0
0
0
0
0
0
0
0
0
0
0
0
0
0
0
0
0
0
0
0
0
0
0
0
0
0
0
0
0
0
0
0
0
0
0
0
0
0
0
0
0
0
0
0
0
0
0
0
0
0
0
0
0
0
0
0
0
0
0
0
0
0
0
0
0
0
0
0
0
0
0
0
0
0
0
0
0
0
0
0
0
0
0
0
0
0
0
0
0
0
0
0
0
0
0
0
0
0
0
0
0
0
0
0
0
0
0
0
0
0
0
0
0
0
0
0
0
0
0
0
0
0
0
0
0
0
0
0
0
0
0
0
0
0
0
0
0
0
0
0
0
0
0
0
0
0
0
0
0
0
0
0
0
0
0
0
0
0
0
0
0
0
0
0
0
0
0
0
0
0
0
0
0
0
0
0
0
0
0
0
0
0
0
0
0
0
0
0
0
0
0
0
0
0
0
0
0
0
0
0
0
0
0
0
0
0
0
0
0
0
0
0
0
0
0
0
0
0
0
0
0
0
0
0
0
0
0
0
0
0
0
0
0
0
0
0
0
0
0
0
0
0
0
0
0
0
0
0
0
0
0
0
0
0
0
0
0
0
0
0
0
0
0
0
0
0
0
0
0
0
0
0
0
0
0
0
0
0
0
0
0
0
0
0
0
0
0
0
0
0
0
0
0
0
0
0
0
0
0
0
0
0
0
0
0
0
0
0
0
0
0
0
0
0
0
0
0
0
0
0
0
0
0
0
0
0
0
0
0
0
0
0
0
0
0
0
0
0
0
0
0
0
0
0
0
0
0
0
0
0
0
0
0
0
0
0
0
0
0
0
0
0
0
0
0
0
0
0
0
0
0
0
0
0
0
0
0
0
0
0
0
0
0
0
0
0
0
0
0
0
0
0
0
0
0
0
0
0
0
0
0
0
0
0
0
0
0
0
0
0
0
0
0
0
0
0
0
0
0
0
0
0
0
0
0
0
0
0
0
0
0
0
0
0
0
0
0
0
0
0
0
0
0
0
0
0
0
0
0
0
0
0
0
0
0
0
0
0
0
0
0
0
0
0
0
0
0
0
0
0
0
0
0
0
0
0
0
0
0
0
0
0
0
0
0
0
0
0
0
0
0
0
0
0
0
0
0
0
0
0
0
0
0
0
0
0
0
0
0
0
0
0
0
0
0
0
0
0
0
0
0
0
0
0
0
0
0
0
0
0
0
0
0
0
0
0
0
0
0
0
0
0
0
0
0
0
0
0
0
0
0
0
0
0
0
0
0
0
0
0
0
0
0
0
0
0
0
0
0
0
0
0
0
0
0
0
0
0
0
0
0
0
0
0
0
0
0
0
0
0
0
0
0
0
0
0
0
0
0
0
0
0
0
0
0
0
0
0
0
0
0
0
0
0
0
0
0
0
0
0
0
0
0
0
0
0
0
0
0
0
0
0
0
0
0
0
0
0
0
0
0
0
0
0
0
0
0
0
0
0
0
0
0
0
0
0
0
0
0
0
0
0
0
0
0
0
0
0
0
0
0
0
0
0
0
0
0
0
0
0
0
0
0
0
0
0
0
0
0
0
0
0
0
0
0
0
0
0
0
0
0
0
0
0
0
0
0
0
0
0
0
0
0
0
0
0
0
0
0
0
0
0
0
0
0
0
0
0
0
0
0
0
0
0
0
0
0
0
0
0
0
0
0
0
0
0
0
0
0
0
0
0
0
0
0
0
0
0
0
0
0
0
0
0
0
0
0
0
0
0
0
0
0
0
0
0
0
0
0
0
0
0
0
0
0
0
0
0
0
0
0
0
0
0
0
0
0
0
0
0
0
0
0
0
0
0
0
0
0
0
0
0
0
0
0
0
0
0
0
0
0
0
0
0
0
0
0
0
0
0
0
0
0
0
0
0
0
0
0
0
0
0
0
0
0
0
0
0
0
0
0
0
0
0
0
0
0
0
0
0
0
0
0
0
0
0
0
0
0
0
0
0
0
0
0
0
0
0
0
0
0
0
0
0
0
0
0
0
0
0
0
0
0
0
0
0
0
0
0
0
0
0
0
0
0
0
0
0
0
0
0
0
0
0
0
0
0
0
0
0
0
0
0
0
0
0
0
0
0
0
0
0
0
0
0
0
0
0
0
0
0
0
0
0
0
0
0
0
0
0
0
0
0
0
0
0
0
0
0
0
0
0
0
0
0
0
0
0
0
0
0
0
0
0
0
0
0
0
0
0
0
0
0
0
0
0
0
0
0
0
0
0
0
0
0
0
0
0
0
0
0
0
0
0
0
0
0
0
0
0
0
0
0
0
0
0
0
0
0
0
0
0
0
0
0
0
0
0
0
0
0
0
0
0
0
0
0
0
0
0
0
0
0
0
0
0
0
0
0
0
0
0
0
0
0
0
0
0
0
0
0
0
0
0
