int
0
0
0
0
0
0
0
2073
2147
2096
2166
0
2059
0
0
2069
2195
0
0
2052
2122
2219
0
2257
0
2215
0
0
0
2048
2118
2201
2191
0
0
3851
0
0
3847
2124
2065
2114
3843
0
0
2207
0
0
2093
2184
2199
2110
0
2163
0
0
2089
2159
0
2180
2155
2106
0
2139
2085
0
2135
0
0
2176
2131
2210
2081
2063
2255
2251
2247
2243
2239
2172
2077
2102
2235
2231
2227
2223
0
0
2149
2168
6238
0
0
0
0
0
0
0
0
0
2208
2081
2226
3851
0
0
0
0
0
0
2096
0
2077
2222
3847
0
0
0
0
0
2052
0
0
2073
2142
3843
0
0
0
0
2048
0
0
0
2069
2138
2259
0
0
0
2184
0
0
0
2165
0
2134
2067
0
0
2180
0
0
0
2125
0
0
2206
2163
0
2176
0
0
0
2121
0
0
0
2202
2159
2172
0
0
0
2117
0
0
0
0
2130
2168
2155
0
0
2212
2113
0
0
2196
0
2094
0
2192
2151
0
2109
2188
0
0
0
2060
2090
0
0
2056
2105
2147
0
2216
2252
2248
2244
2240
2236
2232
2101
2086
6327
0
0
0
0
0
0
0
2256
0
0
0
0
2101
2134
3851
2148
0
0
0
0
0
0
0
2144
0
2185
2130
3847
0
0
0
2140
0
0
0
0
0
0
2181
2092
2126
3843
0
0
0
0
0
2088
0
0
0
2177
0
2122
2099
2084
0
0
0
0
0
0
0
2080
2173
0
2118
2055
0
0
0
2076
0
0
0
0
0
2169
0
2200
2210
2051
0
0
0
0
0
2072
0
0
2165
0
0
2206
2139
2068
0
0
0
0
0
0
0
2064
2161
0
2114
2212
2243
0
0
2196
0
0
0
2192
0
2157
0
2188
2110
2239
0
2060
0
0
0
2056
0
0
2153
2216
2252
2248
2244
2228
2224
2220
2106
6331
0
0
0
0
0
0
0
0
0
0
0
0
0
0
0
0
0
0
0
0
2172
2221
3850
2127
0
0
0
0
0
0
0
0
0
0
0
0
0
0
0
0
0
2168
2073
3846
2123
0
0
0
0
0
0
0
0
0
0
0
0
0
0
0
0
0
2164
2069
3842
2119
0
0
0
0
0
0
0
0
0
0
0
0
0
0
0
0
0
2160
2209
2258
2115
0
0
0
0
0
0
0
0
0
0
0
0
0
0
0
0
0
2156
2205
2086
2111
0
0
0
0
0
0
0
0
0
0
0
0
0
0
0
0
0
2152
2201
2082
2107
0
0
0
0
0
0
0
0
0
0
0
0
0
0
0
0
0
2148
2065
2078
2103
0
0
0
0
0
0
0
0
0
0
0
0
0
0
0
0
0
2144
2053
2242
2099
0
0
0
0
0
0
0
0
0
0
0
0
0
0
0
0
0
2140
2049
2238
2095
0
0
0
0
0
0
0
0
0
0
0
0
0
0
0
0
0
2136
2185
2234
2091
0
0
0
2191
0
0
0
2063
0
0
0
2059
0
0
0
2219
0
2132
2181
2230
2215
0
0
0
2199
0
0
0
2195
2255
2251
2247
0
0
0
0
0
0
2128
2177
6322
0
0
0
0
0
0
0
2143
0
0
0
0
0
2052
2189
2114
2075
0
0
0
0
0
0
0
2071
0
0
2048
2185
2110
0
0
2067
0
0
0
0
0
0
0
2095
2124
2181
2106
0
0
0
0
2091
0
0
0
0
0
0
2216
2177
2102
2203
0
0
0
0
0
0
0
2087
0
0
2212
2173
2254
3851
0
0
3847
0
0
3843
0
0
2163
0
2208
2169
2250
2159
0
0
2155
0
0
2139
0
0
2135
0
2120
2165
2246
2131
0
0
2207
2243
2239
2081
2235
2231
2227
2223
2116
0
2098
2077
0
0
0
0
0
0
0
2149
0
0
2196
0
2062
0
0
2257
0
0
0
0
0
0
0
2145
2192
0
6154
0
0
0
0
0
0
0
0
0
0
2200
0
0
2125
2114
2175
0
0
0
0
0
2160
0
0
0
0
0
2217
2110
2171
0
0
2156
0
0
0
0
0
0
0
0
2213
2106
2152
2167
0
0
0
0
0
0
0
0
0
2148
2209
2102
3851
0
0
0
0
0
0
0
2144
0
0
3847
2121
2254
0
0
0
0
0
2140
0
0
3843
0
0
0
2117
2250
0
0
2136
0
0
2259
0
0
0
0
0
0
2197
2132
2246
0
2075
0
0
0
0
0
0
0
2128
0
2193
2071
2098
0
0
0
0
0
0
2092
0
0
2067
0
2189
0
2062
0
0
0
2088
0
0
2231
0
0
0
0
2185
0
2058
2084
0
0
2227
0
0
0
0
0
0
0
2080
2181
2054
2223
0
0
0
0
0
0
0
2076
2240
2236
2232
2177
2050
6303
0
0
0
0
0
0
0
0
0
0
0
0
0
0
0
0
2172
2097
3850
2127
0
0
0
0
0
0
0
0
0
0
0
0
0
2168
2217
3846
2123
0
0
0
0
0
0
0
0
0
0
0
0
0
2164
2213
3842
2119
0
0
0
0
0
0
0
0
0
0
0
0
0
2160
2209
2110
2115
0
0
0
0
0
0
0
2259
0
0
0
0
0
2156
2205
2254
2075
0
0
0
0
0
0
0
2071
0
0
0
0
0
2152
2061
2250
2067
0
0
0
0
0
0
0
2203
0
0
0
0
0
2056
2197
2246
2151
0
0
0
0
0
0
0
2147
0
0
0
0
0
2052
2193
2242
2143
0
0
0
0
0
0
0
2095
0
0
0
0
0
2048
2189
2238
2091
0
0
0
0
0
0
0
2087
0
0
0
0
0
2136
2185
2234
2083
0
0
0
0
0
0
0
2079
2231
2227
2223
0
0
2132
2181
2106
0
0
0
0
0
0
0
0
0
0
0
0
0
0
2128
2177
6198
0
0
0
0
0
0
0
0
0
0
0
0
0
0
0
0
0
0
0
0
0
0
0
0
2100
2157
2214
3851
0
0
0
0
0
0
0
0
0
0
0
0
0
0
0
0
0
0
0
0
0
2096
2153
2210
3847
0
0
0
0
0
0
0
0
0
0
0
0
0
0
0
0
0
0
0
0
0
2092
2149
2206
3843
0
0
0
0
0
0
0
0
0
0
0
0
0
0
0
0
0
0
0
0
0
2088
2145
2202
2259
0
0
0
0
0
0
0
0
0
0
0
0
0
0
0
0
0
0
0
0
0
2084
2141
2198
2255
0
0
0
0
0
0
0
0
0
0
0
0
0
0
0
0
0
0
0
0
0
2080
2137
2194
2251
0
0
0
0
0
0
0
0
0
0
0
0
0
0
0
0
0
0
0
0
0
2076
2133
2190
2247
0
0
0
0
0
0
0
0
0
0
0
0
0
0
0
0
0
0
0
0
0
2072
2129
2186
2243
0
0
0
0
0
0
0
0
0
0
0
0
0
0
0
0
0
0
0
0
0
2068
2125
2182
2239
0
0
0
0
0
0
0
0
0
0
0
0
0
0
0
0
0
0
0
0
0
2064
2121
2178
2235
0
0
0
0
0
0
0
0
0
0
0
0
0
0
0
0
0
0
0
0
0
2060
2117
2174
2231
0
0
0
0
0
0
0
0
0
0
0
0
0
0
0
0
0
0
0
0
0
2056
2113
2170
2227
0
0
0
0
0
0
0
0
0
0
0
0
0
0
0
0
0
0
0
0
0
2052
2109
2166
2223
0
0
0
0
0
0
0
0
0
0
0
0
0
0
0
0
0
0
0
0
0
2048
2105
2162
6315
0
0
0
0
0
0
0
0
0
0
0
0
0
0
0
0
0
0
0
0
0
0
0
0
0
0
0
0
0
0
0
0
0
0
0
0
0
0
0
0
0
0
0
0
0
0
0
0
0
0
0
0
0
0
0
0
0
0
0
0
0
0
0
0
0
0
0
0
0
0
0
0
0
0
0
0
0
0
0
0
0
0
0
0
0
0
0
0
0
0
0
0
0
0
0
0
0
0
0
0
0
0
0
0
0
0
0
0
0
0
0
0
0
0
0
0
0
0
0
0
0
0
0
0
0
0
0
0
0
0
0
0
0
0
0
0
0
0
0
0
0
0
0
0
0
0
0
0
0
0
0
0
0
0
0
0
0
0
0
0
0
0
0
0
0
0
0
0
0
0
0
0
0
0
0
0
0
0
0
0
0
0
0
0
0
0
0
0
0
0
0
0
0
0
0
0
0
0
0
0
0
0
0
0
0
0
0
0
0
0
0
0
0
0
0
0
0
0
0
0
0
0
0
0
0
0
0
0
0
0
0
0
0
0
0
0
0
0
0
0
0
0
0
0
0
0
0
0
0
0
0
0
0
0
0
0
0
0
0
0
0
0
0
0
0
0
0
0
0
0
0
0
0
0
0
0
0
0
0
0
0
0
0
0
0
0
0
0
0
0
0
0
0
0
0
0
0
0
0
0
0
0
0
0
0
0
0
0
0
0
0
0
0
0
0
0
0
0
0
0
0
0
0
0
0
0
0
0
0
0
0
0
0
0
0
0
0
0
0
0
0
0
0
0
0
0
0
0
0
0
0
0
0
0
0
0
0
0
0
0
0
0
0
0
0
0
0
0
0
0
0
0
0
0
0
0
0
0
0
0
0
0
0
0
0
0
0
0
0
0
0
0
0
0
0
0
0
0
0
0
0
0
0
0
0
0
0
0
0
0
0
0
0
0
0
0
0
0
0
0
0
0
0
0
0
0
0
0
0
0
0
0
0
0
0
0
0
0
0
0
0
0
0
0
0
0
0
0
0
0
0
0
0
0
0
0
0
0
0
0
0
0
0
0
0
0
0
0
0
0
0
0
0
0
0
0
0
0
0
0
0
0
0
0
0
0
0
0
0
0
0
0
0
0
0
0
0
0
0
0
0
0
0
0
0
0
0
0
0
0
0
0
0
0
0
0
0
0
0
0
0
0
0
0
0
0
0
0
0
0
0
0
0
0
0
0
0
0
0
0
0
0
0
0
0
0
0
0
0
0
0
0
0
0
0
0
0
0
0
0
0
0
0
0
0
0
0
0
0
0
0
0
0
0
0
0
0
0
0
0
0
0
0
0
0
0
0
0
0
0
0
0
0
0
0
0
0
0
0
0
0
0
0
0
0
0
0
0
0
0
0
0
0
0
0
0
0
0
0
0
0
0
0
0
0
0
0
0
0
0
0
0
0
0
0
0
0
0
0
0
0
0
0
0
0
0
0
0
0
0
0
0
0
0
0
0
0
0
0
0
0
0
0
0
0
0
0
0
0
0
0
0
0
0
0
0
0
0
0
0
0
0
0
0
0
0
0
0
0
0
0
0
0
0
0
0
0
0
0
0
0
0
0
0
0
0
0
0
0
0
0
0
0
0
0
0
0
0
0
0
0
0
0
0
0
0
0
0
0
0
0
0
0
0
0
0
0
0
0
0
0
0
0
0
0
0
0
0
0
0
0
0
0
0
0
0
0
0
0
0
0
0
0
0
0
0
0
0
0
0
0
0
0
0
0
0
0
0
0
0
0
0
0
0
0
0
0
0
0
0
0
0
0
0
0
0
0
0
0
0
0
0
0
0
0
0
0
0
0
0
0
0
0
0
0
0
0
0
0
0
0
0
0
0
0
0
0
0
0
0
0
0
0
0
0
0
0
0
0
0
0
0
0
0
0
0
0
0
0
0
0
0
0
0
0
0
0
0
0
0
0
0
0
0
0
0
0
0
0
0
0
0
0
0
0
0
0
0
0
0
0
0
0
0
0
0
0
0
0
0
0
0
0
0
0
0
0
0
0
0
0
0
0
0
0
0
0
0
0
0
0
0
0
0
0
0
0
0
0
0
0
0
0
0
0
0
0
0
0
0
0
0
0
0
0
0
0
0
0
0
0
0
0
0
0
0
0
0
0
0
0
0
0
0
0
0
0
0
0
0
0
0
0
0
0
0
0
0
0
0
0
0
0
0
0
0
0
0
0
0
0
0
0
0
0
0
0
0
0
0
0
0
0
0
0
0
0
0
0
0
0
0
0
0
0
0
0
0
0
0
0
0
0
0
0
0
0
0
0
0
0
0
0
0
0
0
0
0
0
0
0
0
0
0
0
0
0
0
0
0
0
0
0
0
0
0
0
0
0
0
0
0
0
0
0
0
0
0
0
0
0
0
0
0
0
0
0
0
0
0
0
0
0
0
0
0
0
0
0
0
0
0
0
0
0
0
0
0
0
0
0
0
0
0
0
0
0
0
0
0
0
0
0
0
0
0
0
0
0
0
0
0
0
0
0
0
0
0
0
0
0
0
0
0
0
0
0
0
0
0
0
0
0
0
0
0
0
0
0
0
0
0
0
0
0
0
0
0
0
0
0
0
0
0
0
0
0
0
0
0
0
0
0
0
0
0
0
0
0
0
0
0
0
0
0
0
0
0
0
0
0
0
0
0
0
0
0
0
0
0
0
0
0
0
0
0
0
0
0
0
0
0
0
0
0
0
0
0
0
0
0
0
0
0
0
0
0
0
0
0
0
0
0
0
0
0
0
0
0
0
0
0
0
0
0
0
0
0
0
0
0
0
0
0
0
0
0
0
0
0
0
0
0
0
0
0
0
0
0
0
0
0
0
0
0
0
0
0
0
0
0
0
0
0
0
0
0
0
0
0
0
0
0
0
0
0
0
0
0
0
0
0
0
0
0
0
0
0
0
0
0
0
0
0
0
0
0
0
0
0
0
0
0
0
0
0
0
0
0
0
0
0
0
0
0
0
0
0
0
0
0
0
0
0
0
0
0
0
0
0
0
0
0
0
0
0
0
0
0
0
0
0
0
0
0
0
0
0
0
0
0
0
0
0
0
0
0
0
0
0
0
0
0
0
0
0
0
0
0
0
0
0
0
0
0
0
0
0
0
0
0
0
0
0
0
0
0
0
0
0
0
0
0
0
0
0
0
0
0
0
0
0
0
0
0
0
0
0
0
0
0
0
0
0
0
0
0
0
0
0
0
0
0
0
0
0
0
0
0
0
0
0
0
0
0
0
0
0
0
0
0
0
0
0
0
0
0
0
0
0
0
0
0
0
0
0
0
0
0
0
0
0
0
0
0
0
0
0
0
0
0
0
0
0
0
0
0
0
0
0
0
0
0
0
0
0
0
0
0
0
0
0
0
0
0
0
0
0
0
0
0
0
0
0
0
0
0
0
0
0
0
0
0
0
0
0
0
0
0
0
0
0
0
0
0
0
0
0
0
0
0
0
0
0
0
0
0
0
0
0
0
0
0
0
0
0
0
0
0
0
0
0
0
0
0
0
0
0
0
0
0
0
0
0
0
0
0
0
0
0
0
0
0
0
0
0
0
0
0
0
0
0
0
0
0
0
0
0
0
0
0
0
0
0
0
0
0
0
0
0
0
0
0
0
0
0
0
0
0
0
0
0
0
0
0
0
0
0
0
0
0
0
0
0
0
0
0
0
0
0
0
0
0
0
0
0
0
0
0
0
0
0
0
0
0
0
0
0
0
0
0
0
0
0
0
0
0
0
0
0
0
0
0
0
0
0
0
0
0
0
0
0
0
0
0
0
0
0
0
0
0
0
0
0
0
0
0
0
0
0
0
0
0
0
0
0
0
0
0
0
0
0
0
0
0
0
0
0
0
0
0
0
0
0
0
0
0
0
0
0
0
0
0
0
0
0
0
0
0
0
0
0
0
0
0
0
0
0
0
0
0
0
0
0
0
0
0
0
0
0
0
0
0
0
0
0
0
0
0
0
0
0
0
0
0
0
0
0
0
0
0
0
0
0
0
0
0
0
0
0
0
0
0
0
0
0
0
0
0
0
0
0
0
0
0
0
0
0
0
0
0
0
0
0
0
0
0
0
0
0
0
0
0
0
0
0
0
0
0
0
0
0
0
0
0
0
0
0
0
0
0
0
0
0
0
0
0
0
0
0
0
0
0
0
0
0
0
0
0
0
0
0
0
0
0
0
0
0
0
0
0
0
0
0
0
0
0
0
0
0
0
0
0
0
0
0
0
0
0
0
0
0
0
0
0
0
0
0
0
0
0
0
0
0
0
0
0
0
0
0
0
0
0
0
0
0
0
0
0
0
0
0
0
0
0
0
0
0
0
0
0
0
0
0
0
0
0
0
0
0
0
0
0
0
0
0
0
0
0
0
0
0
0
0
0
0
0
0
0
0
0
0
0
0
0
0
0
0
0
0
0
0
0
0
0
0
0
0
0
0
0
0
0
0
0
0
0
0
0
0
0
0
0
0
0
0
0
0
0
0
0
0
0
0
0
0
0
0
0
0
0
0
0
0
0
0
0
0
0
0
0
0
0
0
0
0
0
0
0
0
0
0
0
0
0
0
0
0
0
0
0
0
0
0
0
0
0
0
0
0
0
0
0
0
0
0
0
0
0
0
0
0
0
0
0
0
0
0
0
0
0
0
0
0
0
0
0
0
0
0
0
0
0
0
0
0
0
0
0
0
0
0
0
0
0
0
0
0
0
0
0
0
0
0
0
0
0
0
0
0
0
0
0
0
0
0
0
0
0
0
0
0
0
0
0
0
0
0
0
0
0
0
0
0
0
0
0
0
0
0
0
0
0
0
0
0
0
0
0
0
0
0
0
0
0
0
0
0
0
0
0
0
0
0
0
0
0
0
0
0
0
0
0
0
0
0
0
0
0
0
0
0
0
0
0
0
0
0
0
0
0
0
0
0
0
0
0
0
0
0
0
0
0
0
0
0
0
0
0
0
0
0
0
0
0
0
0
0
0
0
0
0
0
0
0
0
0
0
0
0
0
0
0
0
0
0
0
0
0
0
0
0
0
0
0
0
0
0
0
0
0
0
0
0
0
0
0
0
0
0
0
0
0
0
0
0
0
0
0
0
0
0
0
0
0
0
0
0
0
0
0
0
0
0
0
0
0
0
0
0
0
0
0
0
0
0
0
0
0
0
0
0
0
0
0
0
0
0
0
0
0
0
0
0
0
0
0
0
0
0
0
0
0
0
0
0
0
0
0
0
0
0
0
0
0
0
0
0
0
0
0
0
0
0
0
0
0
0
0
0
0
0
0
0
0
0
0
0
0
0
0
0
0
0
0
0
0
0
0
0
0
0
0
0
0
0
0
0
0
0
0
0
0
0
0
0
0
0
0
0
0
0
0
0
0
0
0
0
0
0
0
0
0
0
0
0
0
0
0
0
0
0
0
0
0
0
0
0
0
0
0
0
0
0
0
0
0
0
0
0
0
0
0
0
0
0
0
0
0
0
0
0
0
0
0
0
0
0
0
0
0
0
0
0
0
0
0
0
0
0
0
0
0
0
0
0
0
0
0
0
0
0
0
0
0
0
0
0
0
0
0
0
0
0
0
0
0
0
0
0
0
0
0
0
0
0
0
0
0
0
0
0
0
0
0
0
0
0
0
0
0
0
0
0
0
0
0
0
0
0
0
0
0
0
0
0
0
0
0
0
0
0
0
0
0
0
0
0
0
0
0
0
0
0
0
0
0
0
0
0
0
0
0
0
0
0
0
0
0
0
0
0
0
0
0
0
0
0
0
0
0
0
0
0
0
0
0
0
0
0
0
0
0
0
0
0
0
0
0
0
0
0
0
0
0
0
0
0
0
0
0
0
0
0
0
0
0
0
0
0
0
0
