int
0
0
2111
0
3856
2119
0
2169
2090
2152
2115
0
2183
0
2148
2101
2086
2167
0
2144
2163
0
2159
2056
2097
2082
2143
2212
2139
0
2135
2208
2093
2078
2131
2060
2127
2073
2123
2200
2055
2106
2069
2196
2051
0
2207
2192
2065
2178
3928
2191
0
3924
3865
2187
3920
2174
2263
3861
2259
2255
2251
2247
2243
2239
2235
2231
2227
2223
6315
0
0
0
0
2146
2187
0
2096
2089
2142
2183
0
0
0
2138
2092
2085
2063
0
2134
3928
2059
0
0
2081
3924
2226
2215
0
0
3920
2222
2077
2211
0
3864
2218
2203
0
0
3860
2105
2050
2199
0
3856
0
2074
2195
2177
2164
2119
2206
0
2115
2160
0
2173
2070
2111
2156
0
2131
2066
0
2152
2169
2127
2054
0
2148
2123
2263
2190
2101
2259
2255
2251
2247
2243
2239
2235
6327
0
0
0
0
0
0
2132
2093
2070
2091
0
0
0
2236
2165
2190
0
2087
0
0
2232
2161
2186
0
0
2083
0
2228
2157
2182
0
0
0
2202
2128
3865
2079
2198
0
0
0
2124
3861
2194
2107
0
0
2058
2120
3857
0
2062
2179
0
0
2064
2153
2214
0
0
2175
2210
2052
2149
3930
0
0
3926
2171
2204
2145
3922
0
0
2118
0
2048
2141
2114
2103
0
2110
2262
2072
2137
2258
2254
2250
2246
2242
2226
2222
2218
6195
0
0
0
0
0
0
0
2094
0
0
2144
2069
3931
0
0
2090
0
0
0
0
0
2236
2065
2086
3927
0
0
0
0
0
0
2082
2232
2189
0
3923
0
0
0
2078
0
0
0
2228
2185
0
3867
2106
0
0
0
0
0
0
2224
2181
2102
3863
0
0
2210
0
0
0
2202
2220
2053
0
2198
3859
0
0
2194
0
0
0
2216
2049
2062
0
2167
0
2058
0
0
0
2214
2140
2073
2130
0
2163
2126
0
0
2122
2177
0
2136
2118
0
0
2114
2159
2173
2110
2262
2258
2254
2204
2250
2246
2169
2242
2155
0
0
0
0
0
2132
2097
0
0
0
6247
0
0
0
0
2075
0
0
0
0
2204
2245
2170
3867
0
0
0
0
3863
0
2100
2241
2166
3859
0
0
0
0
2071
0
2096
2133
2162
2067
0
0
0
0
2155
0
2092
2129
2158
2203
0
0
0
2199
0
0
2188
2125
2090
2195
0
0
0
2059
0
0
2184
2121
2086
2063
0
0
0
2215
0
0
2180
2077
2082
2211
0
0
3931
0
0
3927
2176
2049
2142
3923
0
0
2119
0
0
2115
2172
2053
2138
2111
2263
2148
2259
2255
2239
2235
2144
2105
2250
2231
2227
2223
6315
0
0
0
0
0
0
0
0
0
0
0
3922
2204
2245
3931
0
0
0
0
0
0
0
0
2218
0
2048
2241
3927
3866
0
0
0
0
3862
0
0
0
0
2052
2137
3858
2167
0
0
0
2150
0
0
0
0
2146
2104
2133
0
2163
2074
0
0
0
0
2070
0
0
0
2188
2089
2066
2159
0
0
0
2154
0
0
0
2210
0
2184
2225
2202
2103
0
0
2198
0
0
0
2194
0
0
2180
2221
2062
2099
0
0
2058
0
0
0
2214
0
0
2176
2085
2130
2095
0
2126
0
0
2122
0
0
2118
0
2172
2081
2114
2143
0
2110
2262
2258
2254
2238
2234
2230
0
2168
2077
0
6347
0
0
0
0
0
0
0
0
0
0
0
0
0
0
2152
2073
2242
2123
0
0
0
0
0
0
0
0
0
0
0
2148
2069
2238
2067
0
0
0
0
0
0
0
0
0
0
0
2144
2189
2234
2055
0
0
0
0
0
0
0
0
0
0
0
2140
2185
2230
3867
0
0
0
0
0
0
0
0
0
0
0
2136
2181
2098
3863
0
0
0
0
0
0
0
0
0
0
0
2132
2177
2094
3859
0
0
0
0
0
0
0
0
0
0
0
2128
2173
2090
2051
0
0
0
0
0
0
0
0
0
0
0
2124
2169
2086
2107
2056
0
0
0
2060
0
0
0
2212
0
0
0
2208
2165
2082
2103
2200
0
0
0
2196
0
0
0
2192
0
0
3928
2161
2206
3924
2251
0
3920
0
0
2116
0
0
2112
0
0
2108
2260
2256
2252
2224
2220
2216
2157
2078
6343
0
0
0
0
0
0
0
0
0
0
0
0
0
0
0
0
0
0
2188
2237
3930
2143
0
0
0
0
0
0
0
0
0
0
0
0
0
0
0
2184
2233
3926
2139
0
0
0
0
0
0
0
0
0
0
0
0
0
0
0
2180
2229
3922
2135
0
0
0
0
0
0
0
0
0
0
0
0
0
0
0
2176
2225
3866
2079
0
0
0
0
0
0
0
0
0
0
0
0
0
0
0
2172
2221
3862
2075
0
0
0
0
0
0
0
0
0
0
0
0
0
0
0
2168
2217
3858
2071
0
0
0
0
0
0
0
0
0
0
0
0
0
0
0
2164
2097
2050
2067
0
0
0
0
0
0
0
0
0
0
0
0
0
0
0
2160
2093
2106
2055
0
0
0
2195
0
0
0
2063
0
0
0
2059
0
0
0
2156
2205
2102
2215
0
0
0
2211
0
0
0
2203
0
0
0
2199
0
0
2119
2152
2089
2250
2115
0
0
2111
0
0
2131
0
0
2127
0
0
2123
2263
2259
2255
2148
2085
2246
0
0
0
0
0
0
0
0
0
0
0
0
0
0
0
0
2144
2081
6338
0
0
0
0
2155
2136
0
2093
2090
2151
0
2132
0
2185
2147
0
2086
2128
0
2181
3867
0
0
2124
2082
2165
3863
0
0
2120
0
2161
2078
3859
0
2052
0
2157
2075
0
2106
2212
0
2049
2071
0
0
2208
2178
2261
2067
0
0
2204
3931
2257
2174
3927
0
2200
3923
2253
0
2119
2170
2196
2115
2061
0
2111
2251
2192
2102
2057
2247
2243
2239
2188
2235
2141
2098
2231
2227
2223
6315
0
0
0
0
0
0
0
2179
2188
2057
3930
0
0
0
0
2175
0
2184
2053
3926
3867
0
0
0
0
3863
2180
2141
3922
0
3859
0
0
0
0
2136
2225
2134
2155
0
0
0
0
2168
2151
2221
2050
0
0
2147
0
2076
0
0
2217
2166
2075
0
0
2104
0
2071
0
2213
2262
0
2067
2100
0
2131
0
0
2209
2258
2127
2096
0
2123
0
0
2119
2205
2254
2092
2115
0
0
2111
2251
2247
2201
2088
2162
2243
2239
2235
2231
0
0
2084
2197
2158
0
0
0
0
0
2080
0
2193
6158
0
0
0
0
0
0
0
0
0
0
2140
2189
2238
2139
0
0
0
0
2168
0
0
0
2185
2234
2135
0
2084
0
0
0
0
0
0
2181
2080
2230
2131
0
0
0
0
0
2076
0
2073
0
2058
3867
0
0
2104
0
0
0
0
2069
0
2054
2100
3863
0
0
0
0
0
0
2096
2065
2050
0
3859
0
0
0
2092
0
0
0
2165
2214
0
2263
2088
0
0
0
0
0
0
2161
2176
2210
2259
0
0
0
0
0
2172
0
2157
3928
2206
2255
3924
0
0
3920
0
0
2116
2153
0
2112
2202
2127
2108
2248
2244
2240
2224
2220
2216
2149
0
2198
2123
0
0
0
0
0
0
0
2145
0
2194
6159
0
0
0
0
0
0
0
0
0
0
0
0
0
0
2188
2237
3930
2143
0
0
0
0
0
0
0
0
0
0
0
2184
2233
3926
2139
0
0
0
0
0
0
0
0
0
0
0
2180
2229
3922
2135
0
0
0
0
0
0
0
0
0
0
0
2056
2225
3866
2075
0
0
0
0
0
0
0
2079
0
0
0
2052
2221
3862
0
2107
0
0
0
0
0
0
0
2103
0
0
2048
2217
3858
0
0
2179
0
0
0
0
0
0
0
2175
0
2164
2213
2262
0
0
0
2171
0
0
0
0
0
0
0
2099
2160
2209
2258
0
0
0
0
2095
0
0
0
0
0
0
0
2156
2205
2254
2091
0
0
0
0
0
0
0
2087
0
0
0
2152
2201
2070
0
2083
0
0
2119
0
0
2115
0
0
2111
0
2148
2197
2066
2131
0
0
2127
0
0
2123
2251
2247
2243
0
0
2144
2193
6158
0
0
0
0
0
0
0
0
0
0
0
0
0
2196
2241
2082
2135
0
0
0
0
0
0
0
0
0
0
2192
2061
2078
2131
0
0
0
0
0
0
0
0
0
0
2188
2105
2058
2127
0
0
0
0
0
0
0
0
0
0
2184
2101
2142
2123
0
0
0
0
0
0
0
0
0
0
2180
2097
2138
2055
0
0
0
0
0
0
0
0
0
0
2176
2093
2210
2051
0
0
0
2074
0
0
0
0
2070
0
2172
2089
0
2066
2263
0
0
0
3866
0
0
0
0
3862
2168
2213
0
0
3858
2259
0
0
0
2154
0
0
0
0
2164
2085
2150
0
0
2255
0
2146
0
0
3930
0
0
3926
2160
2205
3922
0
0
2118
2251
0
2114
0
0
2110
2238
2234
2156
2201
2230
2226
2222
2218
6343
0
0
0
0
0
0
0
0
0
0
0
0
0
0
0
0
2188
2105
3930
2143
0
0
0
0
0
0
0
0
0
0
0
0
0
2184
2101
3926
2139
0
0
0
0
0
0
0
0
0
0
0
0
0
2180
2097
3922
2135
0
0
0
0
0
0
0
0
0
0
0
0
0
2176
2225
2054
2083
0
0
0
0
0
0
0
0
0
0
0
0
0
2172
2221
2050
2079
0
0
0
0
0
0
0
0
0
0
0
0
0
2168
2217
2062
2059
0
0
0
0
3867
0
0
0
0
3863
0
0
0
2164
2213
2262
3859
0
0
0
0
2075
0
0
0
0
2071
0
0
0
2160
2209
2258
2067
0
0
0
0
2155
0
0
0
0
2151
0
0
0
2156
2205
2254
2147
0
0
2119
0
0
2115
0
0
2111
0
0
2131
0
2092
2201
2250
2127
0
0
2123
2239
2235
2231
0
0
0
0
0
0
0
2088
2197
2246
0
0
0
0
0
0
0
0
0
0
0
0
0
0
2084
2193
6338
0
0
0
0
0
0
0
0
0
0
0
0
0
0
0
0
0
0
2128
2181
2234
2083
0
0
0
0
0
0
0
0
0
0
0
0
0
0
0
2124
2177
2230
2079
0
0
0
0
0
0
0
0
0
0
0
0
0
0
0
2120
2173
2070
2075
0
0
0
0
0
0
0
0
0
0
0
0
0
0
0
2056
2169
2066
3867
0
0
0
0
0
0
0
0
0
0
0
0
0
0
0
2052
2165
2062
3863
0
0
0
0
0
0
0
0
0
0
0
0
0
0
0
2048
2161
2214
3859
0
0
0
0
0
0
0
0
0
0
0
0
0
0
0
2104
2157
2210
2263
0
0
0
0
0
0
0
0
0
0
0
0
0
0
0
2100
2153
2206
2259
0
0
0
0
0
0
0
0
0
0
0
0
0
0
0
2096
2149
2202
2255
0
0
0
0
0
0
0
0
0
0
0
0
0
0
0
2092
2145
2198
2251
0
0
0
0
0
0
0
0
0
0
0
0
0
0
0
2088
2141
2194
2247
0
0
0
0
0
0
0
0
0
0
0
0
0
0
0
2084
2137
2190
3928
2243
0
3924
0
0
3920
0
0
2116
0
0
2112
0
0
2108
2224
2220
2216
2133
2186
6335
0
0
0
0
0
0
0
0
0
0
0
0
0
0
0
0
0
0
0
0
0
0
2172
2229
3930
2059
0
0
0
0
0
0
0
0
0
0
0
0
0
0
0
0
0
0
0
2168
2225
3926
2055
0
0
0
0
0
0
0
0
0
0
0
0
0
0
0
0
0
0
0
2164
2221
3922
2051
0
0
0
0
0
0
0
0
0
0
0
0
0
0
0
0
0
0
0
2160
2217
3866
2107
0
0
0
0
0
0
0
0
0
0
0
0
0
0
0
0
0
0
0
2156
2213
3862
2103
0
0
0
0
0
0
0
0
0
0
0
0
0
0
0
0
0
0
0
2152
2209
3858
2099
0
0
0
0
0
0
0
0
0
0
0
0
0
0
0
0
0
0
0
2148
2205
2262
2095
0
0
0
0
0
0
0
0
0
0
0
0
0
0
0
0
0
0
0
2144
2201
2258
2091
0
0
0
0
0
0
0
0
0
0
0
0
0
0
0
0
0
0
0
2140
2197
2254
2087
0
0
0
0
0
0
0
0
0
0
0
0
0
0
0
0
0
0
0
2136
2193
2250
2083
0
0
0
0
0
0
0
0
0
0
0
0
0
0
0
0
0
0
0
2132
2189
2246
2079
0
0
0
0
0
0
0
0
0
0
0
0
0
0
0
0
0
0
0
2068
2185
2242
2075
0
0
2131
0
0
2127
0
0
2123
0
0
2119
0
0
2115
0
0
2111
0
2064
2181
2238
0
0
0
0
0
0
0
0
0
0
0
0
0
0
0
0
0
0
0
0
2060
2177
6330
0
0
0
0
0
0
0
0
0
0
0
0
0
0
0
0
0
0
0
0
0
0
0
0
0
0
0
0
0
0
0
0
0
0
0
0
0
0
0
0
0
0
0
0
0
0
0
0
0
0
0
0
0
0
0
0
0
0
0
0
0
0
0
0
0
0
0
0
0
0
0
0
0
0
0
0
0
0
0
0
0
0
0
0
0
0
0
0
0
0
0
0
0
0
0
0
0
0
0
0
0
0
0
0
0
0
0
0
0
0
0
0
0
0
0
0
0
0
0
0
0
0
0
0
0
0
0
0
0
0
0
0
0
0
0
0
0
0
0
0
0
0
0
0
0
0
0
0
0
0
0
0
0
0
0
0
0
0
0
0
0
0
0
0
0
0
0
0
0
0
0
0
0
0
0
0
0
0
0
0
0
0
0
0
0
0
0
0
0
0
0
0
0
0
0
0
0
0
0
0
0
0
0
0
0
0
0
0
0
0
0
0
0
0
0
0
0
0
0
0
0
0
0
0
0
0
0
0
0
0
0
0
0
0
0
0
0
0
0
0
0
0
0
0
0
0
0
0
0
0
0
0
0
0
0
0
0
0
0
0
0
0
0
0
0
0
0
0
0
0
0
0
0
0
0
0
0
0
0
0
0
0
0
0
0
0
0
0
0
0
0
0
0
0
0
0
0
0
0
0
0
0
0
0
0
0
0
0
0
0
0
0
0
0
0
0
0
0
0
0
0
0
0
0
0
0
0
0
0
0
0
0
0
0
0
0
0
0
0
0
0
0
0
0
0
0
0
0
0
0
0
0
0
0
0
0
0
0
0
0
0
0
0
0
0
0
0
0
0
0
0
0
0
0
0
0
0
0
0
0
0
0
0
0
0
0
0
0
0
0
0
0
0
0
0
0
0
0
0
0
0
0
0
0
0
0
0
0
0
0
0
0
0
0
0
0
0
0
0
0
0
0
0
0
0
0
0
0
0
0
0
0
0
0
0
0
0
0
0
0
0
0
0
0
0
0
0
0
0
0
0
0
0
0
0
0
0
0
0
0
0
0
0
0
0
0
0
0
0
0
0
0
0
0
0
0
0
0
0
0
0
0
0
0
0
0
0
0
0
0
0
0
0
0
0
0
0
0
0
0
0
0
0
0
0
0
0
0
0
0
0
0
0
0
0
0
0
0
0
0
0
0
0
0
0
0
0
0
0
0
0
0
0
0
0
0
0
0
0
0
0
0
0
0
0
0
0
0
0
0
0
0
0
0
0
0
0
0
0
0
0
0
0
0
0
0
0
0
0
0
0
0
0
0
0
0
0
0
0
0
0
0
0
0
0
0
0
0
0
0
0
0
0
0
0
0
0
0
0
0
0
0
0
0
0
0
0
0
0
0
0
0
0
0
0
0
0
0
0
0
0
0
0
0
0
0
0
0
0
0
0
0
0
0
0
0
0
0
0
0
0
0
0
0
0
0
0
0
0
0
0
0
0
0
0
0
0
0
0
0
0
0
0
0
0
0
0
0
0
0
0
0
0
0
0
0
0
0
0
0
0
0
0
0
0
0
0
0
0
0
0
0
0
0
0
0
0
0
0
0
0
0
0
0
0
0
0
0
0
0
0
0
0
0
0
0
0
0
0
0
0
0
0
0
0
0
0
0
0
0
0
0
0
0
0
0
0
0
0
0
0
0
0
0
0
0
0
0
0
0
0
0
0
0
0
0
0
0
0
0
0
0
0
0
0
0
0
0
0
0
0
0
0
0
0
0
0
0
0
0
0
0
0
0
0
0
0
0
0
0
0
0
0
0
0
0
0
0
0
0
0
0
0
0
0
0
0
0
0
0
0
0
0
0
0
0
0
0
0
0
0
0
0
0
0
0
0
0
0
0
0
0
0
0
0
0
0
0
0
0
0
0
0
0
0
0
0
0
0
0
0
0
0
0
0
0
0
0
0
0
0
0
0
0
0
0
0
0
0
0
0
0
0
0
0
0
0
0
0
0
0
0
0
0
0
0
0
0
0
0
0
0
0
0
0
0
0
0
0
0
0
0
0
0
0
0
0
0
0
0
0
0
0
0
0
0
0
0
0
0
0
0
0
0
0
0
0
0
0
0
0
0
0
0
0
0
0
0
0
0
0
0
0
0
0
0
0
0
0
0
0
0
0
0
0
0
0
0
0
0
0
0
0
0
0
0
0
0
0
0
0
0
0
0
0
0
0
0
0
0
0
0
0
0
0
0
0
0
0
0
0
0
0
0
0
0
0
0
0
0
0
0
0
0
0
0
0
0
0
0
0
0
0
0
0
0
0
0
0
0
0
0
0
0
0
0
0
0
0
0
0
0
0
0
0
0
0
0
0
0
0
0
0
0
0
0
0
0
0
0
0
0
0
0
0
0
0
0
0
0
0
0
0
0
0
0
0
0
0
0
0
0
0
0
0
0
0
0
0
0
0
0
0
0
0
0
0
0
0
0
0
0
0
0
0
0
0
0
0
0
0
0
0
0
0
0
0
0
0
0
0
0
0
0
0
0
0
0
0
0
0
0
0
0
0
0
0
0
0
0
0
0
0
0
0
0
0
0
0
0
0
0
0
0
0
0
0
0
0
0
0
0
0
0
0
0
0
0
0
0
0
0
0
0
0
0
0
0
0
0
0
0
0
0
0
0
0
0
0
0
0
0
0
0
0
0
0
0
0
0
0
0
0
0
0
0
0
0
0
0
0
0
0
0
0
0
0
0
0
0
0
0
0
0
0
0
0
0
0
0
0
0
0
0
0
0
0
0
0
0
0
0
0
0
0
0
0
0
0
0
0
0
0
0
0
0
0
0
0
0
0
0
0
0
0
0
0
0
0
0
0
0
0
0
0
0
0
0
0
0
0
0
0
0
0
0
0
0
0
0
0
0
0
0
0
0
0
0
0
0
0
0
0
0
0
0
0
0
0
0
0
0
0
0
0
0
0
0
0
0
0
0
0
0
0
0
0
0
0
0
0
0
0
0
0
0
0
0
0
0
0
0
0
0
0
0
0
0
0
0
0
0
0
0
0
0
0
0
0
0
0
0
0
0
0
0
0
0
0
0
0
0
0
0
0
0
0
0
0
0
0
0
0
0
0
0
0
0
0
0
0
0
0
0
0
0
0
0
0
0
0
0
0
0
0
0
0
0
0
0
0
0
0
0
0
0
0
0
0
0
0
0
0
0
0
0
0
0
0
0
0
0
0
0
0
0
0
0
0
0
0
0
0
0
0
0
0
0
0
0
0
0
0
0
0
0
0
0
0
0
0
0
0
0
0
0
0
0
0
0
0
0
0
0
0
0
0
0
0
0
0
0
0
0
0
0
0
0
0
0
0
0
0
0
0
0
0
0
0
0
0
0
0
0
0
0
0
0
0
0
0
0
0
0
0
0
0
0
0
0
0
0
0
0
0
0
0
0
0
0
0
0
0
0
0
0
0
0
0
0
0
0
0
0
0
0
0
0
0
0
0
0
0
0
0
0
0
0
0
0
0
0
0
0
0
0
0
0
0
0
0
0
0
0
0
0
0
0
0
0
0
0
0
0
0
0
0
0
0
0
0
0
0
0
0
0
0
0
0
0
0
0
0
0
0
0
0
0
0
0
0
0
0
0
0
0
0
0
0
0
0
0
0
0
0
0
0
0
0
0
