hex
0
0
0
4000
0
8000
0
c000
0
10000
0
14000
0
0
0
0
3f800000
908000
3f800000
904000
3f800000
900000
0
0
0
0
0
0
0
0
0
0
0
0
0
0
0
0
0
0
0
0
0
0
0
0
0
4000
0
8000
0
c000
0
0
3f7fffd4
f5908000
3f7fffd4
f5904000
3f7fffd4
f5900000
3f7fffd4
f5908000
3f7fffd4
f5904000
3f7fffd4
f5900000
0
0
0
0
0
0
0
0
0
0
0
0
0
0
0
0
0
0
0
0
0
0
4839fa00
0
4839fa00
4000
0
8000
0
c000
0
10000
0
14000
0
18000
0
1c000
0
20000
0
24000
0
28000
0
2c000
0
30000
3f800000
0
3f800000
4000
3f800000
0
3f800000
4000
3f800000
980000
bf800000
984000
0
0
0
0
0
0
bf7fffd4
f5000000
bf7fffd4
f5004000
36b0319c
69900000
362c2d33
fb000000
362c2d33
fb004000
0
8000
36b0319c
69900000
bf7fffd4
f5000000
bf7fffd4
f5004000
0
8000
36b0319c
69900000
3efa299d
6a000000
3efa299d
6a004000
0
8000
3f7fffd4
f5900000
3efa299d
6a000000
3efa299d
6a004000
0
8000
0
c000
0
10000
3f7fffd4
f5900000
3f7fffd4
f5004000
36b0319c
69908000
0
0
0
0
0
0
0
0
0
0
0
0
0
0
0
0
0
0
0
0
0
0
0
0
0
0
0
0
0
0
0
0
