hex
3f800000
a00000
3f800000
a00000
3f800000
a00000
0
0
0
0
0
0
0
0
0
0
0
0
0
0
0
0
0
0
0
0
0
0
0
0
0
0
0
0
0
0
0
0
0
0
0
0
0
0
3f800000
a00000
0
0
0
0
0
0
0
0
0
0
0
0
0
0
0
0
0
0
0
0
0
0
0
0
0
0
0
0
0
0
0
0
0
0
0
0
0
0
0
0
0
0
0
0
0
0
0
0
0
0
0
0
bf800000
4000
bf800000
0
c839fa00
4000
c839fa00
0
3f800000
908000
3f800000
904000
3f800000
900000
0
0
0
0
0
0
0
0
0
0
0
0
0
0
0
0
0
0
0
0
3f7fffd4
f5000000
36b0319c
69904000
3f7fffd4
f5004000
36b0319c
69908000
3f7fffd4
f5000000
36b0319c
69904000
befa299d
6a004000
3f7fffd4
f5908000
befa299d
6a000000
3f7fffd4
f5904000
3f800000
0
3f800000
4000
3f800000
a00000
bf800000
a04000
befa299d
6a004000
3f7fffd4
f5908000
befa299d
6a000000
3f7fffd4
f5904000
bf800000
4000
bf800000
0
0
0
0
0
0
0
0
0
0
0
0
0
0
0
0
0
0
0
0
0
0
0
0
0
0
0
0
0
0
0
0
0
0
0
0
0
0
0
