int
0
0
0
0
2172
0
0
0
0
2064
0
0
2049
2158
2060
2107
0
0
0
2256
0
0
0
0
2252
2057
2154
0
2103
2248
0
0
0
0
2068
0
0
0
2121
2196
2150
2099
0
0
2192
0
0
0
0
2188
0
2201
0
2146
2184
2095
0
0
0
2180
0
0
0
0
2176
2117
2142
3848
2091
0
3844
0
0
3840
0
0
2128
0
2113
2124
2138
2087
2132
0
2244
0
2240
0
2160
2236
2232
2228
2224
2220
2216
2212
2208
2204
2168
2164
2076
2072
2109
2054
6179
0
0
0
0
0
0
0
0
0
0
0
0
0
0
0
2104
2125
3850
2059
0
0
0
0
0
0
0
0
0
0
0
0
2100
2121
3846
2159
0
0
0
0
0
0
0
0
0
0
0
0
2096
2117
3842
2155
0
0
0
0
2259
0
0
0
0
2255
0
0
2092
2113
2150
2251
0
0
0
0
2191
0
0
0
0
2187
0
0
2088
2109
2146
2183
0
0
0
0
2179
0
0
0
0
2175
0
0
2084
2213
2142
2067
0
0
0
0
2063
0
0
0
0
2071
0
0
2080
2209
2138
2199
0
0
0
0
2195
0
2247
0
2243
0
2163
2239
2052
2205
2134
2235
2231
2227
2223
2219
2171
2167
2079
2075
0
0
0
0
2048
2201
6226
0
0
0
0
0
0
0
0
0
0
0
0
0
0
2100
2121
2158
2163
0
0
0
0
0
0
0
0
0
0
0
2096
2117
2154
2087
0
0
0
0
2063
0
0
0
0
2199
0
2092
2225
2150
2195
0
0
0
0
2259
0
0
0
0
2255
0
2088
2221
2146
2251
0
0
0
0
2191
0
0
0
0
2187
0
2048
2217
2142
2183
0
0
0
0
2179
0
0
0
0
2175
0
2080
2113
2138
2071
0
0
0
0
2067
0
0
3851
0
0
3847
2076
2109
2074
3843
0
0
2131
0
0
2127
0
0
2135
0
2247
2168
2105
2058
2243
2239
2235
2231
2215
2211
2207
0
0
0
0
0
2164
2201
6150
0
0
0
0
0
0
0
0
0
0
0
0
0
0
0
0
0
2056
2225
3850
2139
0
0
0
0
0
0
0
0
0
0
0
0
0
0
2052
2221
3846
2135
0
0
0
0
0
0
0
0
0
0
0
0
0
0
2048
2217
3842
2131
0
0
0
0
0
0
0
0
0
0
0
0
0
0
2168
2213
2118
2127
0
0
0
0
0
0
0
0
0
0
0
0
0
0
2164
2209
2114
2123
0
0
0
0
2259
0
0
0
0
2255
0
0
0
0
2160
2205
2110
2251
0
0
0
0
2179
0
0
0
0
2175
0
0
0
0
2156
2201
2106
2071
0
0
0
0
2067
0
0
0
0
2063
0
0
0
0
2152
2085
2102
2199
0
0
0
0
2195
0
0
0
0
2191
0
0
0
0
2148
2081
2098
2187
0
0
0
0
2183
0
2247
0
2243
2239
2235
2231
0
0
2144
2077
2094
0
0
0
0
0
0
0
0
0
0
0
0
0
0
0
2140
2073
6186
0
0
0
0
0
0
0
0
0
0
0
0
0
0
0
0
0
0
2196
2069
2110
2067
0
0
0
0
0
0
0
0
0
0
0
0
0
0
0
2192
2157
2106
2063
0
0
0
0
0
0
0
0
0
0
0
0
0
0
0
2188
2153
2102
2059
0
0
0
0
0
0
0
0
0
0
0
0
0
0
0
2184
2149
2098
2259
0
0
0
0
0
0
0
0
0
0
0
0
0
0
0
2180
2145
2094
2255
0
0
0
0
0
0
0
0
0
0
0
0
0
0
0
2176
2141
2090
2251
0
0
0
0
0
0
0
0
0
0
0
0
0
0
0
2172
2137
2086
2123
3849
0
0
3845
0
0
3841
0
0
2129
0
0
2125
0
0
2052
2133
2082
2245
2119
2241
0
2161
2237
2233
2229
2225
2221
2217
2213
2209
2205
2169
2165
2048
2077
2073
2202
6211
0
0
0
0
0
0
0
0
0
0
0
0
0
0
0
0
0
0
0
0
0
2180
2053
3850
2139
0
0
0
0
0
0
0
0
0
0
0
0
0
0
0
0
0
0
2176
2049
3846
2135
0
0
0
0
0
0
0
0
0
0
0
0
0
0
0
0
0
0
2172
2069
3842
2131
0
0
0
0
0
0
0
0
0
0
0
0
0
0
0
0
0
0
2064
2213
2258
2127
0
0
0
0
0
0
0
0
0
0
0
0
0
0
0
0
0
0
2060
2209
2254
2123
0
0
0
0
0
0
0
0
0
0
0
0
0
0
0
0
0
0
2056
2205
2250
2119
0
0
0
0
0
0
0
0
0
0
0
0
0
0
0
0
0
0
2156
2201
2098
2115
0
0
0
0
0
0
0
0
0
0
0
0
0
0
0
0
0
0
2152
2197
2094
2111
0
0
0
0
0
0
0
0
0
0
0
0
0
0
0
0
0
0
2148
2193
2090
2107
0
0
0
0
0
0
0
0
0
0
0
0
0
0
0
0
0
0
2144
2189
2086
2103
0
2247
0
2243
0
2163
2239
2235
2231
2227
2223
2219
2171
2167
2079
2075
0
0
2140
2185
6178
0
0
0
0
0
0
0
0
0
0
0
0
0
0
0
0
0
0
0
0
2180
2225
2102
2139
0
0
0
0
0
0
0
0
0
0
0
0
0
0
0
0
0
2176
2221
2098
2059
0
0
0
0
0
0
0
0
0
0
0
0
0
0
0
0
0
2172
2217
2094
2055
0
0
0
0
0
0
0
0
0
0
0
0
0
0
0
0
0
2168
2069
2258
2051
0
0
0
0
0
0
0
0
0
0
0
0
0
0
0
0
0
2164
2065
2254
2123
0
0
0
0
0
0
0
0
0
0
0
0
0
0
0
0
0
2160
2061
2250
2119
0
0
0
0
0
0
0
0
0
0
0
0
0
0
0
0
0
2156
2201
2090
2115
0
0
0
0
0
0
0
0
0
0
0
0
0
0
0
0
0
2152
2197
2086
2111
0
0
0
0
0
0
0
0
0
0
0
0
0
0
0
0
0
2148
2193
2082
2107
0
0
3851
0
0
3847
0
0
3843
0
0
2131
0
0
2127
0
0
2144
2189
2078
2135
0
2247
0
2243
2239
2235
2231
2215
2211
2207
0
0
0
0
0
0
0
2140
2185
6170
0
0
0
0
0
0
0
0
0
0
0
0
0
0
0
0
0
0
0
0
0
0
0
2164
2217
3850
2115
0
0
0
0
0
0
0
0
0
0
0
0
0
0
0
0
0
0
0
0
2160
2213
3846
2111
0
0
0
0
0
0
0
0
0
0
0
0
0
0
0
0
0
0
0
0
2156
2209
3842
2107
0
0
0
0
0
0
0
0
0
0
0
0
0
0
0
0
0
0
0
0
2152
2205
2258
2103
0
0
0
0
0
0
0
0
0
0
0
0
0
0
0
0
0
0
0
0
2148
2201
2254
2099
0
0
0
0
0
0
0
0
0
0
0
0
0
0
0
0
0
0
0
0
2144
2197
2250
2095
0
0
0
0
0
0
0
0
0
0
0
0
0
0
0
0
0
0
0
0
2140
2193
2066
2091
0
0
0
0
0
0
0
0
0
0
0
0
0
0
0
0
0
0
0
0
2136
2189
2062
2087
0
0
0
0
0
0
0
0
0
0
0
0
0
0
0
0
0
0
0
0
2132
2185
2058
2083
0
0
0
0
0
0
0
0
0
0
0
0
0
0
0
0
0
0
0
0
2128
2181
2054
2079
0
0
0
0
0
0
0
0
0
0
0
0
0
0
0
0
0
0
0
0
2124
2177
2050
2075
0
0
0
0
0
0
0
0
0
0
0
0
0
0
0
0
0
0
0
0
2120
2173
2226
2071
0
2247
0
2243
2239
2235
2231
0
0
0
0
0
0
0
0
0
0
0
0
0
2116
2169
6318
0
0
0
0
0
0
0
0
0
0
0
0
0
0
0
0
0
0
0
0
0
0
0
0
0
0
0
0
0
0
0
0
0
0
0
0
0
0
0
0
0
0
0
0
0
0
0
0
0
0
0
0
0
0
0
0
0
0
0
0
0
0
0
0
0
0
0
0
0
0
0
0
0
0
0
0
0
0
0
0
0
0
0
0
0
0
0
0
0
0
0
0
0
0
0
0
0
0
0
0
0
0
0
0
0
0
0
0
0
0
0
0
0
0
0
0
0
0
0
0
0
0
0
0
0
0
0
0
0
0
0
0
0
0
0
0
0
0
0
0
0
0
0
0
0
0
0
0
0
0
0
0
0
0
0
0
0
0
0
0
0
0
0
0
0
0
0
0
0
0
0
0
0
0
0
0
0
0
0
0
0
0
0
0
0
0
0
0
0
0
0
0
0
0
0
0
0
0
0
0
0
0
0
0
0
0
0
0
0
0
0
0
0
0
0
0
0
0
0
0
0
0
0
0
0
0
0
0
0
0
0
0
0
0
0
0
0
0
0
0
0
0
0
0
0
0
0
0
0
0
0
0
0
0
0
0
0
0
0
0
0
0
0
0
0
0
0
0
0
0
0
0
0
0
0
0
0
0
0
0
0
0
0
0
0
0
0
0
0
0
0
0
0
0
0
0
0
0
0
0
0
0
0
0
0
0
0
0
0
0
0
0
0
0
0
0
0
0
0
0
0
0
0
0
0
0
0
0
0
0
0
0
0
0
0
0
0
0
0
0
0
0
0
0
0
0
0
0
0
0
0
0
0
0
0
0
0
0
0
0
0
0
0
0
0
0
0
0
0
0
0
0
0
0
0
0
0
0
0
0
0
0
0
0
0
0
0
0
0
0
0
0
0
0
0
0
0
0
0
0
0
0
0
0
0
0
0
0
0
0
0
0
0
0
0
0
0
0
0
0
0
0
0
0
0
0
0
0
0
0
0
0
0
0
0
0
0
0
0
0
0
0
0
0
0
0
0
0
0
0
0
0
0
0
0
0
0
0
0
0
0
0
0
0
0
0
0
0
0
0
0
0
0
0
0
0
0
0
0
0
0
0
0
0
0
0
0
0
0
0
0
0
0
0
0
0
0
0
0
0
0
0
0
0
0
0
0
0
0
0
0
0
0
0
0
0
0
0
0
0
0
0
0
0
0
0
0
0
0
0
0
0
0
0
0
0
0
0
0
0
0
0
0
0
0
0
0
0
0
0
0
0
0
0
0
0
0
0
0
0
0
0
0
0
0
0
0
0
0
0
0
0
0
0
0
0
0
0
0
0
0
0
0
0
0
0
0
0
0
0
0
0
0
0
0
0
0
0
0
0
0
0
0
0
0
0
0
0
0
0
0
0
0
0
0
0
0
0
0
0
0
0
0
0
0
0
0
0
0
0
0
0
0
0
0
0
0
0
0
0
0
0
0
0
0
0
0
0
0
0
0
0
0
0
0
0
0
0
0
0
0
0
0
0
0
0
0
0
0
0
0
0
0
0
0
0
0
0
0
0
0
0
0
0
0
0
0
0
0
0
0
0
0
0
0
0
0
0
0
0
0
0
0
0
0
0
0
0
0
0
0
0
0
0
0
0
0
0
0
0
0
0
0
0
0
0
0
0
0
0
0
0
0
0
0
0
0
0
0
0
0
0
0
0
0
0
0
0
0
0
0
0
0
0
0
0
0
0
0
0
0
0
0
0
0
0
0
0
0
0
0
0
0
0
0
0
0
0
0
0
0
0
0
0
0
0
0
0
0
0
0
0
0
0
0
0
0
0
0
0
0
0
0
0
0
0
0
0
0
0
0
0
0
0
0
0
0
0
0
0
0
0
0
0
0
0
0
0
0
0
0
0
0
0
0
0
0
0
0
0
0
0
0
0
0
0
0
0
0
0
0
0
0
0
0
0
0
0
0
0
0
0
0
0
0
0
0
0
0
0
0
0
0
0
0
0
0
0
0
0
0
0
0
0
0
0
0
0
0
0
0
0
0
0
0
0
0
0
0
0
0
0
0
0
0
0
0
0
0
0
0
0
0
0
0
0
0
0
0
0
0
0
0
0
0
0
0
0
0
0
0
0
0
0
0
0
0
0
0
0
0
0
0
0
0
0
0
0
0
0
0
0
0
0
0
0
0
0
0
0
0
0
0
0
0
0
0
0
0
0
0
0
0
0
0
0
0
0
0
0
0
0
0
0
0
0
0
0
0
0
0
0
0
0
0
0
0
0
0
0
0
0
0
0
0
0
0
0
0
0
0
0
0
0
0
0
0
0
0
0
0
0
0
0
0
0
0
0
0
0
0
0
0
0
0
0
0
0
0
0
0
0
0
0
0
0
0
0
0
0
0
0
0
0
0
0
0
0
0
0
0
0
0
0
0
0
0
0
0
0
0
0
0
0
0
0
0
0
0
0
0
0
0
0
0
0
0
0
0
0
0
0
0
0
0
0
0
0
0
0
0
0
0
0
0
0
0
0
0
0
0
0
0
0
0
0
0
0
0
0
0
0
0
0
0
0
0
0
0
0
0
0
0
0
0
0
0
0
0
0
0
0
0
0
0
0
0
0
0
0
0
0
0
0
0
0
0
0
0
0
0
0
0
0
0
0
0
0
0
0
0
0
0
0
0
0
0
0
0
0
0
0
0
0
0
0
0
0
0
0
0
0
0
0
0
0
0
0
0
0
0
0
0
0
0
0
0
0
0
0
0
0
0
0
0
0
0
0
0
0
0
0
0
0
0
0
0
0
0
0
0
0
0
0
0
0
0
0
0
0
0
0
0
0
0
0
0
0
0
0
0
0
0
0
0
0
0
0
0
0
0
0
0
0
0
0
0
0
0
0
0
0
0
0
0
0
0
0
0
0
0
0
0
0
0
0
0
0
0
0
0
0
0
0
0
0
0
0
0
0
0
0
0
0
0
0
0
0
0
0
0
0
0
0
0
0
0
0
0
0
0
0
0
0
0
0
0
0
0
0
0
0
0
0
0
0
0
0
0
0
0
0
0
0
0
0
0
0
0
0
0
0
0
0
0
0
0
0
0
0
0
0
0
0
0
0
0
0
0
0
0
0
0
0
0
0
0
0
0
0
0
0
0
0
0
0
0
0
0
0
0
0
0
0
0
0
0
0
0
0
0
0
0
0
0
0
0
0
0
0
0
0
0
0
0
0
0
0
0
0
0
0
0
0
0
0
0
0
0
0
0
0
0
0
0
0
0
0
0
0
0
0
0
0
0
0
0
0
0
0
0
0
0
0
0
0
0
0
0
0
0
0
0
0
0
0
0
0
0
0
0
0
0
0
0
0
0
0
0
0
0
0
0
0
0
0
0
0
0
0
0
0
0
0
0
0
0
0
0
0
0
0
0
0
0
0
0
0
0
0
0
0
0
0
0
0
0
0
0
0
0
0
0
0
0
0
0
0
0
0
0
0
0
0
0
0
0
0
0
0
0
0
0
0
0
0
0
0
0
0
0
0
0
0
0
0
0
0
0
0
0
0
0
0
0
0
0
0
0
0
0
0
0
0
0
0
0
0
0
0
0
0
0
0
0
0
0
0
0
0
0
0
0
0
0
0
0
0
0
0
0
0
0
0
0
0
0
0
0
0
0
0
0
0
0
0
0
0
0
0
0
0
0
0
0
0
0
0
0
0
0
0
0
0
0
0
0
0
0
0
0
0
0
0
0
0
0
0
0
0
0
0
0
0
0
0
0
0
0
0
0
0
0
0
0
0
0
0
0
0
0
0
0
0
0
0
0
0
0
0
0
0
0
0
0
0
0
0
0
0
0
0
0
0
0
0
0
0
0
0
0
0
0
0
0
0
0
0
0
0
0
0
0
0
0
0
0
0
0
0
0
0
0
0
0
0
0
0
0
0
0
0
0
0
0
0
0
0
0
0
0
0
0
0
0
0
0
0
0
0
0
0
0
0
0
0
0
0
0
0
0
0
0
0
0
0
0
0
0
0
0
0
0
0
0
0
0
0
0
0
0
0
0
0
0
0
0
0
0
0
0
0
0
0
0
0
0
0
0
0
0
0
0
0
0
0
0
0
0
0
0
0
0
0
0
0
0
0
0
0
0
0
0
0
0
0
0
0
0
0
0
0
0
0
0
0
0
0
0
0
0
0
0
0
0
0
0
0
0
0
0
0
0
0
0
0
0
0
0
0
0
0
0
0
0
0
0
0
0
0
0
0
0
0
0
0
0
0
0
0
0
0
0
0
0
0
0
0
0
0
0
0
0
0
0
0
0
0
0
0
0
0
0
0
0
0
0
0
0
0
0
0
0
0
0
0
0
0
0
0
0
0
0
0
0
0
0
0
0
0
0
0
0
0
0
0
0
0
0
0
0
0
0
0
0
0
0
0
0
0
0
0
0
0
0
0
0
0
0
0
0
0
0
0
0
0
0
0
0
0
0
0
0
0
0
0
0
0
0
0
0
0
0
0
0
0
0
0
0
0
0
0
0
0
0
0
0
0
0
0
0
0
0
0
0
0
0
0
0
0
0
0
0
0
0
0
0
0
0
0
0
0
0
0
0
0
0
0
0
0
0
0
0
0
0
0
0
0
0
0
0
0
0
0
0
0
0
0
0
0
0
0
0
0
0
0
0
0
0
0
0
0
0
0
0
0
0
0
0
0
0
0
0
0
0
0
0
0
0
0
0
0
0
0
0
0
0
0
0
0
0
0
0
0
0
0
0
0
0
0
0
0
0
0
0
0
0
0
0
0
0
0
0
0
0
0
0
0
0
0
0
0
0
0
0
0
0
0
0
0
0
0
0
0
0
0
0
0
0
0
0
0
0
0
0
0
0
0
0
0
0
0
0
0
0
0
0
0
0
0
0
0
0
0
0
0
0
0
0
0
0
0
0
0
0
0
0
0
0
0
0
0
0
0
0
0
0
0
0
0
0
0
0
0
0
0
0
0
0
0
0
0
0
0
0
0
0
0
0
0
0
0
0
0
0
0
0
0
0
0
0
0
0
0
0
0
0
0
0
0
0
0
0
0
0
0
0
0
0
0
0
0
0
0
0
0
0
0
0
0
0
0
0
0
0
0
0
0
0
0
0
0
0
0
0
0
0
0
0
0
0
0
0
0
0
0
0
0
0
0
0
0
0
0
0
0
0
0
0
0
0
0
0
0
0
0
0
0
0
0
0
0
0
0
0
0
0
0
0
0
0
0
0
0
0
0
0
0
0
0
0
0
0
0
0
0
0
0
0
0
0
0
0
0
0
0
0
0
0
0
0
0
0
0
0
0
0
0
0
0
0
0
0
0
0
0
0
0
0
0
0
0
0
0
0
0
0
0
0
0
0
0
0
0
0
0
0
0
0
0
0
0
0
0
0
0
0
0
0
0
0
0
0
0
0
0
0
0
0
0
0
0
0
0
0
0
0
0
0
0
0
0
0
0
0
0
0
0
0
0
0
0
0
0
0
0
0
0
0
0
0
0
0
0
0
0
0
0
0
0
0
0
0
0
0
0
0
0
0
0
0
0
0
0
0
0
0
0
0
0
0
0
0
0
0
0
0
0
0
0
0
0
0
0
0
0
0
0
0
0
0
0
0
0
0
0
0
0
0
0
0
0
0
0
0
0
0
0
0
0
0
0
0
0
0
0
0
0
0
0
0
0
0
0
0
0
0
0
0
0
0
0
0
0
0
0
0
0
0
0
0
0
0
0
0
0
0
0
0
0
0
0
