int
3619
3587
2076
2135
2131
2100
3593
3622
2056
2127
2116
2123
2048
3625
2072
3590
2068
3845
2092
2115
2052
3841
2084
3648
3658
2105
2111
2099
2091
2083
3654
2067
6159
3619
3595
2076
3657
2052
3622
2084
2105
2116
3591
2048
3625
2072
3654
2068
2101
2092
3648
2057
3846
3587
2135
2131
3842
2127
2123
2115
2111
2099
2091
2083
2067
6159
3619
3595
2076
3653
2052
3658
2084
2105
2116
3591
2048
3621
2072
3626
2068
2101
2092
3648
2057
3846
3587
2135
2131
3842
2127
2123
2115
2111
2099
2091
2083
2067
6159
3627
3623
2076
3657
2052
3590
2084
3593
2116
3619
2048
2105
2072
3654
2068
2101
2092
3648
2057
3846
3587
2135
2131
3842
2127
2123
2115
2111
2099
2091
2083
2067
6159
0
0
2059
0
2052
2061
3654
2119
3651
3584
2049
3627
2100
3846
3623
2076
2105
3595
2092
3842
3591
2072
3617
2135
2084
3658
2131
2069
2127
2123
2115
2111
2099
2091
2083
6163
0
0
2075
0
0
2060
3585
3846
2087
0
0
2048
2069
2059
3842
2123
2104
2119
2053
2100
3658
3651
2076
3627
3617
2092
3654
3623
3595
3591
2135
2131
2127
2115
2111
2099
2091
2083
6163
3627
3623
2076
3653
2052
3658
2084
3589
2116
3619
2048
2105
2072
3594
2068
2101
2092
3648
2057
3846
3587
2135
2131
3842
2127
2123
2115
2111
2099
2091
2083
2067
6159
0
0
2075
0
0
2060
3585
3846
2087
0
0
2048
2069
2059
3842
2123
2104
2119
2053
2100
3658
3651
2076
3627
3617
2092
3654
3623
3595
3591
2135
2131
2127
2115
2111
2099
2091
2083
6163
0
0
2059
0
2052
2061
3658
2119
3651
3584
2049
3627
2100
3846
3623
2076
2105
3595
2092
3842
3591
2072
3617
2135
2084
3654
2131
2069
2127
2123
2115
2111
2099
2091
2083
6163
3655
3651
2076
3625
2052
3622
2084
2105
2116
3619
2048
3593
2072
3590
2068
2101
2092
3656
2057
3846
3587
2135
2131
3842
2127
2123
2115
2111
2099
2091
2083
2067
6159
0
2095
0
2075
2064
2049
3622
3659
3655
3584
2057
3619
3846
2100
3595
3649
3591
2076
3626
2135
2084
2105
2052
3842
2116
2131
2069
2127
2123
2115
2111
2099
2091
2083
6159
0
0
2087
0
2095
2048
3649
3846
2075
0
2055
2056
3625
3842
2123
0
2104
2119
3621
3586
2100
3659
3655
3619
2076
2065
2070
3595
3591
2135
2131
2127
2115
2111
2099
2091
2083
6159
0
2051
0
2119
3616
2061
3590
2071
0
2064
2057
2087
3594
2100
3659
3649
3655
2076
3842
3627
2072
2105
3623
2092
3846
3587
2053
2135
2131
2127
2123
2115
2111
2099
2091
6179
0
0
0
2103
0
0
2048
3649
3846
2079
0
0
2095
2068
2057
3842
2075
0
2127
3584
2119
2053
2066
3659
3655
2104
3627
3623
3617
2084
2062
3595
3591
2135
2131
2123
2115
2111
2099
2091
6179
0
0
0
2103
0
0
0
2048
3649
3846
2079
0
0
2123
0
2068
2057
3842
2095
0
0
2075
3584
2127
2053
2066
2119
3659
2104
3655
3627
3623
2084
3617
2062
3595
3591
2135
2131
2115
2111
2099
2091
6179
0
0
2074
0
0
3648
3593
2094
3843
2070
0
2064
3589
2086
3847
2050
0
2060
2105
2122
2059
2118
2101
3616
3658
3654
2077
3626
3622
3586
2134
2130
2126
2114
2110
2098
2090
2082
6151
0
0
0
2103
0
0
0
2048
3649
3846
2079
0
0
2095
0
2068
2057
3842
2075
0
2123
0
3584
2119
2053
2066
2127
3659
2104
3655
3627
3623
2084
3617
2062
3595
3591
2135
2131
2115
2111
2099
2091
6179
0
0
0
2103
0
0
0
2048
3649
3846
2079
0
0
2095
0
2068
2057
3842
2075
0
2123
0
3584
2119
2053
2066
2127
3659
2104
3655
3627
3623
2084
3617
2062
3595
3591
2135
2131
2115
2111
2099
2091
6179
3655
3651
2076
3621
2052
3594
2084
2105
2116
3619
2048
3589
2072
3626
2068
2101
2092
3656
2057
3846
3587
2135
2131
3842
2127
2123
2115
2111
2099
2091
2083
2067
6159
0
0
2087
0
2095
2048
3649
3846
2075
0
2055
2056
3625
3842
2123
0
2104
2119
3621
3586
2100
3659
3655
3619
2076
2065
2070
3595
3591
2135
2131
2127
2115
2111
2099
2091
2083
6159
0
2095
0
2075
2064
2049
3626
3659
3655
3584
2057
3619
3846
2100
3595
3649
3591
2076
3622
2135
2084
2105
2052
3842
2116
2131
2069
2127
2123
2115
2111
2099
2091
2083
6159
0
0
2074
0
0
3648
3593
2094
3843
2070
0
2064
3589
2086
3847
2050
0
2060
2105
2122
2059
2118
2101
3616
3658
3654
2077
3626
3622
3586
2134
2130
2126
2114
2110
2098
2090
2082
6151
0
0
0
2103
0
0
0
2048
3649
3846
2079
0
0
2095
0
2068
2057
3842
2075
0
2123
0
3584
2119
2053
2066
2127
3659
2104
3655
3627
3623
2084
3617
2062
3595
3591
2135
2131
2115
2111
2099
2091
6179
0
0
0
2103
0
0
0
2048
3649
3846
2079
0
0
2095
0
2068
2057
3842
2075
0
2123
0
3584
2119
2053
2066
2127
3659
2104
3655
3627
3623
2084
3617
2062
3595
3591
2135
2131
2115
2111
2099
2091
6179
0
2051
0
2119
3616
2061
3594
2071
0
2064
2057
2087
3590
2100
3659
3649
3655
2076
3842
3627
2072
2105
3623
2092
3846
3587
2053
2135
2131
2127
2123
2115
2111
2099
2091
6179
0
0
0
2103
0
0
0
2048
3649
3846
2079
0
0
2123
0
2068
2057
3842
2095
0
0
2075
3584
2127
2053
2066
2119
3659
2104
3655
3627
3623
2084
3617
2062
3595
3591
2135
2131
2115
2111
2099
2091
6179
0
0
0
2103
0
0
2048
3649
3846
2079
0
0
2095
2068
2057
3842
2075
0
2127
3584
2119
2053
2066
3659
3655
2104
3627
3623
3617
2084
2062
3595
3591
2135
2131
2123
2115
2111
2099
2091
6179
0
0
0
2103
0
0
2048
3649
3846
2079
0
0
2095
2068
2057
3842
2075
0
2127
3584
2119
2053
2066
3659
3655
2104
3627
3623
3617
2084
2062
3595
3591
2135
2131
2123
2115
2111
2099
2091
6179
0
0
0
2103
0
0
2048
3649
3846
2079
0
0
2095
2068
2057
3842
2075
0
2127
3584
2119
2053
2066
3659
3655
2104
3627
3623
3617
2084
2062
3595
3591
2135
2131
2123
2115
2111
2099
2091
6179
0
0
0
2103
0
0
0
2048
3649
3846
2079
0
0
2123
0
2068
2057
3842
2095
0
0
2075
3584
2127
2053
2066
2119
3659
2104
3655
3627
3623
2084
3617
2062
3595
3591
2135
2131
2115
2111
2099
2091
6179
0
0
0
2103
0
0
0
2048
3649
3846
2079
0
0
2095
0
2068
2057
3842
2075
0
2123
0
3584
2119
2053
2066
2127
3659
2104
3655
3627
3623
2084
3617
2062
3595
3591
2135
2131
2115
2111
2099
2091
6179
0
0
0
2103
0
0
0
2048
3649
3846
2079
0
0
2095
0
2068
2057
3842
2075
0
2123
0
3584
2119
2053
2066
2127
3659
2104
3655
3627
3623
2084
3617
2062
3595
3591
2135
2131
2115
2111
2099
2091
6179
0
0
0
2103
0
0
0
2048
3649
3846
2079
0
0
2095
0
2068
2057
3842
2075
0
2123
0
3584
2119
2053
2066
2127
3659
2104
3655
3627
3623
2084
3617
2062
3595
3591
2135
2131
2115
2111
2099
2091
6179
0
0
0
2103
0
0
0
2048
3649
3846
2079
0
0
2095
0
2068
2057
3842
2075
0
2123
0
3584
2119
2053
2066
2127
3659
2104
3655
3627
3623
2084
3617
2062
3595
3591
2135
2131
2115
2111
2099
2091
6179
0
0
0
2103
0
0
0
2048
3649
3846
2079
0
0
2123
0
2068
2057
3842
2095
0
0
2075
3584
2127
2053
2066
2119
3659
2104
3655
3627
3623
2084
3617
2062
3595
3591
2135
2131
2115
2111
2099
2091
6179
0
0
0
2103
0
0
2048
3649
3846
2079
0
0
2095
2068
2057
3842
2075
0
2127
3584
2119
2053
2066
3659
3655
2104
3627
3623
3617
2084
2062
3595
3591
2135
2131
2123
2115
2111
2099
2091
6179
0
0
0
0
0
0
0
0
0
0
0
0
0
0
0
0
0
0
0
0
0
0
0
0
0
0
0
0
0
0
0
0
0
0
0
0
0
0
0
0
0
0
0
0
0
0
0
0
0
0
0
0
0
0
0
0
0
0
0
0
0
0
0
0
0
0
0
0
0
0
0
0
0
0
0
0
0
0
0
0
0
0
0
0
0
0
0
0
0
0
0
0
0
0
0
0
0
0
0
0
0
0
0
0
0
0
0
0
0
0
0
0
0
0
0
0
0
0
0
0
0
0
0
0
0
0
0
0
0
0
0
0
0
0
0
0
0
0
0
0
0
0
0
0
0
0
0
0
0
0
0
0
0
0
0
0
0
0
0
0
0
0
0
0
0
0
0
0
0
0
0
0
0
0
0
0
0
0
0
0
0
0
0
0
0
0
0
0
0
0
0
0
0
0
0
0
0
0
0
0
0
0
0
0
0
0
0
0
0
0
0
0
0
0
0
0
0
0
0
0
0
0
0
0
0
0
0
0
0
0
0
0
0
0
0
0
0
0
0
0
0
0
0
0
0
0
0
0
0
0
0
0
0
0
0
0
0
0
0
0
0
0
0
0
0
0
0
0
0
0
0
0
0
0
0
0
0
0
0
0
0
0
0
0
0
0
0
0
0
0
0
0
0
0
0
0
0
0
0
0
0
0
0
0
0
0
0
0
0
0
0
0
0
0
0
0
0
0
0
0
0
0
0
0
0
0
0
0
0
0
0
0
0
0
0
0
0
0
0
0
0
0
0
0
0
0
0
0
0
0
0
0
0
0
0
0
0
0
0
0
0
0
0
0
0
0
0
0
0
0
0
0
0
0
0
0
0
0
0
0
0
0
0
0
0
0
0
0
0
0
0
0
0
0
0
0
0
0
0
0
0
0
0
0
0
0
0
0
0
0
0
0
0
0
0
0
0
0
0
0
0
0
0
0
0
0
0
0
0
0
0
0
0
0
0
0
0
0
0
0
0
0
0
0
0
0
0
0
0
0
0
0
0
0
0
0
0
0
0
0
0
0
0
0
0
0
0
0
0
0
0
0
0
0
0
0
0
0
0
0
0
0
0
0
0
0
0
0
0
0
0
0
0
0
0
0
0
0
0
0
0
0
0
0
0
0
0
0
0
0
0
0
0
0
0
0
0
0
0
0
0
0
0
0
0
0
0
0
0
0
0
0
0
0
0
0
0
0
0
0
0
0
0
0
0
0
0
0
0
0
0
0
0
0
0
0
0
0
0
0
0
0
0
0
0
0
0
0
0
0
0
0
0
0
0
0
0
0
0
0
0
0
0
0
0
0
0
0
0
0
0
0
0
0
0
0
0
0
0
0
0
0
0
0
0
0
0
0
0
0
0
0
0
0
0
0
0
0
0
0
0
0
0
0
0
0
0
0
0
0
0
0
0
0
0
0
0
0
0
0
0
0
0
0
0
0
0
0
0
0
0
0
0
0
0
0
0
0
0
0
0
0
0
0
0
0
0
0
0
0
0
0
0
0
0
0
0
0
0
0
0
0
0
0
0
0
0
0
0
0
0
0
0
0
0
0
0
0
0
0
0
0
0
0
0
0
0
0
0
0
0
0
0
0
0
0
0
0
0
0
0
0
0
0
0
0
0
0
0
0
0
0
0
0
0
0
0
0
0
0
0
0
0
0
0
0
0
0
0
0
0
0
0
0
0
0
0
0
0
0
0
0
0
0
0
0
0
0
0
0
0
0
0
0
0
0
0
0
0
0
0
0
0
0
0
0
0
0
0
0
0
0
0
0
0
0
0
0
0
0
0
0
0
0
0
0
0
0
0
0
0
0
0
0
0
0
0
0
0
0
0
0
0
0
0
0
0
0
0
0
0
0
0
0
0
0
0
0
0
0
0
0
0
0
0
0
0
0
0
0
0
0
0
0
0
0
0
0
0
0
0
0
0
0
0
0
0
0
0
0
0
0
0
0
0
0
0
0
0
0
0
0
0
0
0
0
0
0
0
0
0
0
0
0
0
0
0
0
0
0
0
0
0
0
0
0
0
0
0
0
0
0
0
0
0
0
0
0
0
0
0
0
0
0
0
0
0
0
0
0
0
0
0
0
0
0
0
0
0
0
0
0
0
0
0
0
0
0
0
0
0
0
0
0
0
0
0
0
0
0
0
0
0
0
0
0
0
0
0
0
0
0
0
0
0
0
0
0
0
0
0
0
0
0
0
0
0
0
0
0
0
0
0
0
0
0
0
0
0
0
0
0
0
0
0
0
0
0
0
0
0
0
0
0
0
0
0
0
0
0
0
0
0
0
0
0
0
0
0
0
0
0
0
0
0
0
0
0
0
0
0
0
0
0
0
0
0
0
0
0
0
0
0
0
0
0
0
0
0
0
0
0
0
0
0
0
0
0
0
0
0
0
0
0
0
0
0
0
0
0
0
0
0
0
0
0
0
0
0
0
0
0
0
0
0
0
0
0
0
0
0
0
0
0
0
0
0
0
0
0
0
0
0
0
0
0
0
0
0
0
0
0
0
0
0
0
0
0
0
0
0
0
0
0
0
0
0
0
0
0
0
0
0
0
0
0
0
0
0
0
0
0
0
0
0
0
0
0
0
0
0
0
0
0
0
0
0
0
0
0
0
0
0
0
0
0
0
0
0
0
0
0
0
0
0
0
0
0
0
0
0
0
0
0
0
0
0
0
0
0
0
0
0
0
0
0
0
0
0
0
0
0
0
0
0
0
0
0
0
0
0
0
0
0
0
0
0
0
0
0
0
0
0
0
0
0
0
0
0
0
0
0
0
0
0
0
0
0
0
0
0
0
0
0
0
0
0
0
0
0
0
0
0
0
0
0
0
0
0
0
0
0
0
0
0
0
0
0
0
0
0
0
0
0
0
0
0
0
0
0
0
0
0
0
0
0
0
0
0
0
0
0
0
0
0
0
0
0
0
0
0
0
0
0
0
0
0
0
0
0
0
0
0
0
0
0
0
0
0
0
0
0
0
0
0
0
0
0
0
0
0
0
0
0
0
0
0
0
0
0
0
0
0
0
0
0
0
0
0
0
0
0
0
0
0
0
0
0
0
0
0
0
0
0
0
0
0
0
0
0
0
0
0
0
0
0
0
0
0
0
0
0
0
0
0
0
0
0
0
0
0
0
0
0
0
0
0
0
0
0
0
0
0
0
0
0
0
0
0
0
0
0
0
0
0
0
0
0
0
0
0
0
0
0
0
0
0
0
0
0
0
0
0
0
0
0
0
0
0
0
0
0
0
0
0
0
0
0
0
0
0
0
0
0
0
0
0
0
0
0
0
0
0
0
0
0
0
0
0
0
0
0
0
0
0
0
0
0
0
0
0
0
0
0
0
0
0
0
0
0
0
0
0
0
0
0
0
0
0
0
0
0
0
0
0
0
0
0
0
0
0
0
0
0
0
0
0
0
0
0
0
0
0
0
0
0
0
0
0
0
0
0
0
0
0
0
0
0
0
0
0
0
0
0
0
0
0
0
0
0
0
0
0
0
0
0
0
0
0
0
0
0
0
0
0
0
0
0
0
0
0
0
0
0
0
0
0
0
0
0
0
0
0
0
0
0
0
0
0
0
0
0
0
0
0
0
0
0
0
0
0
0
0
0
0
0
0
0
0
0
0
0
0
0
0
0
0
0
0
0
0
0
0
0
0
0
0
0
0
0
0
0
0
0
0
0
0
0
0
0
0
0
0
0
0
0
0
0
0
0
0
0
0
0
0
0
0
0
0
0
0
0
0
0
0
0
0
0
0
0
0
0
0
0
0
0
0
0
0
0
0
0
0
0
0
0
0
0
0
0
0
0
0
0
0
0
0
0
0
0
0
0
0
0
0
0
0
0
0
0
0
0
0
0
0
0
0
0
0
0
0
0
0
0
0
0
0
0
0
0
0
0
0
0
0
0
0
0
0
0
0
0
0
0
0
0
0
0
0
0
0
0
0
0
0
0
0
0
0
0
0
0
0
0
0
0
0
0
0
0
0
0
0
0
0
0
0
0
0
0
0
0
0
0
0
0
0
0
0
0
0
0
0
0
0
0
0
0
0
0
0
0
0
0
0
0
0
0
0
0
0
0
0
0
0
0
0
0
0
0
0
0
0
0
0
0
0
0
0
0
0
0
0
0
0
0
0
0
0
0
0
0
0
0
0
0
0
0
0
0
0
0
0
0
0
0
0
0
0
0
0
0
0
0
0
0
0
0
0
0
0
0
0
0
0
0
0
0
0
0
0
0
0
0
0
0
0
0
0
0
0
0
0
0
0
0
0
0
0
0
0
0
0
0
0
0
0
0
0
0
0
0
0
0
0
0
0
0
0
0
0
0
0
0
0
0
0
0
0
0
0
0
0
0
0
0
0
0
0
0
0
0
0
0
0
0
0
0
0
0
0
0
0
0
0
0
0
0
0
0
0
0
0
0
0
0
0
0
0
0
0
0
0
0
0
0
0
0
0
0
0
0
0
0
0
0
0
0
0
0
0
0
0
0
0
0
0
0
0
0
0
0
0
0
0
0
0
0
0
0
0
0
0
0
0
0
0
0
0
0
0
0
0
0
0
0
0
0
0
0
0
0
0
0
0
0
0
0
0
0
0
0
0
0
0
0
0
0
0
0
0
0
0
0
0
0
0
0
0
0
0
0
0
0
0
0
0
0
0
0
0
0
0
0
0
0
0
0
0
0
0
0
0
0
0
0
0
0
0
0
0
0
0
0
0
0
0
0
0
0
0
0
0
0
0
0
0
0
0
0
0
0
0
0
0
0
0
0
0
0
0
0
0
0
0
0
0
0
0
0
0
0
0
0
0
0
0
0
0
0
0
0
0
0
0
0
0
0
0
0
0
0
0
0
0
0
0
0
0
0
0
0
0
0
0
0
0
0
0
0
0
0
0
0
0
0
0
0
0
0
0
0
0
0
0
0
0
0
0
0
0
0
0
0
0
0
0
0
0
0
0
0
0
0
0
0
0
0
0
0
0
0
0
0
0
0
0
0
0
0
0
0
0
0
0
0
0
0
0
0
0
0
0
0
0
0
0
0
0
0
0
0
0
0
0
0
0
0
0
0
0
0
0
0
0
0
0
0
0
0
0
0
0
0
0
0
0
0
0
0
0
0
0
0
0
0
0
0
0
0
0
0
0
0
0
0
0
0
0
0
0
0
0
0
0
0
0
0
0
0
0
0
0
0
0
0
0
0
0
0
0
0
0
0
0
0
0
0
0
0
0
0
0
0
0
0
0
0
0
0
0
0
0
0
0
0
0
0
0
0
0
0
0
0
0
0
0
0
0
0
0
0
0
0
0
0
0
0
0
0
0
0
0
0
0
0
0
0
0
0
0
0
0
0
0
0
0
0
0
0
0
0
0
0
0
0
0
0
0
0
0
0
0
0
0
0
0
0
0
0
0
0
0
0
0
0
0
0
0
0
0
0
0
0
0
0
0
0
0
0
0
0
0
0
0
0
0
0
0
0
0
0
0
0
0
0
0
0
0
0
0
0
0
0
0
0
0
0
0
0
0
0
0
0
0
0
0
0
0
0
0
0
0
0
0
0
0
0
0
0
0
0
0
0
0
0
0
0
0
0
0
0
0
0
0
0
0
0
0
0
0
0
0
0
0
0
0
0
0
0
0
0
0
0
0
0
0
0
0
0
0
0
0
0
0
0
0
0
0
0
0
0
0
0
0
0
0
0
0
0
0
0
0
0
0
0
0
0
0
0
0
0
0
0
0
0
0
0
0
0
0
0
0
0
0
0
0
0
0
0
0
0
0
0
0
0
0
0
0
0
0
0
0
0
0
0
0
0
0
0
0
0
0
0
0
0
0
0
0
0
0
0
0
0
0
0
0
0
0
0
0
0
0
0
0
0
0
0
0
0
0
0
0
0
0
0
0
0
0
0
0
0
0
0
0
0
0
0
0
0
0
0
0
0
0
0
0
0
0
0
0
0
0
0
0
0
0
0
0
0
0
0
0
0
0
0
0
0
0
0
0
0
0
0
0
0
0
0
0
0
0
0
0
0
0
0
