int
0
0
2183
3896
0
2083
0
3892
2051
3657
3590
3872
2111
0
2155
2168
2151
0
2119
2084
3653
3890
2175
2160
2127
3651
2142
2060
3619
3587
3593
2056
2070
2239
2235
2052
2231
3882
2227
2144
3625
2223
3878
2136
2219
2215
2211
2088
2134
2207
3621
2203
2191
2066
2187
2179
2167
2159
2131
2123
2115
2107
2103
2099
2095
2079
6171
0
2175
0
2088
2065
2127
0
2168
3890
3881
2111
2084
2155
0
3877
2160
3654
2151
0
2060
2141
2119
3651
2056
3622
2069
3619
2052
3595
3897
3626
2144
3591
3893
2080
3587
3658
2048
3873
2239
2180
2134
2137
2235
2231
2227
2223
2219
2215
2211
2207
2203
2191
2187
2179
2167
2159
2131
2123
2115
2107
2103
2099
2095
2079
6171
0
2175
0
2088
2065
2127
0
2168
3890
3881
2111
2084
2155
0
3877
2160
3626
2151
0
2060
2141
2119
3651
2056
3658
2069
3619
2052
3595
3897
3622
2144
3591
3893
2080
3587
3654
2048
3873
2239
2180
2134
2137
2235
2231
2227
2223
2219
2215
2211
2207
2203
2191
2187
2179
2167
2159
2131
2123
2115
2107
2103
2099
2095
2079
6171
0
2175
0
2088
2065
2127
0
2168
3890
3881
2111
2084
2155
0
3877
2160
3654
2151
0
2060
2141
2119
3651
2056
3590
2069
3627
2052
3623
3897
3619
2144
3658
3893
2080
3587
2239
2048
3873
3594
2180
2235
2137
2231
2134
2227
2223
2219
2215
2211
2207
2203
2191
2187
2179
2167
2159
2131
2123
2115
2107
2103
2099
2095
2079
6171
0
0
0
2139
0
0
2072
2065
2091
0
3654
2119
2168
0
3897
2111
0
2132
2183
0
3890
3617
3880
2151
0
2127
0
3876
2053
2175
3658
2155
2140
3651
3627
2085
3623
2068
2062
3595
3591
3892
3585
2239
2235
3872
2098
2231
2227
2056
2081
2223
2219
2144
2094
2215
2211
2049
2207
2203
2191
2187
2179
2167
2163
2159
2131
2123
2115
2107
2103
6175
0
0
0
2147
0
0
0
2048
2065
2139
3654
0
0
2091
0
2072
3897
2119
0
0
2111
3658
2168
2183
3617
2151
0
2132
2127
0
2175
0
3880
2053
3890
2155
3651
3876
3627
3623
3595
2085
2140
2062
3591
2239
2235
2068
2231
3585
2227
3892
2098
2223
2219
3872
2215
2081
2211
2056
2207
2094
2203
2191
2187
2179
2167
2163
2159
2131
2123
2115
2107
2103
6175
0
2175
0
2088
2065
2127
0
2168
3890
3881
2111
2084
2155
0
3877
2160
3658
2151
0
2060
2141
2119
3651
2056
3594
2069
3627
2052
3623
3897
3619
2144
3654
3893
2080
3587
2239
2048
3873
3590
2180
2235
2137
2231
2134
2227
2223
2219
2215
2211
2207
2203
2191
2187
2179
2167
2159
2131
2123
2115
2107
2103
2099
2095
2079
6171
0
0
0
2147
0
0
0
2048
2065
2139
3654
0
0
2091
0
2072
3897
2119
0
0
2111
3658
2168
2183
3617
2151
0
2132
2127
0
2175
0
3880
2053
3890
2155
3651
3876
3627
3623
3595
2085
2140
2062
3591
2239
2235
2068
2231
3585
2227
3892
2098
2223
2219
3872
2215
2081
2211
2056
2207
2094
2203
2191
2187
2179
2167
2163
2159
2131
2123
2115
2107
2103
6175
0
0
0
2139
0
0
2072
2065
2091
0
3658
2119
2168
0
3897
2111
0
2132
2183
0
3890
3617
3880
2151
0
2127
0
3876
2053
2175
3654
2155
2140
3651
3627
2085
3623
2068
2062
3595
3591
3892
3585
2239
2235
3872
2098
2231
2227
2056
2081
2223
2219
2144
2094
2215
2211
2049
2207
2203
2191
2187
2179
2167
2163
2159
2131
2123
2115
2107
2103
6175
0
2175
0
2088
2065
2127
0
2168
3890
3881
2111
2084
2155
0
3877
2160
3622
2151
0
2060
2141
2119
3659
2056
3626
2069
3655
2052
3651
3897
3619
2144
3590
3893
2080
3587
2239
2048
3873
3594
2180
2235
2137
2231
2134
2227
2223
2219
2215
2211
2207
2203
2191
2187
2179
2167
2159
2131
2123
2115
2107
2103
2099
2095
2079
6171
0
0
0
2139
0
0
3648
2061
2087
0
3622
0
2168
2055
2057
0
2111
0
2160
2127
3890
3893
2183
2140
2119
0
2155
0
3880
2089
3626
2175
0
3876
2151
3659
2049
3655
2064
2102
3619
3595
3591
2132
3585
2239
2235
3896
2070
2231
2227
3872
2081
2223
2219
2144
2094
2215
2211
2077
2207
2203
2191
2187
2179
2167
2159
2131
2123
2115
2107
2099
6171
0
0
0
3875
0
0
0
2076
2061
2147
3626
0
0
2139
0
3648
2057
2087
0
0
0
3622
2168
2055
3893
0
2111
0
0
2160
2127
0
2089
3890
2140
2183
0
2119
0
3880
2049
2155
2102
2175
3876
2151
3659
3655
3585
2064
3619
2070
3595
3591
2132
2239
2081
2235
3896
2231
2094
2227
2223
2219
2215
2211
2207
2203
2191
2187
2179
2167
2159
2131
2123
2115
2107
2099
6171
0
0
0
2147
0
0
0
3648
2065
2139
3590
0
2119
0
0
2088
3897
2083
0
0
3890
2183
0
2084
3893
2127
0
0
2051
2160
3594
2151
3617
2111
3880
2175
0
2155
3659
3876
2057
2102
3655
3627
2132
3623
3587
2239
2077
2140
2098
2235
2231
3872
2227
2223
2073
2060
2219
2070
2215
2211
2207
2203
2053
2191
2187
2179
2171
2167
2159
2131
2123
2115
2107
6191
0
0
0
0
3883
0
0
0
0
3879
2076
3897
2098
0
2135
0
0
0
0
2143
0
3648
3893
3875
2094
0
0
2147
0
0
0
2139
2072
3889
0
2111
2066
0
2183
0
0
2119
0
2056
3585
2127
0
2151
2062
2175
0
2155
0
2219
3616
2089
3659
3655
3627
3623
2070
3595
3591
2239
2235
2052
2085
2231
2227
2223
2215
2211
2102
2207
2203
2191
2048
2081
2187
2179
2171
2167
2163
2159
2131
2123
2115
6203
0
0
0
0
3883
0
0
0
0
3879
0
2076
3897
2098
2135
0
0
0
0
2143
0
0
0
3648
3893
3875
2094
0
0
2147
0
0
0
2139
0
2072
3889
2111
0
2066
2183
0
0
2119
0
0
2127
2056
3585
2151
0
2179
2062
2175
0
2203
0
2155
0
3616
2089
2219
3659
3655
3627
2070
3623
3595
3591
2239
2235
2052
2085
2231
2227
2223
2215
2211
2102
2207
2191
2187
2171
2048
2081
2167
2163
2159
2131
2123
2115
6203
0
0
0
3875
0
0
0
2063
2052
2065
3590
2147
0
0
0
2139
0
3648
3897
2119
0
3594
2083
0
0
2183
2088
3893
2127
0
0
2051
3890
2151
0
2084
3617
2111
0
2175
0
2155
2160
2102
3659
2057
3655
3880
3627
3623
3587
2239
3876
2098
2077
2235
2231
2132
2227
2223
2219
2215
2140
2073
2070
2211
2207
2203
2191
2187
2179
2171
2167
2159
2131
2123
2115
2107
6191
0
0
0
0
3883
0
0
0
0
3879
0
2076
3897
2098
2135
0
0
0
0
2143
0
0
0
3648
3893
3875
2094
0
0
2147
0
0
0
2139
0
2072
3889
2111
0
2066
2183
0
0
2119
0
0
2127
2056
3585
2151
0
2175
2062
2155
0
2219
3659
3655
3627
3616
2089
3623
3595
3591
2239
2070
2235
2231
2227
2223
2215
2052
2085
2211
2207
2203
2191
2187
2102
2179
2171
2167
2163
2048
2081
2159
2131
2123
2115
6203
0
0
0
0
3883
0
0
0
0
3879
0
2076
3897
2098
2135
0
0
0
0
2143
0
0
0
3648
3893
3875
2094
0
0
2147
0
0
0
2139
0
2072
2049
2111
0
2066
2183
0
0
2119
0
0
2127
2056
3585
2151
0
2175
2062
2155
0
2219
3659
3655
3627
3616
2089
3623
3595
3591
2239
2070
2235
2231
2227
2223
2215
2052
2085
2211
2207
2203
2191
2187
2102
2179
2171
2167
3888
2163
2081
2159
2131
2123
2115
6203
0
2175
0
2088
2065
2127
0
2168
3890
3881
2111
2084
2155
0
3877
2160
3626
2151
0
2060
2141
2119
3659
2056
3622
2069
3655
2052
3651
3897
3619
2144
3594
3893
2080
3587
2239
2048
3873
3590
2180
2235
2137
2231
2134
2227
2223
2219
2215
2211
2207
2203
2191
2187
2179
2167
2159
2131
2123
2115
2107
2103
2099
2095
2079
6171
0
0
0
3875
0
0
0
2076
2061
2147
3626
0
0
2139
0
3648
2057
2087
0
0
0
3622
2168
2055
3893
0
2111
0
0
2160
2127
0
2089
3890
2140
2183
0
2119
0
3880
2049
2155
2102
2175
3876
2151
3659
3655
3585
2064
3619
2070
3595
3591
2132
2239
2081
2235
3896
2231
2094
2227
2223
2219
2215
2211
2207
2203
2191
2187
2179
2167
2159
2131
2123
2115
2107
2099
6171
0
0
0
2139
0
0
3648
2061
2087
0
3626
0
2168
2055
2057
0
2111
0
2160
2127
3890
3893
2183
2140
2119
0
2155
0
3880
2089
3622
2175
0
3876
2151
3659
2049
3655
2064
2102
3619
3595
3591
2132
3585
2239
2235
3896
2070
2231
2227
3872
2081
2223
2219
2144
2094
2215
2211
2077
2207
2203
2191
2187
2179
2167
2159
2131
2123
2115
2107
2099
6171
0
0
0
3875
0
0
0
2063
2052
2065
3590
2147
0
0
0
2139
0
3648
3897
2119
0
3594
2083
0
0
2183
2088
3893
2127
0
0
2051
3890
2151
0
2084
3617
2111
0
2175
0
2155
2160
2102
3659
2057
3655
3880
3627
3623
3587
2239
3876
2098
2077
2235
2231
2132
2227
2223
2219
2215
2140
2073
2070
2211
2207
2203
2191
2187
2179
2171
2167
2159
2131
2123
2115
2107
6191
0
0
0
0
3883
0
0
0
0
3879
0
2076
3897
2098
2135
0
0
0
0
2143
0
0
0
3648
3893
3875
2094
0
0
2147
0
0
0
2139
0
2072
2049
2111
0
2066
2183
0
0
2119
0
0
2127
2056
3585
2151
0
2175
2062
2155
0
2219
3659
3655
3627
3616
2089
3623
3595
3591
2239
2070
2235
2231
2227
2223
2215
2052
2085
2211
2207
2203
2191
2187
2102
2179
2171
2167
3888
2163
2081
2159
2131
2123
2115
6203
0
0
0
0
3883
0
0
0
0
3879
0
2076
3897
2098
2135
0
0
0
0
2143
0
0
0
3648
3893
3875
2094
0
0
2147
0
0
0
2139
0
2072
3889
2111
0
2066
2183
0
0
2119
0
0
2127
2056
3585
2151
0
2175
2062
2155
0
2219
3659
3655
3627
3616
2089
3623
3595
3591
2239
2070
2235
2231
2227
2223
2215
2052
2085
2211
2207
2203
2191
2187
2102
2179
2171
2167
2163
2048
2081
2159
2131
2123
2115
6203
0
0
0
2147
0
0
0
3648
2065
2139
3594
0
2119
0
0
2088
3897
2083
0
0
3890
2183
0
2084
3893
2127
0
0
2051
2160
3590
2151
3617
2111
3880
2175
0
2155
3659
3876
2057
2102
3655
3627
2132
3623
3587
2239
2077
2140
2098
2235
2231
3872
2227
2223
2073
2060
2219
2070
2215
2211
2207
2203
2053
2191
2187
2179
2171
2167
2159
2131
2123
2115
2107
6191
0
0
0
0
3883
0
0
0
0
3879
0
2076
3897
2098
2135
0
0
0
0
2143
0
0
0
3648
3893
3875
2094
0
0
2147
0
0
0
2139
0
2072
3889
2111
0
2066
2183
0
0
2119
0
0
2127
2056
3585
2151
0
2179
2062
2175
0
2203
0
2155
0
3616
2089
2219
3659
3655
3627
2070
3623
3595
3591
2239
2235
2052
2085
2231
2227
2223
2215
2211
2102
2207
2191
2187
2171
2048
2081
2167
2163
2159
2131
2123
2115
6203
0
0
0
0
3883
0
0
0
0
3879
2076
3897
2098
0
2135
0
0
0
0
2143
0
3648
3893
3875
2094
0
0
2147
0
0
0
2139
2072
3889
0
2111
2066
0
2183
0
0
2119
0
2056
3585
2127
0
2151
2062
2175
0
2155
0
2219
3616
2089
3659
3655
3627
3623
2070
3595
3591
2239
2235
2052
2085
2231
2227
2223
2215
2211
2102
2207
2203
2191
2048
2081
2187
2179
2171
2167
2163
2159
2131
2123
2115
6203
0
0
0
0
3883
0
0
0
0
3879
2076
3897
2098
0
2135
0
0
0
0
2143
0
3648
3893
3875
2094
0
0
2147
0
0
0
2139
2072
3889
0
2111
2066
0
2183
0
0
2119
0
2056
3585
2127
0
2151
2062
2175
0
2155
0
2219
3616
2089
3659
3655
3627
3623
2070
3595
3591
2239
2235
2052
2085
2231
2227
2223
2215
2211
2102
2207
2203
2191
2048
2081
2187
2179
2171
2167
2163
2159
2131
2123
2115
6203
0
0
0
0
0
0
0
0
0
0
0
0
0
0
0
0
0
0
0
0
0
0
0
0
0
0
0
0
0
0
0
0
0
0
0
0
0
0
0
0
0
0
0
0
0
0
0
0
0
0
0
0
0
0
0
0
0
0
0
0
0
0
0
0
0
0
0
0
0
0
0
0
0
0
0
0
0
0
0
0
0
0
0
0
0
0
0
0
0
0
0
0
0
0
0
0
0
0
0
0
0
0
0
0
0
0
0
0
0
0
0
0
0
0
0
0
0
0
0
0
0
0
0
0
0
0
0
0
0
0
0
0
0
0
0
0
0
0
0
0
0
0
0
0
0
0
0
0
0
0
0
0
0
0
0
0
0
0
0
0
0
0
0
0
0
0
0
0
0
0
0
0
0
0
0
0
0
0
0
0
0
0
0
0
0
0
0
0
0
0
0
0
0
0
0
0
0
0
0
0
0
0
0
0
0
0
0
0
0
0
0
0
0
0
0
0
0
0
0
0
0
0
0
0
0
0
0
0
0
0
0
0
0
0
0
0
0
0
0
0
0
0
0
0
0
0
0
0
0
0
0
0
0
0
0
0
0
0
0
0
0
0
0
0
0
0
0
0
0
0
0
0
0
0
0
0
0
0
0
0
0
0
0
0
0
0
0
0
0
0
0
0
0
0
0
0
0
0
0
0
0
0
0
0
0
0
0
0
0
0
0
0
0
0
0
0
0
0
0
0
0
0
0
0
0
0
0
0
0
0
0
0
0
0
0
0
0
0
0
0
0
0
0
0
0
0
0
0
0
0
0
0
0
0
0
0
0
0
0
0
0
0
0
0
0
0
0
0
0
0
0
0
0
0
0
0
0
0
0
0
0
0
0
0
0
0
0
0
0
0
0
0
0
0
0
0
0
0
0
0
0
0
0
0
0
0
0
0
0
0
0
0
0
0
0
0
0
0
0
0
0
0
0
0
0
0
0
0
0
0
0
0
0
0
0
0
0
0
0
0
0
0
0
0
0
0
0
0
0
0
0
0
0
0
0
0
0
0
0
0
0
0
0
0
0
0
0
0
0
0
0
0
0
0
0
0
0
0
0
0
0
0
0
0
0
0
0
0
0
0
0
0
0
0
0
0
0
0
0
0
0
0
0
0
0
0
0
0
0
0
0
0
0
0
0
0
0
0
0
0
0
0
0
0
0
0
0
0
0
0
0
0
0
0
0
0
0
0
0
0
0
0
0
0
0
0
0
0
0
0
0
0
0
0
0
0
0
0
0
0
0
0
0
0
0
0
0
0
0
0
0
0
0
0
0
0
0
0
0
0
0
0
0
0
0
0
0
0
0
0
0
0
0
0
0
0
0
0
0
0
0
0
0
0
0
0
0
0
0
0
0
0
0
0
0
0
0
0
0
0
0
0
0
0
0
0
0
0
0
0
0
0
0
0
0
0
0
0
0
0
0
0
0
0
0
0
0
0
0
0
0
0
0
0
0
0
0
0
0
0
0
0
0
0
0
0
0
0
0
0
0
0
0
0
0
0
0
0
0
0
0
0
0
0
0
0
0
0
0
0
0
0
0
0
0
0
0
0
0
0
0
0
0
0
0
0
0
0
0
0
0
0
0
0
0
0
0
0
0
0
0
0
0
0
0
0
0
0
0
0
0
0
0
0
0
0
0
0
0
0
0
0
0
0
0
0
0
0
0
0
0
0
0
0
0
0
0
0
0
0
0
0
0
0
0
0
0
0
0
0
0
0
0
0
0
0
0
0
0
0
0
0
0
0
0
0
0
0
0
0
0
0
0
0
0
0
0
0
0
0
0
0
0
0
0
0
0
0
0
0
0
0
0
0
0
0
0
0
0
0
0
0
0
0
0
0
0
0
0
0
0
0
0
0
0
0
0
0
0
0
0
0
0
0
0
0
0
0
0
0
0
0
0
0
0
0
0
0
0
0
0
0
0
0
0
0
0
0
0
0
0
0
0
0
0
0
0
0
0
0
0
0
0
0
0
0
0
0
0
0
0
0
0
0
0
0
0
0
0
0
0
0
0
0
0
0
0
0
0
0
0
0
0
0
0
0
0
0
0
0
0
0
0
0
0
0
0
0
0
0
0
0
0
0
0
0
0
0
0
0
0
0
0
0
0
0
0
0
0
0
0
0
0
0
0
0
0
0
0
0
0
0
0
0
0
0
0
0
0
0
0
0
0
0
0
0
0
0
0
0
0
0
0
0
0
0
0
0
0
0
0
0
0
0
0
0
0
0
0
0
0
0
0
0
0
0
0
0
0
0
0
0
0
0
0
0
0
0
0
0
0
0
0
0
0
0
0
0
0
0
0
0
0
0
0
0
0
0
0
0
0
0
0
0
0
0
0
0
0
0
0
0
0
0
0
0
0
0
0
0
0
0
0
0
0
0
0
0
0
0
0
0
0
0
0
0
0
0
0
0
0
0
0
0
0
0
0
0
0
0
0
0
0
0
0
0
0
0
0
0
0
0
0
0
0
0
0
0
0
0
0
0
0
0
0
0
0
0
0
0
0
0
0
0
0
0
0
0
0
0
0
0
0
0
0
0
0
0
0
0
0
0
0
0
0
0
0
0
0
0
0
0
0
0
0
0
0
0
0
0
0
0
0
0
0
0
0
0
0
0
0
0
0
0
0
0
0
0
0
0
0
0
0
0
0
0
0
0
0
0
0
0
0
0
0
0
0
0
0
0
0
0
0
0
0
0
0
0
0
0
0
0
0
0
0
0
0
0
0
0
0
0
0
0
0
0
0
0
0
0
0
0
0
0
0
0
0
0
0
0
0
0
0
0
0
0
0
0
0
0
0
0
0
0
0
0
0
0
0
0
0
0
0
0
0
0
0
0
0
0
0
0
0
0
0
0
0
0
0
0
0
0
0
0
0
0
0
0
0
0
0
0
0
0
0
0
0
0
0
0
0
0
0
0
0
0
0
0
0
0
0
0
0
0
0
0
0
0
0
0
0
0
0
0
0
0
0
0
0
0
0
0
0
0
0
0
0
0
0
0
0
0
0
0
0
0
0
0
0
0
0
0
0
0
0
0
0
0
0
0
0
0
0
0
0
0
0
0
0
0
0
0
0
0
0
0
0
0
0
0
0
0
0
0
0
0
0
0
0
0
0
0
0
0
0
0
0
0
0
0
0
0
0
0
0
0
0
0
0
0
0
0
0
0
0
0
0
0
0
0
0
0
0
0
0
0
0
0
0
0
0
0
0
0
0
0
0
0
0
0
0
0
0
0
0
0
0
0
0
0
0
0
0
0
0
0
0
0
0
0
0
0
0
0
0
0
0
0
0
0
0
0
0
0
0
0
0
0
0
0
0
0
0
0
0
0
0
0
0
0
0
0
0
0
0
0
0
0
0
0
0
0
0
0
0
0
0
0
0
0
0
0
0
0
0
0
0
0
0
0
0
0
0
0
0
0
0
0
0
0
0
0
0
0
0
0
0
0
0
0
0
0
0
0
0
0
0
0
0
0
0
0
0
0
0
0
0
0
0
0
0
0
0
0
0
0
0
0
0
0
0
0
0
0
0
0
0
0
0
0
0
0
0
0
0
0
0
0
0
0
0
0
0
0
0
0
0
0
0
0
0
0
0
0
0
0
0
0
0
0
0
0
0
0
0
0
0
0
0
0
0
0
0
0
0
0
0
0
0
0
0
0
0
0
0
0
0
0
0
0
0
0
0
0
0
0
0
0
0
0
0
0
0
0
0
0
0
0
0
0
0
0
0
0
0
0
0
0
0
0
0
0
0
0
0
0
0
0
0
0
0
0
0
0
0
0
0
0
0
0
0
0
0
0
0
0
0
0
0
0
0
0
0
0
0
0
0
0
0
0
0
0
0
0
0
0
0
0
0
0
0
0
0
0
0
0
0
0
0
0
0
0
0
0
0
0
0
0
0
0
0
0
0
0
0
0
0
0
0
0
0
0
0
0
0
0
0
0
0
0
0
0
0
0
0
0
0
0
0
0
0
0
0
0
0
0
0
0
0
0
0
0
0
0
0
0
0
0
0
0
0
0
0
0
0
0
0
0
0
0
0
0
0
0
0
0
0
0
0
0
0
0
0
0
0
0
0
0
0
0
0
0
0
0
0
0
0
0
0
0
0
0
0
0
0
0
0
0
0
0
0
0
0
0
0
0
0
0
0
0
0
0
0
0
0
0
0
0
0
0
0
0
0
0
0
0
0
0
0
0
0
0
0
0
0
0
0
0
0
0
0
0
0
0
0
0
0
0
0
0
0
0
0
0
0
0
0
0
0
0
0
0
0
0
0
0
0
0
0
0
0
0
0
0
0
0
0
