int
3651
3619
2064
3587
3849
3656
2255
2251
3652
3845
2086
2052
2247
2243
3624
2225
2239
3620
2194
2235
2080
2209
2136
2219
2072
2215
2128
2201
2180
2222
2176
2207
2172
2229
2060
2199
2164
3593
2048
3896
3892
3888
3864
3860
3856
3589
3842
2191
2077
2187
2171
2057
2090
2163
2069
2159
2155
2151
2094
2147
2143
2135
2127
2123
2119
2115
2111
2107
2103
6195
3891
3867
2080
3863
3859
2076
2093
3659
2056
2086
3651
2068
3849
3627
2064
3619
2172
3845
2060
2194
2164
3595
2048
2225
2136
3591
2072
2222
2128
2209
3652
3587
2180
2255
2176
2201
3620
3896
3892
3842
2229
2251
2247
2053
2243
2090
2239
2235
2219
2215
2207
2199
2191
2187
2171
2163
2159
2155
2151
2147
2143
2135
2127
2123
2119
2115
2111
2107
2103
6195
3891
3867
2080
3863
3859
2076
2093
3655
2056
2086
3651
2068
3849
3623
2064
3619
2172
3845
2060
2194
2164
3595
2048
2225
2136
3591
2072
2222
3656
2209
2128
3587
2180
2255
3624
2201
2176
3896
3892
3842
2229
2251
2247
2053
2243
2090
2239
2235
2219
2215
2207
2199
2191
2187
2171
2163
2159
2155
2151
2147
2143
2135
2127
2123
2119
2115
2111
2107
2103
6195
3899
3895
2076
3891
3867
2056
2093
3863
2068
2086
3859
2064
3849
3651
2052
3627
3623
2080
3845
2164
2194
3588
3619
2048
2225
2136
3595
2072
2222
2128
2209
3656
3587
2180
2255
2176
2201
2172
3842
2060
2251
2229
2247
2243
3653
2090
2239
2235
2219
2215
2207
2199
2191
2187
2171
2163
2159
2155
2151
2147
2143
2135
2127
2123
2119
2115
2111
2107
2103
6195
0
2139
2076
3619
0
2056
2093
2063
2068
2131
2086
2108
2225
3899
2104
3895
3891
2064
3849
2222
3652
3867
3863
2052
2201
3584
3859
2048
2194
2096
3845
2180
3651
2176
3627
2172
2209
3656
3842
2072
3623
2164
2229
3595
3591
2081
2090
2255
2251
2247
2243
2239
2235
2219
2215
2207
2199
2191
2187
2171
2163
2159
2155
2151
2147
2143
2135
2127
2123
2119
2115
6199
0
2075
2172
2131
0
2064
3849
2183
3584
3899
3895
2052
2201
2086
2096
3891
3867
2080
2093
3863
3656
3859
2222
3652
2225
3651
2076
3627
3623
2056
3845
2194
2068
3595
3591
3616
2209
2176
2255
2060
3842
2164
2229
2048
2251
2136
2105
2247
2090
2243
2109
2239
2235
2219
2215
2207
2199
2191
2187
2171
2163
2159
2155
2151
2147
2143
2135
2127
2123
2119
2115
6199
3899
3895
2076
3891
3867
2056
2093
3863
2068
2086
3859
2064
3849
3651
2052
3627
3623
3656
3845
3592
2194
2164
3619
2048
2225
2136
3591
2072
2222
2128
2209
3652
3587
2180
2255
2176
2201
2172
3842
2060
2251
2229
2247
2243
2081
2090
2239
2235
2219
2215
2207
2199
2191
2187
2171
2163
2159
2155
2151
2147
2143
2135
2127
2123
2119
2115
2111
2107
2103
6195
0
2075
2172
2131
0
2064
3849
2183
3584
3899
3895
2052
2201
2086
2096
3891
3867
2080
2093
3863
3656
3859
2222
3652
2225
3651
2076
3627
3623
2056
3845
2194
2068
3595
3591
3616
2209
2176
2255
2060
3842
2164
2229
2048
2251
2136
2105
2247
2090
2243
2109
2239
2235
2219
2215
2207
2199
2191
2187
2171
2163
2159
2155
2151
2147
2143
2135
2127
2123
2119
2115
6199
0
2139
2076
3619
0
2056
2093
2063
2068
2131
2086
2108
2225
3899
2104
3895
3891
3656
3849
2222
2064
3867
3863
2052
2201
3584
3859
2048
2194
2096
3845
2180
3651
2176
3627
2172
2209
3652
3842
2072
3623
2164
2229
3595
3591
2081
2090
2255
2251
2247
2243
2239
2235
2219
2215
2207
2199
2191
2187
2171
2163
2159
2155
2151
2147
2143
2135
2127
2123
2119
2115
6199
3899
3895
2056
3891
3867
2068
2093
3863
3620
2086
3859
2064
3849
3659
2052
3655
3651
2080
3845
2164
2194
3588
3619
2048
2225
2136
3595
2072
2222
2128
2209
2180
3587
2176
2255
2172
2201
3624
3842
2060
2251
2229
2247
2243
2077
2090
2239
2235
2219
2215
2207
2199
2191
2187
2171
2163
2159
2155
2151
2147
2143
2135
2127
2123
2119
2115
2111
2107
2103
6195
0
2051
2056
3587
3899
2112
2229
3895
2068
3891
2086
2104
2089
3867
2064
3863
3859
2052
2209
2222
2080
3659
2072
3655
2180
3845
2176
3619
2172
2194
2136
3849
2164
3595
2160
3591
2060
2201
3648
3842
3624
2255
2128
2225
2100
2251
2077
2094
2247
3621
2243
2239
2235
2219
2215
2207
2199
2191
2187
2171
2159
2155
2151
2147
2143
2135
2127
2123
2119
2111
6195
0
2075
2160
2131
0
3584
3845
2063
2080
2183
3899
2076
2209
2086
2056
3895
3891
2068
2229
3867
2064
3863
2222
2172
2089
3859
3648
3659
3655
3624
3849
2194
3620
3619
3595
2100
2201
3591
2052
3842
2176
2225
2048
2255
2164
2113
2136
2094
2251
2105
2247
2243
2239
2235
2219
2215
2207
2199
2191
2187
2171
2159
2155
2151
2147
2143
2135
2127
2123
2119
2111
6195
0
2167
2100
3899
3895
3588
3849
3891
2096
2086
3867
2080
3863
3845
2076
3859
3659
2056
2222
2201
2068
3655
3627
3648
3623
2229
2064
2194
3587
2052
2255
3592
2225
2160
2251
2136
2094
2060
2209
2128
2247
2180
2113
2176
3842
2048
2109
2072
2243
3617
2239
2235
2090
2219
2215
2207
2199
2191
2187
2175
2171
2159
2155
2151
2147
2143
2135
2127
2123
2119
6203
0
2139
0
2108
2051
0
2183
2112
3841
2179
0
3584
2086
2235
2100
3849
3899
3616
3895
3891
2096
3867
3845
2080
2222
3863
2076
3859
2201
2056
3659
3655
2068
3627
2229
2064
2194
3623
3648
3595
2225
2052
3591
2128
2090
2072
2209
2164
2255
2060
2251
2105
2094
2247
2243
2239
2219
2215
2207
2199
2191
2187
2175
2171
2163
2159
2155
2151
2147
2143
2135
2127
2123
6215
0
2183
0
2179
2108
2131
0
3849
2075
2112
2235
0
2219
2086
3584
3845
2167
0
3648
2063
0
2139
2096
3841
2222
3899
2100
3895
3891
2209
3616
3867
3863
2076
2194
2229
2056
3859
3659
2068
3655
2225
2064
2094
3627
2052
3623
2105
2080
3595
2188
3591
2048
2201
2090
2255
2251
2247
2243
2239
2215
2207
2199
2187
2175
2171
2163
2159
2155
2151
2147
2143
2135
2127
2123
6215
0
2139
0
3648
2063
0
2131
2096
3841
2086
2183
2100
3899
3895
3891
3616
2193
3867
2076
2094
3863
3592
2201
3859
3588
3659
3655
2056
2229
2090
2068
3627
3623
2064
2225
3587
2052
2222
2255
2160
2209
2251
2080
2247
2176
2113
2048
3850
2072
2243
2164
2109
2239
2235
2219
3846
2215
2207
2199
2191
2187
2175
2171
2159
2155
2151
2147
2143
2135
2127
2123
2119
6203
0
2167
0
2063
2108
2139
0
3849
2051
2112
2183
0
2179
2086
3584
3845
2235
3899
3648
3895
3891
3867
2096
3841
2222
3863
2100
3859
3659
2209
3616
3655
3627
2076
2194
2229
2056
3623
3595
2068
3591
2225
2064
2094
2255
2052
2251
2105
2080
2247
2128
2243
2072
2201
2090
2239
2219
2215
2207
2199
2191
2187
2175
2171
2163
2159
2155
2151
2147
2143
2135
2127
2123
6215
0
2167
0
2063
2108
2139
0
3849
2051
2112
2183
0
2179
2086
3584
3845
2235
3899
3648
3895
3891
3867
2096
3841
2222
3863
2100
3859
3659
2209
3616
3655
3627
2076
2194
2229
2056
3623
3595
2068
3591
2225
2064
2094
2255
2052
2251
2105
2080
2247
2128
2243
2072
2201
2090
2239
2219
2215
2207
2199
2191
2187
2175
2171
2163
2159
2155
2151
2147
2143
2135
2127
2123
6215
3899
3895
2056
3891
3867
3624
2093
3863
2068
2086
3859
2064
3849
3659
2052
3655
3651
2080
3845
3592
2194
2164
3619
2048
2225
2136
3591
2072
2222
2128
2209
2180
3587
2176
2255
2172
2201
3620
3842
2060
2251
2229
2247
2243
2077
2090
2239
2235
2219
2215
2207
2199
2191
2187
2171
2163
2159
2155
2151
2147
2143
2135
2127
2123
2119
2115
2111
2107
2103
6195
0
2075
2160
2131
0
3584
3845
2063
2080
2183
3899
2076
2209
2086
2056
3895
3891
2068
2229
3867
2064
3863
2222
2172
2089
3859
3648
3659
3655
3624
3849
2194
3620
3619
3595
2100
2201
3591
2052
3842
2176
2225
2048
2255
2164
2113
2136
2094
2251
2105
2247
2243
2239
2235
2219
2215
2207
2199
2191
2187
2171
2159
2155
2151
2147
2143
2135
2127
2123
2119
2111
6195
0
2051
2056
3587
3899
2112
2229
3895
2068
3891
2086
2104
2089
3867
2064
3863
3859
2052
2209
2222
2080
3659
2072
3655
2180
3845
2176
3619
2172
2194
2136
3849
2164
3595
2160
3591
2060
2201
3648
3842
3620
2255
2128
2225
2100
2251
3625
2094
2247
2077
2243
2239
2235
2219
2215
2207
2199
2191
2187
2171
2159
2155
2151
2147
2143
2135
2127
2123
2119
2111
6195
0
2139
0
3648
2063
0
2131
2096
3841
2086
2183
2100
3899
3895
3891
3616
2193
3867
2076
2094
3863
3592
2201
3859
3588
3659
3655
2056
2229
2090
2068
3627
3623
2064
2225
3587
2052
2222
2255
2160
2209
2251
2080
2247
2176
2113
2048
3850
2072
2243
2164
2109
2239
2235
2219
3846
2215
2207
2199
2191
2187
2175
2171
2159
2155
2151
2147
2143
2135
2127
2123
2119
6203
0
2167
0
2063
2108
2139
0
3849
2051
2112
2183
0
2179
2086
3584
3845
2235
3899
3648
3895
3891
3867
2096
3841
2222
3863
2100
3859
3659
2209
3616
3655
3627
2076
2194
2229
2056
3623
3595
2068
3591
2225
2064
2094
2255
2052
2251
2105
2080
2247
2128
2243
2072
2201
2090
2239
2219
2215
2207
2199
2191
2187
2175
2171
2163
2159
2155
2151
2147
2143
2135
2127
2123
6215
0
2167
0
2063
2108
2139
0
3849
2051
2112
2183
0
2179
2086
3584
3845
2235
3899
3648
3895
3891
3867
2096
3841
2222
3863
2100
3859
3659
2209
3616
3655
3627
2076
2194
2229
2056
3623
3595
2068
3591
2225
2064
2094
2255
2052
2251
2105
2080
2247
2128
2243
2072
2201
2090
2239
2219
2215
2207
2199
2191
2187
2175
2171
2163
2159
2155
2151
2147
2143
2135
2127
2123
6215
0
2167
3592
3899
3895
2100
3849
3891
2096
2086
3867
2080
3863
3845
2076
3859
3659
2056
2222
2201
2068
3655
3627
3648
3623
2229
2064
2194
3587
2052
2255
3588
2225
2160
2251
2136
2094
2060
2209
2128
2247
2180
2113
2176
3842
2048
2109
2072
2243
3617
2239
2235
2090
2219
2215
2207
2199
2191
2187
2175
2171
2159
2155
2151
2147
2143
2135
2127
2123
2119
6203
0
2183
0
2179
2108
2131
0
3849
2075
2112
2235
0
2219
2086
3584
3845
2167
0
3648
2063
0
2139
2096
3841
2222
3899
2100
3895
3891
2209
3616
3867
3863
2076
2194
2229
2056
3859
3659
2068
3655
2225
2064
2094
3627
2052
3623
2105
2080
3595
2188
3591
2048
2201
2090
2255
2251
2247
2243
2239
2215
2207
2199
2187
2175
2171
2163
2159
2155
2151
2147
2143
2135
2127
2123
6215
0
2139
0
2108
2051
0
2183
2112
3841
2179
0
3584
2086
2235
2100
3849
3899
3616
3895
3891
2096
3867
3845
2080
2222
3863
2076
3859
2201
2056
3659
3655
2068
3627
2229
2064
2194
3623
3648
3595
2225
2052
3591
2128
2090
2072
2209
2164
2255
2060
2251
2105
2094
2247
2243
2239
2219
2215
2207
2199
2191
2187
2175
2171
2163
2159
2155
2151
2147
2143
2135
2127
2123
6215
0
2139
0
2108
2051
0
2183
2112
3841
2179
0
3584
2086
2235
2100
3849
3899
3616
3895
3891
2096
3867
3845
2080
2222
3863
2076
3859
2201
2056
3659
3655
2068
3627
2229
2064
2194
3623
3648
3595
2225
2052
3591
2128
2090
2072
2209
2164
2255
2060
2251
2105
2094
2247
2243
2239
2219
2215
2207
2199
2191
2187
2175
2171
2163
2159
2155
2151
2147
2143
2135
2127
2123
6215
0
0
0
0
0
0
0
0
0
0
0
0
0
0
0
0
0
0
0
0
0
0
0
0
0
0
0
0
0
0
0
0
0
0
0
0
0
0
0
0
0
0
0
0
0
0
0
0
0
0
0
0
0
0
0
0
0
0
0
0
0
0
0
0
0
0
0
0
0
0
0
0
0
0
0
0
0
0
0
0
0
0
0
0
0
0
0
0
0
0
0
0
0
0
0
0
0
0
0
0
0
0
0
0
0
0
0
0
0
0
0
0
0
0
0
0
0
0
0
0
0
0
0
0
0
0
0
0
0
0
0
0
0
0
0
0
0
0
0
0
0
0
0
0
0
0
0
0
0
0
0
0
0
0
0
0
0
0
0
0
0
0
0
0
0
0
0
0
0
0
0
0
0
0
0
0
0
0
0
0
0
0
0
0
0
0
0
0
0
0
0
0
0
0
0
0
0
0
0
0
0
0
0
0
0
0
0
0
0
0
0
0
0
0
0
0
0
0
0
0
0
0
0
0
0
0
0
0
0
0
0
0
0
0
0
0
0
0
0
0
0
0
0
0
0
0
0
0
0
0
0
0
0
0
0
0
0
0
0
0
0
0
0
0
0
0
0
0
0
0
0
0
0
0
0
0
0
0
0
0
0
0
0
0
0
0
0
0
0
0
0
0
0
0
0
0
0
0
0
0
0
0
0
0
0
0
0
0
0
0
0
0
0
0
0
0
0
0
0
0
0
0
0
0
0
0
0
0
0
0
0
0
0
0
0
0
0
0
0
0
0
0
0
0
0
0
0
0
0
0
0
0
0
0
0
0
0
0
0
0
0
0
0
0
0
0
0
0
0
0
0
0
0
0
0
0
0
0
0
0
0
0
0
0
0
0
0
0
0
0
0
0
0
0
0
0
0
0
0
0
0
0
0
0
0
0
0
0
0
0
0
0
0
0
0
0
0
0
0
0
0
0
0
0
0
0
0
0
0
0
0
0
0
0
0
0
0
0
0
0
0
0
0
0
0
0
0
0
0
0
0
0
0
0
0
0
0
0
0
0
0
0
0
0
0
0
0
0
0
0
0
0
0
0
0
0
0
0
0
0
0
0
0
0
0
0
0
0
0
0
0
0
0
0
0
0
0
0
0
0
0
0
0
0
0
0
0
0
0
0
0
0
0
0
0
0
0
0
0
0
0
0
0
0
0
0
0
0
0
0
0
0
0
0
0
0
0
0
0
0
0
0
0
0
0
0
0
0
0
0
0
0
0
0
0
0
0
0
0
0
0
0
0
0
0
0
0
0
0
0
0
0
0
0
0
0
0
0
0
0
0
0
0
0
0
0
0
0
0
0
0
0
0
0
0
0
0
0
0
0
0
0
0
0
0
0
0
0
0
0
0
0
0
0
0
0
0
0
0
0
0
0
0
0
0
0
0
0
0
0
0
0
0
0
0
0
0
0
0
0
0
0
0
0
0
0
0
0
0
0
0
0
0
0
0
0
0
0
0
0
0
0
0
0
0
0
0
0
0
0
0
0
0
0
0
0
0
0
0
0
0
0
0
0
0
0
0
0
0
0
0
0
0
0
0
0
0
0
0
0
0
0
0
0
0
0
0
0
0
0
0
0
0
0
0
0
0
0
0
0
0
0
0
0
0
0
0
0
0
0
0
0
0
0
0
0
0
0
0
0
0
0
0
0
0
0
0
0
0
0
0
0
0
0
0
0
0
0
0
0
0
0
0
0
0
0
0
0
0
0
0
0
0
0
0
0
0
0
0
0
0
0
0
0
0
0
0
0
0
0
0
0
0
0
0
0
0
0
0
0
0
0
0
0
0
0
0
0
0
0
0
0
0
0
0
0
0
0
0
0
0
0
0
0
0
0
0
0
0
0
0
0
0
0
0
0
0
0
0
0
0
0
0
0
0
0
0
0
0
0
0
0
0
0
0
0
0
0
0
0
0
0
0
0
0
0
0
0
0
0
0
0
0
0
0
0
0
0
0
0
0
0
0
0
0
0
0
0
0
0
0
0
0
0
0
0
0
0
0
0
0
0
0
0
0
0
0
0
0
0
0
0
0
0
0
0
0
0
0
0
0
0
0
0
0
0
0
0
0
0
0
0
0
0
0
0
0
0
0
0
0
0
0
0
0
0
0
0
0
0
0
0
0
0
0
0
0
0
0
0
0
0
0
0
0
0
0
0
0
0
0
0
0
0
0
0
0
0
0
0
0
0
0
0
0
0
0
0
0
0
0
0
0
0
0
0
0
0
0
0
0
0
0
0
0
0
0
0
0
0
0
0
0
0
0
0
0
0
0
0
0
0
0
0
0
0
0
0
0
0
0
0
0
0
0
0
0
0
0
0
0
0
0
0
0
0
0
0
0
0
0
0
0
0
0
0
0
0
0
0
0
0
0
0
0
0
0
0
0
0
0
0
0
0
0
0
0
0
0
0
0
0
0
0
0
0
0
0
0
0
0
0
0
0
0
0
0
0
0
0
0
0
0
0
0
0
0
0
0
0
0
0
0
0
0
0
0
0
0
0
0
0
0
0
0
0
0
0
0
0
0
0
0
0
0
0
0
0
0
0
0
0
0
0
0
0
0
0
0
0
0
0
0
0
0
0
0
0
0
0
0
0
0
0
0
0
0
0
0
0
0
0
0
0
0
0
0
0
0
0
0
0
0
0
0
0
0
0
0
0
0
0
0
0
0
0
0
0
0
0
0
0
0
0
0
0
0
0
0
0
0
0
0
0
0
0
0
0
0
0
0
0
0
0
0
0
0
0
0
0
0
0
0
0
0
0
0
0
0
0
0
0
0
0
0
0
0
0
0
0
0
0
0
0
0
0
0
0
0
0
0
0
0
0
0
0
0
0
0
0
0
0
0
0
0
0
0
0
0
0
0
0
0
0
0
0
0
0
0
0
0
0
0
0
0
0
0
0
0
0
0
0
0
0
0
0
0
0
0
0
0
0
0
0
0
0
0
0
0
0
0
0
0
0
0
0
0
0
0
0
0
0
0
0
0
0
0
0
0
0
0
0
0
0
0
0
0
0
0
0
0
0
0
0
0
0
0
0
0
0
0
0
0
0
0
0
0
0
0
0
0
0
0
0
0
0
0
0
0
0
0
0
0
0
0
0
0
0
0
0
0
0
0
0
0
0
0
0
0
0
0
0
0
0
0
0
0
0
0
0
0
0
0
0
0
0
0
0
0
0
0
0
0
0
0
0
0
0
0
0
0
0
0
0
0
0
0
0
0
0
0
0
0
0
0
0
0
0
0
0
0
0
0
0
0
0
0
0
0
0
0
0
0
0
0
0
0
0
0
0
0
0
0
0
0
0
0
0
0
0
0
0
0
0
0
0
0
0
0
0
0
0
0
0
0
0
0
0
0
0
0
0
0
0
0
0
0
0
0
0
0
0
0
0
0
0
0
0
0
0
0
0
0
0
0
0
0
0
0
0
0
0
0
0
0
0
0
0
0
0
0
0
0
0
0
0
0
0
0
0
0
0
0
0
0
0
0
0
0
0
0
0
0
0
0
0
0
0
0
0
0
0
0
0
0
0
0
0
0
0
0
0
0
0
0
0
0
0
0
0
0
0
0
0
0
0
0
0
0
0
0
0
0
0
0
0
0
0
0
0
0
0
0
0
0
0
0
0
0
0
0
0
0
0
0
0
0
0
0
0
0
0
0
0
0
0
0
0
0
0
0
0
0
0
0
0
0
0
0
0
0
0
0
0
0
0
0
0
0
0
0
0
0
0
0
0
0
0
0
0
0
0
0
0
0
0
0
0
0
0
0
0
0
0
0
0
0
0
0
0
0
0
0
0
0
0
0
0
0
0
0
0
0
0
0
0
0
0
0
0
0
0
0
0
0
0
0
0
0
0
0
0
0
0
0
0
0
0
0
0
0
0
0
0
0
0
0
0
0
0
0
0
0
0
0
0
0
0
0
0
0
0
0
0
0
0
0
0
0
0
0
0
0
0
0
0
0
0
0
0
0
0
0
0
0
0
0
0
0
0
0
0
0
0
0
0
0
0
0
0
0
0
0
0
0
0
0
0
0
0
0
0
0
0
0
0
0
0
0
0
0
0
0
0
0
0
0
0
0
0
0
0
0
0
0
0
0
0
0
0
0
0
0
0
0
0
0
0
0
0
0
0
0
0
0
0
0
0
0
0
0
0
0
0
0
0
0
0
0
0
0
0
0
0
0
0
0
0
0
0
0
0
0
0
0
0
0
0
0
0
0
0
0
0
0
0
0
0
0
0
0
0
0
0
0
0
0
0
0
0
0
0
0
0
0
0
0
0
0
0
0
0
0
0
0
0
0
0
0
0
0
0
0
0
0
0
0
0
0
0
0
0
0
0
0
0
0
0
0
0
0
0
0
0
0
0
0
0
0
0
0
0
0
0
0
0
0
0
0
0
0
0
0
0
0
0
0
0
0
0
0
0
0
0
0
0
0
0
0
0
0
0
0
0
0
0
0
0
0
0
0
0
0
0
0
0
0
0
0
0
0
0
0
0
0
0
0
0
0
0
0
0
0
0
0
0
0
0
0
0
0
0
0
0
0
0
0
0
0
0
0
0
0
0
0
0
0
0
0
0
0
0
0
0
0
0
0
0
0
0
0
0
0
0
0
0
0
0
0
0
0
0
0
0
0
0
0
0
0
0
0
0
0
0
