int
0
0
0
2131
3842
0
0
2211
3872
3657
2050
2059
0
0
0
3848
2094
2203
0
3653
2083
2194
3844
2079
0
2179
2222
2075
2060
3593
2167
2090
2183
3651
2160
3619
2070
3587
2255
3625
2172
3882
2251
2247
2243
3878
2084
2239
2235
3621
2138
2064
2219
2215
2230
2207
2120
2199
2226
3589
2191
2187
2054
2171
2159
2155
2151
2147
2143
2135
2127
2119
2115
2111
2107
2103
6195
0
0
0
2131
2048
2173
0
2211
3874
2092
2083
2085
0
2079
2192
2167
3654
2061
2183
2220
2179
0
2075
3880
2161
3622
3651
3876
3619
2089
3595
2056
3626
3591
2069
2200
3587
2255
2251
2136
3841
3658
2247
2228
2243
2065
2239
2224
3850
2235
2121
2052
2219
2215
2207
3846
2199
2191
2187
2171
2159
2155
2151
2147
2143
2135
2127
2119
2115
2111
2107
2103
6195
0
0
0
2131
2048
2173
0
2211
3874
2092
2083
2085
0
2079
2192
2167
3626
2061
2183
2220
2179
0
2075
3880
2161
3658
3651
3876
3619
2089
3595
2056
3622
3591
2069
2200
3587
2255
2251
2136
3841
3654
2247
2228
2243
2065
2239
2224
3850
2235
2121
2052
2219
2215
2207
3846
2199
2191
2187
2171
2159
2155
2151
2147
2143
2135
2127
2119
2115
2111
2107
2103
6195
0
0
0
2131
2048
2173
0
2211
3874
2092
2083
2085
0
2079
2192
2167
3654
2061
2183
2220
2179
0
2075
3880
2161
3590
3651
3876
3627
2089
3623
2056
3594
3619
2069
2200
3587
2255
2251
2136
3841
3658
2247
2228
2243
2065
2239
2224
3850
2235
2121
2052
2219
2215
2207
3846
2199
2191
2187
2171
2159
2155
2151
2147
2143
2135
2127
2119
2115
2111
2107
2103
6195
0
0
0
0
2203
0
0
2172
2061
3879
3654
0
0
2139
0
2048
0
2089
2059
0
3658
0
2211
3616
0
0
2109
2231
0
0
3846
2096
2083
0
3881
2079
0
2192
2167
0
3874
2183
2053
2120
2179
0
2075
3651
3627
2220
3849
2106
3623
3595
2128
3591
2255
2251
3841
2092
2086
2247
2243
2239
2068
2235
3585
2219
2215
2224
2066
2207
2199
2191
2187
2171
2163
2159
2155
2151
2147
2143
2135
2127
2119
2115
6199
0
0
0
0
2203
0
0
0
2172
2061
3846
3879
0
0
0
2139
0
2048
0
2089
2059
3654
0
0
2211
0
3616
0
2231
2109
0
2083
3874
0
2079
2096
2167
0
3881
2183
0
2192
2179
3658
2075
3651
3627
2120
2053
3623
3595
3591
2255
2220
2106
2251
2247
3849
2128
2243
2239
2235
2219
2092
2086
2215
3841
2207
2068
2199
2191
2187
2171
2224
2066
3585
2163
2159
2155
2151
2147
2143
2135
2127
2119
2115
6199
0
0
0
2131
2048
2173
0
2211
3874
2092
2083
2085
0
2079
2192
2167
3594
2061
2183
2220
2179
0
2075
3880
2161
3658
3651
3876
3627
2089
3623
2056
3590
3619
2069
2200
3587
2255
2251
2136
3841
3654
2247
2228
2243
2065
2239
2224
3850
2235
2121
2052
2219
2215
2207
3846
2199
2191
2187
2171
2159
2155
2151
2147
2143
2135
2127
2119
2115
2111
2107
2103
6195
0
0
0
0
2203
0
0
0
2172
2061
3846
3879
0
0
0
2139
0
2048
0
2089
2059
3654
0
0
2211
0
3616
0
2231
2109
0
2083
3874
0
2079
2096
2167
0
3881
2183
0
2192
2179
3658
2075
3651
3627
2120
2053
3623
3595
3591
2255
2220
2106
2251
2247
3849
2128
2243
2239
2235
2219
2092
2086
2215
3841
2207
2068
2199
2191
2187
2171
2224
2066
3585
2163
2159
2155
2151
2147
2143
2135
2127
2119
2115
6199
0
0
0
0
2203
0
0
2172
2061
3879
3658
0
0
2139
0
2048
0
2089
2059
0
3654
0
2211
3616
0
0
2109
2231
0
0
3846
2096
2083
0
3881
2079
0
2192
2167
0
3874
2183
2053
2120
2179
0
2075
3651
3627
2220
3849
2106
3623
3595
2128
3591
2255
2251
3841
2092
2086
2247
2243
2239
2068
2235
3585
2219
2215
2224
2066
2207
2199
2191
2187
2171
2163
2159
2155
2151
2147
2143
2135
2127
2119
2115
6199
0
0
0
2131
2048
2173
0
2211
3874
2092
2083
2085
0
2079
2192
2167
3590
2061
2183
2220
2179
0
2075
3880
2161
3622
3659
3876
3655
2089
3651
2056
3626
3619
2069
2200
3587
2255
2251
2136
3841
3594
2247
2228
2243
2065
2239
2224
3850
2235
2121
2052
2219
2215
2207
3846
2199
2191
2187
2171
2159
2155
2151
2147
2143
2135
2127
2119
2115
2111
2107
2103
6195
0
0
0
0
2067
0
0
3648
2093
3883
3622
0
0
2203
0
2048
0
2113
2055
0
3850
0
2131
2160
0
0
2069
2227
0
0
3626
2100
2079
0
3585
2083
0
2192
2167
0
3874
2183
3877
2120
2179
0
2075
3659
3655
2220
3845
2106
3619
3595
2136
3591
2255
2251
3841
2208
2086
2247
2243
2239
2228
2235
2173
2219
2215
2088
2062
2207
2199
2191
2057
2187
2171
2159
2155
2151
2147
2143
2135
2127
2119
2111
6195
0
0
0
0
2231
0
0
0
2056
2093
3622
2091
0
0
0
0
2067
3648
0
2113
3883
3626
0
0
2203
0
2048
0
2055
2069
0
0
3874
2131
0
2160
0
2227
3585
0
2079
0
0
3850
2100
2083
0
3877
2167
0
2192
2183
0
2106
2179
0
2120
3845
2075
3659
3655
3619
2220
2086
3595
3591
3841
2136
2255
2251
2247
2243
2208
2062
2239
2173
2235
2219
2215
2207
2199
2191
2187
2171
2159
2155
2151
2147
2143
2135
2127
2119
2111
6195
0
0
0
0
2223
0
0
2100
2065
2139
3590
0
0
0
2123
2096
0
2093
0
2211
3846
0
0
3648
2131
0
2113
0
0
2203
3594
2052
0
0
2051
2161
0
2079
0
2056
3874
2083
0
2075
2109
2060
2183
0
2179
0
3850
2084
3881
2167
3659
3655
3840
3627
3623
2090
3877
2192
3587
2255
2251
2247
2228
2243
3617
2070
2239
2224
2235
2219
2215
2207
2199
2191
2187
2175
2171
2159
2155
2151
2147
2143
2135
2127
2119
6203
0
0
0
0
0
0
2195
0
0
0
2096
2093
2090
2123
0
0
0
0
0
0
2223
3648
3881
0
2086
2231
0
0
0
0
2227
0
2056
3877
0
2203
2070
0
0
0
2139
0
0
2052
3873
2211
0
0
2110
0
2131
0
0
2083
3616
3849
2079
0
2179
0
2106
2235
0
2167
0
2048
3845
2075
0
2183
3659
3655
2066
3627
3623
3595
2112
3841
3591
2255
2251
2247
2243
2239
2062
2219
2215
3584
2101
2207
2199
2191
2187
2175
2171
2163
2159
2155
2151
2147
2143
2135
2127
6215
0
0
0
0
0
0
2195
0
0
0
0
2096
2093
2090
2123
0
0
0
0
0
0
2223
0
3648
3881
0
2086
2231
0
0
0
0
2227
0
0
2056
3877
2203
0
2070
0
0
2139
0
0
0
0
2052
3873
2211
0
0
2110
0
2131
0
0
2083
0
3616
3849
2079
0
2179
0
2106
2167
0
2191
0
2075
2048
3845
2235
0
2219
0
2183
2066
3659
3655
3627
3623
2112
3841
3595
3591
2255
2251
2247
2243
2062
2239
2215
2207
3584
2101
2199
2187
2175
2171
2163
2159
2155
2151
2147
2143
2135
2127
6215
0
0
0
0
2223
0
0
0
2100
2065
3590
2139
0
0
0
0
2123
2096
0
2093
0
3594
2211
0
0
0
3648
2131
0
2113
0
0
3874
2203
0
2052
0
0
2051
2161
0
2079
0
3850
2056
2083
0
2075
0
2109
2060
2183
0
2179
3846
2167
2084
3659
3881
3655
3627
3840
3623
3587
2090
2255
2192
3877
2251
2247
2243
2228
2239
2235
2070
2219
2224
3617
2215
2207
2199
2191
2187
2175
2171
2159
2155
2151
2147
2143
2135
2127
2119
6203
0
0
0
0
0
0
2195
0
0
0
0
2096
2093
2090
2123
0
0
0
0
0
0
2223
0
3648
3881
0
2086
2231
0
0
0
0
2227
0
0
2056
3877
2203
0
2070
0
0
2139
0
0
0
0
2052
3873
2211
0
0
2110
0
2131
0
0
2083
0
3616
3849
2079
0
2179
0
2106
2235
0
2167
0
2075
2048
3845
2183
3659
3655
3627
3623
2066
3595
3591
2255
2251
2112
3841
2247
2243
2239
2219
2215
2207
2062
2199
2191
2187
3584
2101
2175
2171
2163
2159
2155
2151
2147
2143
2135
2127
6215
0
0
0
0
0
0
2195
0
0
0
0
2096
2093
2090
2123
0
0
0
0
0
0
2223
0
3648
3881
0
2086
2231
0
0
0
0
2227
0
0
2056
3877
2203
0
2070
0
0
2139
0
0
0
0
2052
3873
2211
0
0
2110
0
2131
0
0
2083
0
3616
3849
2079
0
2179
0
2106
2235
0
2167
0
2075
2048
3845
2183
3659
3655
3627
3623
2066
3595
3591
2255
2251
2112
3841
2247
2243
2239
2219
2215
2207
2062
2199
2191
2187
3584
2101
2175
2171
2163
2159
2155
2151
2147
2143
2135
2127
6215
0
0
0
2131
2048
2173
0
2211
3874
2092
2083
2085
0
2079
2192
2167
3626
2061
2183
2220
2179
0
2075
3880
2161
3594
3659
3876
3655
2089
3651
2056
3622
3619
2069
2200
3587
2255
2251
2136
3841
3590
2247
2228
2243
2065
2239
2224
3850
2235
2121
2052
2219
2215
2207
3846
2199
2191
2187
2171
2159
2155
2151
2147
2143
2135
2127
2119
2115
2111
2107
2103
6195
0
0
0
0
2231
0
0
0
2056
2093
3622
2091
0
0
0
0
2067
3648
0
2113
3883
3626
0
0
2203
0
2048
0
2055
2069
0
0
3874
2131
0
2160
0
2227
3585
0
2079
0
0
3850
2100
2083
0
3877
2167
0
2192
2183
0
2106
2179
0
2120
3845
2075
3659
3655
3619
2220
2086
3595
3591
3841
2136
2255
2251
2247
2243
2208
2062
2239
2173
2235
2219
2215
2207
2199
2191
2187
2171
2159
2155
2151
2147
2143
2135
2127
2119
2111
6195
0
0
0
0
2067
0
0
3648
2093
3883
3626
0
0
2203
0
2048
0
2113
2055
0
3850
0
2131
2160
0
0
2069
2227
0
0
3622
2100
2079
0
3585
2083
0
2192
2167
0
3874
2183
3877
2120
2179
0
2075
3659
3655
2220
3845
2106
3619
3595
2136
3591
2255
2251
3841
2208
2086
2247
2243
2239
2228
2235
2173
2219
2215
2088
2062
2207
2199
2191
2057
2187
2171
2159
2155
2151
2147
2143
2135
2127
2119
2111
6195
0
0
0
0
2223
0
0
0
2100
2065
3590
2139
0
0
0
0
2123
2096
0
2093
0
3594
2211
0
0
0
3648
2131
0
2113
0
0
3874
2203
0
2052
0
0
2051
2161
0
2079
0
3850
2056
2083
0
2075
0
2109
2060
2183
0
2179
3846
2167
2084
3659
3881
3655
3627
3840
3623
3587
2090
2255
2192
3877
2251
2247
2243
2228
2239
2235
2070
2219
2224
3617
2215
2207
2199
2191
2187
2175
2171
2159
2155
2151
2147
2143
2135
2127
2119
6203
0
0
0
0
0
0
2195
0
0
0
0
2096
2093
2090
2123
0
0
0
0
0
0
2223
0
3648
3881
0
2086
2231
0
0
0
0
2227
0
0
2056
3877
2203
0
2070
0
0
2139
0
0
0
0
2052
3873
2211
0
0
2110
0
2131
0
0
2083
0
3616
3849
2079
0
2179
0
2106
2235
0
2167
0
2075
2048
3845
2183
3659
3655
3627
3623
2066
3595
3591
2255
2251
2112
3841
2247
2243
2239
2219
2215
2207
2062
2199
2191
2187
3584
2101
2175
2171
2163
2159
2155
2151
2147
2143
2135
2127
6215
0
0
0
0
0
0
2195
0
0
0
0
2096
2093
2090
2123
0
0
0
0
0
0
2223
0
3648
3881
0
2086
2231
0
0
0
0
2227
0
0
2056
3877
2203
0
2070
0
0
2139
0
0
0
0
2052
3873
2211
0
0
2110
0
2131
0
0
2083
0
3616
3849
2079
0
2179
0
2106
2235
0
2167
0
2075
2048
3845
2183
3659
3655
3627
3623
2066
3595
3591
2255
2251
2112
3841
2247
2243
2239
2219
2215
2207
2062
2199
2191
2187
3584
2101
2175
2171
2163
2159
2155
2151
2147
2143
2135
2127
6215
0
0
0
0
2223
0
0
2100
2065
2139
3594
0
0
0
2123
2096
0
2093
0
2211
3846
0
0
3648
2131
0
2113
0
0
2203
3590
2052
0
0
2051
2161
0
2079
0
2056
3874
2083
0
2075
2109
2060
2183
0
2179
0
3850
2084
3881
2167
3659
3655
3840
3627
3623
2090
3877
2192
3587
2255
2251
2247
2228
2243
3617
2070
2239
2224
2235
2219
2215
2207
2199
2191
2187
2175
2171
2159
2155
2151
2147
2143
2135
2127
2119
6203
0
0
0
0
0
0
2195
0
0
0
0
2096
2093
2090
2123
0
0
0
0
0
0
2223
0
3648
3881
0
2086
2231
0
0
0
0
2227
0
0
2056
3877
2203
0
2070
0
0
2139
0
0
0
0
2052
3873
2211
0
0
2110
0
2131
0
0
2083
0
3616
3849
2079
0
2179
0
2106
2167
0
2191
0
2075
2048
3845
2235
0
2219
0
2183
2066
3659
3655
3627
3623
2112
3841
3595
3591
2255
2251
2247
2243
2062
2239
2215
2207
3584
2101
2199
2187
2175
2171
2163
2159
2155
2151
2147
2143
2135
2127
6215
0
0
0
0
0
0
2195
0
0
0
2096
2093
2090
2123
0
0
0
0
0
0
2223
3648
3881
0
2086
2231
0
0
0
0
2227
0
2056
3877
0
2203
2070
0
0
0
2139
0
0
2052
3873
2211
0
0
2110
0
2131
0
0
2083
3616
3849
2079
0
2179
0
2106
2235
0
2167
0
2048
3845
2075
0
2183
3659
3655
2066
3627
3623
3595
2112
3841
3591
2255
2251
2247
2243
2239
2062
2219
2215
3584
2101
2207
2199
2191
2187
2175
2171
2163
2159
2155
2151
2147
2143
2135
2127
6215
0
0
0
0
0
0
2195
0
0
0
2096
2093
2090
2123
0
0
0
0
0
0
2223
3648
3881
0
2086
2231
0
0
0
0
2227
0
2056
3877
0
2203
2070
0
0
0
2139
0
0
2052
3873
2211
0
0
2110
0
2131
0
0
2083
3616
3849
2079
0
2179
0
2106
2235
0
2167
0
2048
3845
2075
0
2183
3659
3655
2066
3627
3623
3595
2112
3841
3591
2255
2251
2247
2243
2239
2062
2219
2215
3584
2101
2207
2199
2191
2187
2175
2171
2163
2159
2155
2151
2147
2143
2135
2127
6215
0
0
0
0
0
0
0
0
0
0
0
0
0
0
0
0
0
0
0
0
0
0
0
0
0
0
0
0
0
0
0
0
0
0
0
0
0
0
0
0
0
0
0
0
0
0
0
0
0
0
0
0
0
0
0
0
0
0
0
0
0
0
0
0
0
0
0
0
0
0
0
0
0
0
0
0
0
0
0
0
0
0
0
0
0
0
0
0
0
0
0
0
0
0
0
0
0
0
0
0
0
0
0
0
0
0
0
0
0
0
0
0
0
0
0
0
0
0
0
0
0
0
0
0
0
0
0
0
0
0
0
0
0
0
0
0
0
0
0
0
0
0
0
0
0
0
0
0
0
0
0
0
0
0
0
0
0
0
0
0
0
0
0
0
0
0
0
0
0
0
0
0
0
0
0
0
0
0
0
0
0
0
0
0
0
0
0
0
0
0
0
0
0
0
0
0
0
0
0
0
0
0
0
0
0
0
0
0
0
0
0
0
0
0
0
0
0
0
0
0
0
0
0
0
0
0
0
0
0
0
0
0
0
0
0
0
0
0
0
0
0
0
0
0
0
0
0
0
0
0
0
0
0
0
0
0
0
0
0
0
0
0
0
0
0
0
0
0
0
0
0
0
0
0
0
0
0
0
0
0
0
0
0
0
0
0
0
0
0
0
0
0
0
0
0
0
0
0
0
0
0
0
0
0
0
0
0
0
0
0
0
0
0
0
0
0
0
0
0
0
0
0
0
0
0
0
0
0
0
0
0
0
0
0
0
0
0
0
0
0
0
0
0
0
0
0
0
0
0
0
0
0
0
0
0
0
0
0
0
0
0
0
0
0
0
0
0
0
0
0
0
0
0
0
0
0
0
0
0
0
0
0
0
0
0
0
0
0
0
0
0
0
0
0
0
0
0
0
0
0
0
0
0
0
0
0
0
0
0
0
0
0
0
0
0
0
0
0
0
0
0
0
0
0
0
0
0
0
0
0
0
0
0
0
0
0
0
0
0
0
0
0
0
0
0
0
0
0
0
0
0
0
0
0
0
0
0
0
0
0
0
0
0
0
0
0
0
0
0
0
0
0
0
0
0
0
0
0
0
0
0
0
0
0
0
0
0
0
0
0
0
0
0
0
0
0
0
0
0
0
0
0
0
0
0
0
0
0
0
0
0
0
0
0
0
0
0
0
0
0
0
0
0
0
0
0
0
0
0
0
0
0
0
0
0
0
0
0
0
0
0
0
0
0
0
0
0
0
0
0
0
0
0
0
0
0
0
0
0
0
0
0
0
0
0
0
0
0
0
0
0
0
0
0
0
0
0
0
0
0
0
0
0
0
0
0
0
0
0
0
0
0
0
0
0
0
0
0
0
0
0
0
0
0
0
0
0
0
0
0
0
0
0
0
0
0
0
0
0
0
0
0
0
0
0
0
0
0
0
0
0
0
0
0
0
0
0
0
0
0
0
0
0
0
0
0
0
0
0
0
0
0
0
0
0
0
0
0
0
0
0
0
0
0
0
0
0
0
0
0
0
0
0
0
0
0
0
0
0
0
0
0
0
0
0
0
0
0
0
0
0
0
0
0
0
0
0
0
0
0
0
0
0
0
0
0
0
0
0
0
0
0
0
0
0
0
0
0
0
0
0
0
0
0
0
0
0
0
0
0
0
0
0
0
0
0
0
0
0
0
0
0
0
0
0
0
0
0
0
0
0
0
0
0
0
0
0
0
0
0
0
0
0
0
0
0
0
0
0
0
0
0
0
0
0
0
0
0
0
0
0
0
0
0
0
0
0
0
0
0
0
0
0
0
0
0
0
0
0
0
0
0
0
0
0
0
0
0
0
0
0
0
0
0
0
0
0
0
0
0
0
0
0
0
0
0
0
0
0
0
0
0
0
0
0
0
0
0
0
0
0
0
0
0
0
0
0
0
0
0
0
0
0
0
0
0
0
0
0
0
0
0
0
0
0
0
0
0
0
0
0
0
0
0
0
0
0
0
0
0
0
0
0
0
0
0
0
0
0
0
0
0
0
0
0
0
0
0
0
0
0
0
0
0
0
0
0
0
0
0
0
0
0
0
0
0
0
0
0
0
0
0
0
0
0
0
0
0
0
0
0
0
0
0
0
0
0
0
0
0
0
0
0
0
0
0
0
0
0
0
0
0
0
0
0
0
0
0
0
0
0
0
0
0
0
0
0
0
0
0
0
0
0
0
0
0
0
0
0
0
0
0
0
0
0
0
0
0
0
0
0
0
0
0
0
0
0
0
0
0
0
0
0
0
0
0
0
0
0
0
0
0
0
0
0
0
0
0
0
0
0
0
0
0
0
0
0
0
0
0
0
0
0
0
0
0
0
0
0
0
0
0
0
0
0
0
0
0
0
0
0
0
0
0
0
0
0
0
0
0
0
0
0
0
0
0
0
0
0
0
0
0
0
0
0
0
0
0
0
0
0
0
0
0
0
0
0
0
0
0
0
0
0
0
0
0
0
0
0
0
0
0
0
0
0
0
0
0
0
0
0
0
0
0
0
0
0
0
0
0
0
0
0
0
0
0
0
0
0
0
0
0
0
0
0
0
0
0
0
0
0
0
0
0
0
0
0
0
0
0
0
0
0
0
0
0
0
0
0
0
0
0
0
0
0
0
0
0
0
0
0
0
0
0
0
0
0
0
0
0
0
0
0
0
0
0
0
0
0
0
0
0
0
0
0
0
0
0
0
0
0
0
0
0
0
0
0
0
0
0
0
0
0
0
0
0
0
0
0
0
0
0
0
0
0
0
0
0
0
0
0
0
0
0
0
0
0
0
0
0
0
0
0
0
0
0
0
0
0
0
0
0
0
0
0
0
0
0
0
0
0
0
0
0
0
0
0
0
0
0
0
0
0
0
0
0
0
0
0
0
0
0
0
0
0
0
0
0
0
0
0
0
0
0
0
0
0
0
0
0
0
0
0
0
0
0
0
0
0
0
0
0
0
0
0
0
0
0
0
0
0
0
0
0
0
0
0
0
0
0
0
0
0
0
0
0
0
0
0
0
0
0
0
0
0
0
0
0
0
0
0
0
0
0
0
0
0
0
0
0
0
0
0
0
0
0
0
0
0
0
0
0
0
0
0
0
0
0
0
0
0
0
0
0
0
0
0
0
0
0
0
0
0
0
0
0
0
0
0
0
0
0
0
0
0
0
0
0
0
0
0
0
0
0
0
0
0
0
0
0
0
0
0
0
0
0
0
0
0
0
0
0
0
0
0
0
0
0
0
0
0
0
0
0
0
0
0
0
0
0
0
0
0
0
0
0
0
0
0
0
0
0
0
0
0
0
0
0
0
0
0
0
0
0
0
0
0
0
0
0
0
0
0
0
0
0
0
0
0
0
0
0
0
0
0
0
0
0
0
0
0
0
0
0
0
0
0
0
0
0
0
0
0
0
0
0
0
0
0
0
0
0
0
0
0
0
0
0
0
0
0
0
0
0
0
0
0
0
0
