int
0
2055
0
3844
2051
0
3653
3840
3622
2115
0
2076
2063
3593
2056
3590
3651
2084
3619
2080
3625
2072
3658
3587
2119
2111
2107
2103
2099
2095
2091
2071
6163
0
2051
2056
3841
2115
2084
3622
2060
3657
2080
3651
2072
2077
3588
3654
2052
3625
3619
3846
3595
3587
2119
2111
2107
2103
2099
2095
2091
2071
6163
0
2051
2056
3841
2115
2084
3658
2060
3653
2080
3651
3592
2077
2072
3626
2052
3621
3619
3846
3591
3587
2119
2111
2107
2103
2099
2095
2091
2071
6163
0
2051
2056
3841
2115
2084
3590
2060
3657
2080
3651
3620
3593
2072
3654
2052
2077
3627
3846
3619
3587
2119
2111
2107
2103
2099
2095
2091
2071
6163
0
3591
0
2063
3616
3657
3623
3654
2115
2064
2053
3651
2072
3846
3627
2084
3585
3595
2080
3842
2119
2056
2049
2111
2107
2103
2099
2095
2091
2079
6167
0
0
2083
0
0
2059
3592
2065
3846
2075
0
0
2087
2048
2061
2115
3842
3651
3627
3591
3584
3621
2119
2111
3658
2107
2103
2052
3617
2099
2095
2091
3654
2079
6167
0
2051
2056
3841
2115
2084
3658
2060
3653
3624
3651
2080
3589
2072
3594
2052
2077
3623
3846
3619
3587
2119
2111
2107
2103
2099
2095
2091
2071
6163
0
0
2083
0
0
2059
2048
2065
3846
2075
0
0
2087
3588
3625
2115
3842
3651
3623
3595
3584
2061
2119
2111
3658
2107
2103
2052
3617
2099
2095
2091
3654
2079
6167
0
2115
0
3627
3616
3653
2063
3658
3595
2064
2053
3651
2072
3846
3623
2084
3585
3591
2080
3842
2119
2056
2049
2111
2107
2103
2099
2095
2091
2079
6167
0
2051
2056
3841
2115
2084
3622
2060
3625
3652
3659
2080
2077
2072
3590
2052
3593
3651
3846
3619
3587
2119
2111
2107
2103
2099
2095
2091
2071
6163
0
2115
0
3655
2068
3841
2083
3622
2055
2056
2049
3591
0
2076
3846
3585
2063
2084
3659
3619
2072
3649
3626
3595
2119
2111
2107
2103
2099
2095
2091
6163
0
0
0
0
2079
0
3592
2049
3846
2087
0
0
2075
2056
3653
2055
3626
2115
0
2083
3584
3649
3659
3619
3622
3591
2119
2068
2061
2111
2107
3842
2103
2099
2095
2091
6163
0
2063
0
2051
3616
2057
3659
3590
2076
3627
2069
3587
2084
3594
2119
2080
3649
2112
2111
3652
3842
2072
2065
3620
2107
3846
2103
2053
2099
2095
6187
0
2115
0
3623
0
2095
2068
3649
3846
3591
3659
3627
3584
3595
2057
3842
2084
2119
2111
2107
2072
2053
2066
2080
2103
2060
2099
3652
3617
2050
2091
6175
0
0
0
0
0
0
0
0
2064
3593
3650
3847
0
0
0
0
0
2060
2049
2054
3843
2072
0
0
0
2084
0
3585
2080
3622
2116
2059
2112
0
2092
3656
3624
3588
2108
2104
2100
2096
2088
2076
2069
3618
7751
0
0
0
2087
0
0
3616
2069
3590
2083
0
2051
0
2060
3653
2115
3842
2075
3659
3623
2056
3649
3587
2119
3594
2111
2107
2052
3625
2103
2099
3846
2076
2095
2091
6161
0
0
0
0
0
0
0
0
2064
2049
3650
3847
0
0
0
0
0
2060
3589
3626
3843
2072
0
0
0
2084
0
3585
2080
2054
2112
2059
2092
3656
3620
3592
2116
2108
2104
2100
2096
2088
2076
2069
3618
7751
0
0
0
0
0
0
0
0
2064
3593
3650
3847
0
0
0
0
0
2060
2049
3626
3843
2072
0
0
0
2084
0
3585
2080
2054
2112
2059
2092
3656
3620
3588
2116
2108
2104
2100
2096
2088
2076
2069
3618
7751
0
2051
2056
3841
2115
2084
3594
3656
3621
2060
3655
2080
2077
2072
3626
2052
3589
3651
3846
3619
3587
2119
2111
2107
2103
2099
2095
2091
2071
6163
0
0
0
0
2079
0
2056
3657
3846
2087
0
0
2075
3588
2049
2055
3626
2115
0
2083
3584
3649
3655
3619
3622
3595
2119
2068
2061
2111
2107
3842
2103
2099
2095
2091
6163
0
3659
0
2115
2068
3841
2083
3626
3595
2056
2049
2055
0
2076
3846
3585
2063
2084
3655
3619
2072
3649
3622
3591
2119
2111
2107
2103
2099
2095
2091
6163
0
0
0
2087
0
0
3616
3657
3590
2083
0
2051
0
2060
2069
2115
3842
2075
3655
3627
2056
3649
3587
2119
3594
2111
2107
2052
2065
2103
2099
3846
2076
2095
2091
7717
0
0
0
0
0
0
0
0
2064
2049
3650
3847
0
0
0
0
0
2060
3589
2054
3843
2072
0
0
0
2084
0
3585
2080
3622
2112
3659
2092
3652
3624
3592
2116
2108
2104
2100
2096
2088
2076
2069
3618
6155
0
0
0
0
0
0
0
0
2064
3593
3650
3847
0
0
0
0
0
2060
2049
2054
3843
2072
0
0
0
2084
0
3585
2080
3622
2112
3659
2092
3652
3624
3588
2116
2108
2104
2100
2096
2088
2076
2069
3618
6155
0
2063
0
2051
3616
2057
3655
3594
2076
3623
2069
3587
2084
3590
2119
2080
3649
3656
2111
2112
3842
3624
2065
2072
2107
3846
2103
2053
2099
2095
6187
0
0
0
0
0
0
0
0
2064
2049
3650
3847
0
0
0
0
0
2060
3589
3626
3843
2072
0
0
0
2084
0
3585
2080
2054
2116
3659
2112
0
2092
3652
3620
3592
2108
2104
2100
2096
2088
2076
2069
3618
6155
0
3627
0
2115
0
3595
2068
3649
3846
2095
3655
3623
3584
3591
2057
3842
2084
2119
2111
2107
2072
2053
2066
2080
2103
3656
2099
2060
3617
2050
2091
6175
3659
3655
3627
3623
3595
3591
2068
3649
3846
2119
2111
2107
3584
2103
2057
3842
2084
2099
2091
2079
2072
2053
2066
2080
2063
2092
0
2112
3617
6146
0
2115
0
3623
0
2095
2068
3649
3846
3591
3659
3627
3584
3595
2057
3842
2084
2119
2111
2107
2072
2053
2066
2080
2103
2060
2099
3652
3617
2050
2091
6175
0
0
0
0
0
0
0
0
2064
3593
3650
3847
0
0
0
0
0
2060
2049
2054
3843
2072
0
0
0
2084
0
3585
2080
3622
2116
2059
2112
0
2092
3656
3624
3588
2108
2104
2100
2096
2088
2076
2069
3618
7751
0
0
0
0
0
0
0
0
2064
2049
3650
3847
0
0
0
0
0
2060
3589
3626
3843
2072
0
0
0
2084
0
3585
2080
2054
2112
2059
2092
3656
3620
3592
2116
2108
2104
2100
2096
2088
2076
2069
3618
7751
0
0
0
0
0
0
0
0
2064
3593
3650
3847
0
0
0
0
0
2060
2049
3626
3843
2072
0
0
0
2084
0
3585
2080
2054
2112
2059
2092
3656
3620
3588
2116
2108
2104
2100
2096
2088
2076
2069
3618
7751
0
0
0
0
0
0
0
0
2064
2049
3650
3847
0
0
0
0
0
2060
3589
2054
3843
2072
0
0
0
2084
0
3585
2080
3622
2112
3659
2092
3652
3624
3592
2116
2108
2104
2100
2096
2088
2076
2069
3618
6155
0
0
0
0
0
0
0
0
2064
3593
3650
3847
0
0
0
0
0
2060
2049
2054
3843
2072
0
0
0
2084
0
3585
2080
3622
2112
3659
2092
3652
3624
3588
2116
2108
2104
2100
2096
2088
2076
2069
3618
6155
0
0
0
0
0
0
0
0
2064
2049
3650
3847
0
0
0
0
0
2060
3589
3626
3843
2072
0
0
0
2084
0
3585
2080
2054
2116
3659
2112
0
2092
3652
3620
3592
2108
2104
2100
2096
2088
2076
2069
3618
6155
0
3627
0
2115
0
3595
2068
3649
3846
2095
3655
3623
3584
3591
2057
3842
2084
2119
2111
2107
2072
2053
2066
2080
2103
3656
2099
2060
3617
2050
2091
6175
3659
3655
3627
3623
3595
3591
2068
3649
3846
2119
2111
2107
3584
2103
2057
3842
2084
2099
2091
2079
2072
2053
2066
2080
2063
2092
0
2112
3617
6146
0
0
0
0
0
0
0
0
0
0
0
0
0
0
0
0
0
0
0
0
0
0
0
0
0
0
0
0
0
0
0
0
0
0
0
0
0
0
0
0
0
0
0
0
0
0
0
0
0
0
0
0
0
0
0
0
0
0
0
0
0
0
0
0
0
0
0
0
0
0
0
0
0
0
0
0
0
0
0
0
0
0
0
0
0
0
0
0
0
0
0
0
0
0
0
0
0
0
0
0
0
0
0
0
0
0
0
0
0
0
0
0
0
0
0
0
0
0
0
0
0
0
0
0
0
0
0
0
0
0
0
0
0
0
0
0
0
0
0
0
0
0
0
0
0
0
0
0
0
0
0
0
0
0
0
0
0
0
0
0
0
0
0
0
0
0
0
0
0
0
0
0
0
0
0
0
0
0
0
0
0
0
0
0
0
0
0
0
0
0
0
0
0
0
0
0
0
0
0
0
0
0
0
0
0
0
0
0
0
0
0
0
0
0
0
0
0
0
0
0
0
0
0
0
0
0
0
0
0
0
0
0
0
0
0
0
0
0
0
0
0
0
0
0
0
0
0
0
0
0
0
0
0
0
0
0
0
0
0
0
0
0
0
0
0
0
0
0
0
0
0
0
0
0
0
0
0
0
0
0
0
0
0
0
0
0
0
0
0
0
0
0
0
0
0
0
0
0
0
0
0
0
0
0
0
0
0
0
0
0
0
0
0
0
0
0
0
0
0
0
0
0
0
0
0
0
0
0
0
0
0
0
0
0
0
0
0
0
0
0
0
0
0
0
0
0
0
0
0
0
0
0
0
0
0
0
0
0
0
0
0
0
0
0
0
0
0
0
0
0
0
0
0
0
0
0
0
0
0
0
0
0
0
0
0
0
0
0
0
0
0
0
0
0
0
0
0
0
0
0
0
0
0
0
0
0
0
0
0
0
0
0
0
0
0
0
0
0
0
0
0
0
0
0
0
0
0
0
0
0
0
0
0
0
0
0
0
0
0
0
0
0
0
0
0
0
0
0
0
0
0
0
0
0
0
0
0
0
0
0
0
0
0
0
0
0
0
0
0
0
0
0
0
0
0
0
0
0
0
0
0
0
0
0
0
0
0
0
0
0
0
0
0
0
0
0
0
0
0
0
0
0
0
0
0
0
0
0
0
0
0
0
0
0
0
0
0
0
0
0
0
0
0
0
0
0
0
0
0
0
0
0
0
0
0
0
0
0
0
0
0
0
0
0
0
0
0
0
0
0
0
0
0
0
0
0
0
0
0
0
0
0
0
0
0
0
0
0
0
0
0
0
0
0
0
0
0
0
0
0
0
0
0
0
0
0
0
0
0
0
0
0
0
0
0
0
0
0
0
0
0
0
0
0
0
0
0
0
0
0
0
0
0
0
0
0
0
0
0
0
0
0
0
0
0
0
0
0
0
0
0
0
0
0
0
0
0
0
0
0
0
0
0
0
0
0
0
0
0
0
0
0
0
0
0
0
0
0
0
0
0
0
0
0
0
0
0
0
0
0
0
0
0
0
0
0
0
0
0
0
0
0
0
0
0
0
0
0
0
0
0
0
0
0
0
0
0
0
0
0
0
0
0
0
0
0
0
0
0
0
0
0
0
0
0
0
0
0
0
0
0
0
0
0
0
0
0
0
0
0
0
0
0
0
0
0
0
0
0
0
0
0
0
0
0
0
0
0
0
0
0
0
0
0
0
0
0
0
0
0
0
0
0
0
0
0
0
0
0
0
0
0
0
0
0
0
0
0
0
0
0
0
0
0
0
0
0
0
0
0
0
0
0
0
0
0
0
0
0
0
0
0
0
0
0
0
0
0
0
0
0
0
0
0
0
0
0
0
0
0
0
0
0
0
0
0
0
0
0
0
0
0
0
0
0
0
0
0
0
0
0
0
0
0
0
0
0
0
0
0
0
0
0
0
0
0
0
0
0
0
0
0
0
0
0
0
0
0
0
0
0
0
0
0
0
0
0
0
0
0
0
0
0
0
0
0
0
0
0
0
0
0
0
0
0
0
0
0
0
0
0
0
0
0
0
0
0
0
0
0
0
0
0
0
0
0
0
0
0
0
0
0
0
0
0
0
0
0
0
0
0
0
0
0
0
0
0
0
0
0
0
0
0
0
0
0
0
0
0
0
0
0
0
0
0
0
0
0
0
0
0
0
0
0
0
0
0
0
0
0
0
0
0
0
0
0
0
0
0
0
0
0
0
0
0
0
0
0
0
0
0
0
0
0
0
0
0
0
0
0
0
0
0
0
0
0
0
0
0
0
0
0
0
0
0
0
0
0
0
0
0
0
0
0
0
0
0
0
0
0
0
0
0
0
0
0
0
0
0
0
0
0
0
0
0
0
0
0
0
0
0
0
0
0
0
0
0
0
0
0
0
0
0
0
0
0
0
0
0
0
0
0
0
0
0
0
0
0
0
0
0
0
0
0
0
0
0
0
0
0
0
0
0
0
0
0
0
0
0
0
0
0
0
0
0
0
0
0
0
0
0
0
0
0
0
0
0
0
0
0
0
0
0
0
0
0
0
0
0
0
0
0
0
0
0
0
0
0
0
0
0
0
0
0
0
0
0
0
0
0
0
0
0
0
0
0
0
0
0
0
0
0
0
0
0
0
0
0
0
0
0
0
0
0
0
0
0
0
0
0
0
0
0
0
0
0
0
0
0
0
0
0
0
0
0
0
0
0
0
0
0
0
0
0
0
0
0
0
0
0
0
0
0
0
0
0
0
0
0
0
0
0
0
0
0
0
0
0
0
0
0
0
0
0
0
0
0
0
0
0
0
0
0
0
0
0
0
0
0
0
0
0
0
0
0
0
0
0
0
0
0
0
0
0
0
0
0
0
0
0
0
0
0
0
0
0
0
0
0
0
0
0
0
0
0
0
0
0
0
0
0
0
0
0
0
0
0
0
0
0
0
0
0
0
0
0
0
0
0
0
0
0
0
0
0
0
0
0
0
0
0
0
0
0
0
0
0
0
0
0
0
0
0
0
0
0
0
0
0
0
0
0
0
0
0
0
0
0
0
0
0
0
0
0
0
0
0
0
0
0
0
0
0
0
0
0
0
0
0
0
0
0
0
0
0
0
0
0
0
0
0
0
0
0
0
0
0
0
0
0
0
0
0
0
0
0
0
0
0
0
0
0
0
0
0
0
0
0
0
0
0
0
0
0
0
0
0
0
0
0
0
0
0
0
0
0
0
0
0
0
0
0
0
0
0
0
0
0
0
0
0
0
0
0
0
0
0
0
0
0
0
0
0
0
0
0
0
0
0
0
0
0
0
0
0
0
0
0
0
0
0
0
0
0
0
0
0
0
0
0
0
0
0
0
0
0
0
0
0
0
0
0
0
0
0
0
0
0
0
0
0
0
0
0
0
0
0
0
0
0
0
0
0
0
0
0
0
0
0
0
0
0
0
0
0
0
0
0
0
0
0
0
0
0
0
0
0
0
0
0
0
0
0
0
0
0
0
0
0
0
0
0
0
0
0
0
0
0
0
0
0
0
0
0
0
0
0
0
0
0
0
0
0
0
0
0
0
0
0
0
0
0
0
0
0
0
0
0
0
0
0
0
0
0
0
0
0
0
0
0
0
0
0
0
0
0
0
0
0
0
0
0
0
0
0
0
0
0
0
0
0
0
0
0
0
0
0
0
0
0
0
0
0
0
0
0
0
0
0
0
0
0
0
0
0
0
0
0
0
0
0
0
0
0
0
0
0
0
0
0
0
0
0
0
0
0
0
0
0
0
0
0
0
0
0
0
0
0
0
0
0
0
0
0
0
0
0
0
0
0
0
0
0
0
0
0
0
0
0
0
0
0
0
0
0
0
0
0
0
0
0
0
0
0
0
0
0
0
0
0
0
0
0
0
0
0
0
0
0
0
0
0
0
0
0
0
0
0
0
0
0
0
0
0
0
0
0
0
0
0
0
0
0
0
0
0
0
0
0
0
0
0
0
0
0
0
0
0
0
0
0
0
0
0
0
0
0
0
0
0
0
0
0
0
0
0
0
0
0
0
0
0
0
0
0
0
0
0
0
0
0
0
0
0
0
0
0
0
0
0
0
0
0
0
0
0
0
0
0
0
0
0
0
0
0
0
0
0
0
0
0
0
0
0
0
0
0
0
0
0
0
0
0
0
0
0
0
0
0
0
0
0
0
0
0
0
0
0
0
0
0
0
0
0
0
0
0
0
0
0
0
0
0
0
0
0
0
0
0
0
0
0
0
0
0
0
0
0
0
0
0
0
0
0
0
0
0
0
0
0
0
0
0
0
0
0
0
0
0
0
0
0
0
0
0
0
0
0
0
0
0
0
0
0
0
0
0
0
0
0
0
0
0
0
0
0
0
0
0
0
0
0
0
0
0
0
0
0
0
0
0
0
0
0
0
0
0
0
0
0
0
0
0
0
0
0
0
0
0
0
0
0
0
0
0
0
0
0
0
0
0
0
0
0
0
0
0
0
0
0
0
0
0
0
0
0
0
0
0
0
0
0
0
0
0
0
0
0
0
0
0
0
0
0
0
0
0
0
0
0
0
0
0
0
0
0
0
0
0
0
0
0
0
0
0
0
0
0
0
0
0
0
0
0
0
0
0
0
0
0
0
0
0
0
0
0
0
0
0
0
0
0
0
0
0
0
0
0
0
0
0
0
0
0
0
0
0
0
0
0
0
0
0
0
0
0
0
0
0
0
0
0
0
0
0
0
0
0
0
0
0
0
0
0
0
0
0
0
0
0
0
0
0
0
0
0
0
0
0
0
0
0
0
0
0
0
0
0
0
0
0
0
0
0
0
0
0
0
0
0
0
0
0
0
0
0
0
0
0
0
0
0
0
0
0
0
0
0
0
0
0
0
0
0
0
0
0
0
0
0
0
0
0
0
0
0
0
0
0
0
0
0
0
0
0
0
0
0
0
0
0
0
0
0
0
0
0
0
0
0
0
0
0
0
0
0
0
0
0
0
0
0
0
0
0
0
0
0
0
0
0
0
0
0
0
0
0
0
0
0
0
0
0
0
0
0
0
0
0
0
0
0
0
0
0
0
0
0
0
0
0
0
0
0
0
0
0
0
0
0
0
0
0
0
0
0
0
0
0
0
0
0
0
0
0
0
0
0
0
0
0
0
0
0
0
0
0
0
0
0
0
0
0
0
0
0
0
0
0
0
0
0
0
0
0
0
0
0
0
0
0
0
0
0
0
0
0
0
0
0
0
0
0
0
0
0
0
0
0
0
0
0
0
0
0
0
0
0
0
0
0
0
0
0
0
0
0
0
0
0
0
0
0
0
0
0
0
0
0
0
0
0
0
0
0
0
0
0
0
0
0
0
0
0
0
0
0
0
0
0
0
0
0
0
0
0
0
0
0
0
0
0
0
0
0
0
0
0
0
0
0
0
0
0
0
0
0
0
0
0
0
0
0
0
0
0
0
0
0
0
0
0
0
0
0
0
0
0
0
0
0
0
0
0
0
0
0
0
0
0
0
0
0
0
0
0
0
0
0
0
0
0
0
0
0
0
0
0
0
0
0
0
0
0
0
0
0
0
0
0
0
0
0
0
0
0
0
0
0
0
0
0
0
0
0
0
0
0
0
0
0
0
0
0
0
0
0
0
0
0
0
0
0
0
0
0
0
0
0
0
0
0
0
0
0
0
0
0
0
0
0
0
0
0
0
0
0
0
0
0
0
0
0
0
0
0
0
0
0
0
0
0
0
0
0
0
0
0
0
0
0
0
0
0
0
0
0
0
0
0
0
0
0
0
0
0
0
0
0
0
0
0
0
0
0
0
0
0
0
0
0
0
0
0
0
0
0
0
0
0
0
0
0
0
0
0
0
0
0
0
0
0
0
0
0
0
0
0
0
0
0
0
0
0
0
0
0
0
0
0
0
0
0
0
0
0
0
0
0
0
0
0
0
0
0
0
0
0
0
0
0
0
0
0
0
0
0
0
0
0
0
0
0
0
0
0
0
0
0
0
0
0
0
0
0
0
0
0
0
0
0
0
0
0
0
0
0
0
0
0
0
0
0
0
0
0
0
0
0
0
0
0
0
0
0
0
0
0
0
0
0
0
0
0
0
0
0
0
0
0
0
0
0
0
0
0
0
0
0
0
0
0
0
0
0
0
0
0
0
0
0
0
0
0
0
