int
0
2203
0
2199
0
2195
0
2080
2191
2049
2126
2187
0
2183
0
2076
2179
0
2175
2133
2122
2171
0
2072
2167
0
2163
0
2071
2129
2232
2118
2247
0
2240
2239
2315
3928
2101
2311
3924
2114
2307
3920
2303
2299
2144
2097
2295
2140
2291
2110
2136
2287
2283
2212
2093
2279
2208
2275
2064
2106
2148
2271
2220
2089
2216
2267
2204
2263
2259
2054
2255
2085
2251
2231
2227
2159
2155
2063
6155
0
0
0
2271
0
0
3931
2072
0
2133
2126
3927
0
0
2232
3923
0
0
2143
2252
2129
2122
2139
0
2192
2063
0
0
2101
2188
2059
2118
0
2159
2184
0
2097
2155
0
2236
2215
2114
0
2211
2168
2093
2151
0
0
2264
2147
2110
2247
2089
2164
2071
0
2067
0
2160
2223
2085
2106
2260
2219
0
2207
2256
2203
2081
2199
2240
2054
2183
0
2272
2179
2077
2175
2315
2311
2307
2050
2303
2299
2295
2291
2287
2283
2279
2251
2231
6323
0
0
0
0
2279
0
0
0
2243
2128
2093
2086
3931
0
0
3927
0
0
3923
2124
2089
2082
2211
0
0
2147
0
2233
2143
2120
0
2078
2193
2139
0
0
2215
2189
2219
2116
2207
2074
2185
2203
0
2199
0
2181
2071
2112
2247
2054
2177
2067
0
2151
0
2173
2223
2108
2315
2050
2169
2311
2307
2303
2299
2165
2295
2104
2291
2062
2161
2275
2271
2267
2263
2237
2259
2100
2255
2058
2285
2251
2231
2227
2159
2281
2155
2096
0
6230
0
0
0
0
2281
0
0
0
0
2048
2277
0
2094
3931
0
2185
0
0
0
2132
2181
0
0
0
0
2265
2090
3927
0
2128
2177
0
0
0
0
2173
0
0
0
2124
2257
2086
3923
0
2241
0
0
0
2273
2120
0
0
2269
0
2082
2075
2261
0
0
2116
2141
0
0
2137
0
0
2232
2157
2078
2063
2153
2252
0
2149
0
0
2168
2213
2114
0
2209
2164
2059
2145
0
2245
2160
2069
2110
2065
0
2236
2221
0
2217
2103
2192
2205
2106
2201
0
2188
2197
2313
2309
2305
2284
2301
2297
2293
2289
2249
2229
2225
2054
6195
0
0
0
0
2295
0
0
2088
0
2291
0
2133
2106
0
2203
2084
0
0
0
2199
0
0
0
2080
2129
2054
2239
0
0
0
2243
2076
0
3931
0
0
2125
2050
3927
2072
0
3923
0
0
2211
0
2232
2147
2121
2062
2143
2192
0
2139
0
0
2188
2215
0
2219
2117
2184
2058
2183
0
2179
2168
2175
0
2071
2102
2164
2113
2247
0
2067
2160
2151
2098
2223
2315
2204
2311
2307
2109
2303
2296
2094
2287
2283
2279
2275
2271
2267
2263
2259
2255
2251
2231
2227
2159
6251
0
0
0
0
2187
0
0
2084
0
2171
0
0
0
0
3929
2080
2054
2267
0
0
0
0
2167
2076
0
0
0
2163
0
3925
0
2072
2050
2259
0
0
0
2243
0
2100
0
2275
0
0
3921
2271
0
2096
2062
2263
0
0
2143
0
0
2092
2139
0
0
2121
2159
0
2232
2058
2155
0
0
2252
2151
0
0
2215
2204
0
2117
2211
0
2200
2134
2147
0
2247
2196
2071
0
2067
0
2296
2223
2113
2219
0
2292
2130
2183
0
2179
2288
2175
2315
2311
2307
2236
2303
2109
2287
2283
2192
2126
2279
2251
2231
2188
2227
0
0
2090
0
0
6201
0
0
0
0
0
0
0
2287
0
0
0
0
0
0
0
2283
0
0
0
2100
2133
2086
0
2279
0
0
0
0
0
0
0
2183
0
0
0
0
0
0
0
2096
2129
2082
2179
0
0
0
0
0
0
0
2175
0
0
0
0
0
0
0
2163
2092
2125
2078
0
0
0
0
2167
0
0
0
0
0
0
2235
0
0
0
0
2171
2088
2121
2074
2243
0
0
3931
0
2204
3927
0
0
3923
0
0
2139
2200
0
2215
0
0
2117
2054
2211
2196
0
2147
0
0
2143
0
2067
2192
2151
0
2223
0
2219
0
2071
2236
2113
2050
2247
2315
2311
2307
2303
2188
2275
2271
2267
2263
2259
2255
2251
2184
2231
2227
2159
2155
2109
2062
0
2296
0
0
0
0
0
0
0
2292
0
0
0
0
0
0
0
2288
2105
6154
0
0
0
0
0
0
0
2184
0
0
0
0
0
0
0
2296
0
0
0
0
0
0
2101
2292
2134
3931
0
0
0
0
0
2288
0
0
0
0
0
0
0
2284
0
0
0
0
0
2097
0
2280
2130
3927
0
0
0
0
0
2276
0
0
0
0
0
0
0
2180
0
0
0
0
2093
0
0
2176
2126
3923
0
0
0
0
0
2172
0
0
0
0
0
0
0
2168
0
0
0
2089
0
0
0
2164
2122
2075
0
0
0
0
0
2204
0
0
0
0
0
0
0
2200
0
0
2085
0
0
0
0
2196
2118
2055
0
0
0
0
2232
0
0
0
0
0
2160
0
0
0
0
2264
2081
0
0
0
2252
2114
2051
0
2268
0
0
0
2260
0
0
0
2256
0
0
0
2240
0
0
2077
2272
0
0
2140
2110
2063
2136
2193
0
2212
0
0
2208
0
0
2156
2237
0
2152
0
0
2148
0
0
2144
2189
2244
2106
2068
2059
2064
0
2220
0
2216
2312
2308
2304
2300
2248
2228
6320
0
0
0
0
0
2211
0
2088
0
0
0
2231
0
2133
2106
2084
3931
0
0
3927
0
0
3923
2080
0
2139
0
2129
2070
2147
0
2076
2143
0
2239
0
2207
0
2203
2072
2199
2125
2066
2195
0
2191
2232
2187
0
2183
0
2179
2224
2175
0
2121
2054
2171
2220
2167
0
2163
0
2151
2216
2247
2315
2299
2295
2117
2212
2050
2291
2287
2283
2279
2308
2275
2271
2102
2267
2263
2304
2113
2259
2255
2251
2098
2300
2159
2155
2063
2059
0
2240
2094
0
6205
0
0
0
0
2266
0
0
2084
0
2254
0
0
0
2105
2262
2080
2135
0
2258
0
0
0
2274
2076
0
0
2270
2069
0
3930
2131
2072
3926
0
0
3922
0
0
2232
2150
0
2065
2146
0
2224
2142
2127
0
2138
0
2220
2062
0
0
2058
2053
2216
2158
0
0
2154
2123
2212
2190
0
2186
0
2182
2308
2049
2178
0
2174
0
2304
2170
2119
2101
2166
0
2300
2162
0
2246
0
2097
2240
2238
0
2206
2115
2202
2208
2093
2198
0
2194
2314
2228
2298
2294
2089
2290
2286
2282
2278
2250
6207
0
0
0
0
0
2230
0
0
0
2072
2190
0
0
2069
2135
2186
0
0
0
2060
2182
0
0
0
0
2178
0
2065
2131
2056
2174
0
0
0
0
2238
0
0
0
2100
2170
2053
2127
0
0
2286
0
0
0
2096
2282
0
0
0
0
2049
2232
2278
2123
0
0
0
2224
2166
0
2093
0
0
2220
2162
0
0
2119
0
2216
2089
2194
0
0
3930
2212
0
3926
0
0
2085
2308
3922
2115
0
2146
0
2304
2142
0
2081
2138
0
2300
2150
0
2246
2111
2206
2240
2077
2202
0
2198
2314
2208
2298
2294
2290
2274
2270
2266
2262
2258
2254
2250
2158
2154
6203
0
0
0
0
2239
0
0
0
0
2171
0
0
2100
2053
2134
2167
0
0
0
0
2163
0
0
0
0
2096
2287
2049
2130
0
0
2283
0
0
0
0
2279
0
2092
0
3929
2195
2126
0
0
0
2191
0
0
0
0
2088
2267
3925
0
0
2122
2187
0
0
0
0
2183
0
2084
0
3921
2255
0
0
2118
2232
2179
0
0
0
0
2212
2175
2081
0
0
2275
2308
2114
0
2271
0
0
2304
2263
0
2077
0
2259
2300
0
2147
2110
0
2143
2240
0
2139
0
2073
2159
2208
0
2155
0
0
2106
2228
2151
0
2199
0
2061
2224
2247
0
2207
0
2203
2220
2070
2315
2299
2295
2291
2216
2057
2251
0
0
0
0
0
0
6162
0
0
0
0
0
2240
0
2101
0
0
0
2208
0
0
0
2097
2130
2228
2055
0
0
0
2188
2093
0
0
0
2184
0
0
0
2089
2168
2126
2051
0
0
2164
0
2085
0
0
2296
0
0
0
0
2292
2081
2122
2071
0
2288
0
0
0
2077
2160
0
0
0
0
2236
0
2073
2118
2067
2204
0
0
0
2233
2200
0
0
0
0
2196
2225
0
0
2114
2192
2063
2221
3928
0
0
3924
0
2217
3920
0
0
2144
0
2213
2140
2110
2059
2136
0
2148
2309
2244
0
2180
0
2176
2305
2172
2312
2284
2280
2276
2272
2268
2264
2260
2256
2252
2248
2156
2152
2301
2106
6231
0
0
0
0
2239
0
0
0
0
2299
0
0
0
0
2295
0
0
0
2124
3929
2070
2291
0
0
0
0
2207
0
2090
0
0
2203
0
0
0
0
2086
2120
3925
2199
0
0
0
0
2082
2195
0
0
0
0
2191
0
2078
0
0
2267
2116
3921
0
0
2074
2187
0
0
0
0
2171
0
2102
0
0
2255
0
0
0
2112
2065
2098
2167
0
0
0
0
2163
0
2094
0
2275
0
0
0
2271
2234
0
2108
2061
2263
0
2214
0
2259
0
0
2147
2310
0
2143
0
0
2139
2306
0
2159
2104
2057
2155
2302
0
2151
0
2175
0
2242
2247
0
2183
0
2179
2210
2315
2287
2283
2052
2133
2230
2279
2251
0
0
0
2226
0
0
0
0
0
2222
0
0
0
0
2048
2129
6314
0
0
0
0
0
0
0
2192
0
0
0
0
0
0
0
2296
0
0
0
0
0
0
0
2292
2085
2118
2063
0
0
0
0
2288
0
0
0
0
0
0
0
2284
0
0
0
0
0
0
0
2280
2081
2114
2059
0
0
0
0
2276
0
0
0
0
0
0
0
2188
0
0
0
0
0
0
0
2184
2077
2110
2055
0
0
0
0
2180
0
0
0
0
0
0
0
2176
0
0
0
0
0
0
2232
0
2073
2106
2051
0
2216
0
0
0
0
0
2212
0
0
0
0
0
2208
0
0
0
0
0
2160
0
2069
2102
2135
0
2308
0
0
0
0
0
2304
0
0
0
0
0
2300
0
0
0
0
0
2240
0
2065
2098
2131
0
2228
0
0
0
2173
0
2224
0
0
0
0
0
2220
2169
0
0
0
2164
0
0
3928
2205
2094
3924
2127
0
3920
0
0
2144
2201
0
2140
0
0
2136
0
2244
2197
2148
2312
2272
2268
2264
2260
2256
2252
2248
2156
2152
2237
2090
6219
0
0
0
0
0
0
0
2291
0
0
0
0
0
0
0
2287
0
0
0
0
0
0
0
2283
0
0
2112
3929
2078
0
0
2279
0
0
0
0
0
0
0
2183
0
0
0
0
0
0
0
2179
0
0
0
0
0
2108
3925
2074
2175
0
0
0
0
0
0
0
2171
0
0
0
0
0
0
0
2167
0
0
0
0
0
0
0
2104
3921
2070
2207
0
0
0
0
0
0
0
2203
0
0
0
0
0
0
0
2199
0
0
0
0
0
0
2235
2100
2049
2066
0
0
2163
0
0
0
0
0
2311
0
0
0
0
0
2307
0
0
0
0
0
2303
0
0
0
2096
2133
2062
2243
0
0
0
0
0
2231
0
0
0
0
0
2227
0
0
0
0
0
2223
0
0
0
0
0
2092
2129
2058
2219
0
0
0
0
0
2215
0
0
0
0
0
2211
0
0
0
0
2255
0
0
0
0
2267
0
2088
2125
2054
2259
0
0
0
2275
0
0
2194
2271
0
0
0
2263
0
0
2238
2147
0
0
2143
0
0
2139
2190
2084
2121
2159
0
0
2155
0
2186
2151
0
2247
2315
2251
0
0
2298
0
0
0
0
0
0
0
2294
0
0
0
2080
6213
0
0
0
0
0
0
0
0
0
0
0
0
0
0
0
0
0
0
0
0
0
0
0
0
0
0
0
0
0
0
0
0
0
0
0
0
0
0
0
0
0
0
0
0
0
0
0
0
0
0
0
0
0
0
0
0
0
0
0
0
0
0
0
0
0
0
0
0
0
0
0
0
0
0
0
0
0
0
0
0
0
0
0
0
0
0
0
0
0
0
0
0
0
0
0
0
0
0
0
0
0
0
0
0
0
0
0
0
0
0
0
0
0
0
0
0
0
0
0
0
0
0
0
0
0
0
0
0
0
0
0
0
0
0
0
0
0
0
0
0
0
0
0
0
0
0
0
0
0
0
0
0
0
0
0
0
0
0
0
0
0
0
0
0
0
0
0
0
0
0
0
0
0
0
0
0
0
0
0
0
0
0
0
0
0
0
0
0
0
0
0
0
0
0
0
0
0
0
0
0
0
0
0
0
0
0
0
0
0
0
0
0
0
0
0
0
0
0
0
0
0
0
0
0
0
0
0
0
0
0
0
0
0
0
0
0
0
0
0
0
0
0
0
0
0
0
0
0
0
0
0
0
0
0
0
0
0
0
0
0
0
0
0
0
0
0
0
0
0
0
0
0
0
0
0
0
0
0
0
0
0
0
0
0
0
0
0
0
0
0
0
0
0
0
0
0
0
0
0
0
0
0
0
0
0
0
0
0
0
0
0
0
0
0
0
0
0
0
0
0
0
0
0
0
0
0
0
0
0
0
0
0
0
0
0
0
0
0
0
0
0
0
0
0
0
0
0
0
0
0
0
0
0
0
0
0
0
0
0
0
0
0
0
0
0
0
0
0
0
0
0
0
0
0
0
0
0
0
0
0
0
0
0
0
0
0
0
0
0
0
0
0
0
0
0
0
0
0
0
0
0
0
0
0
0
0
0
0
0
0
0
0
0
0
0
0
0
0
0
0
0
0
0
0
0
0
0
0
0
0
0
0
0
0
0
0
0
0
0
0
0
0
0
0
0
0
0
0
0
0
0
0
0
0
0
0
0
0
0
0
0
0
0
0
0
0
0
0
0
0
0
0
0
0
0
0
0
0
0
0
0
0
0
0
0
0
0
0
0
0
0
0
0
0
0
0
0
0
0
0
0
0
0
0
0
0
0
0
0
0
0
0
0
0
0
0
0
0
0
0
0
0
0
0
0
0
0
0
0
0
0
0
0
0
0
0
0
0
0
0
0
0
0
0
0
0
0
0
0
0
0
0
0
0
0
0
0
0
0
0
0
0
0
0
0
0
0
0
0
0
0
0
0
0
0
0
0
0
0
0
0
0
0
0
0
0
0
0
0
0
0
0
0
0
0
0
0
0
0
0
0
0
0
0
0
0
0
0
0
0
0
0
0
0
0
0
0
0
0
0
0
0
0
0
0
0
0
0
0
0
0
0
0
0
0
0
0
0
0
0
0
0
0
0
0
0
0
0
0
0
0
0
0
0
0
0
0
0
0
0
0
0
0
0
0
0
0
0
0
0
0
0
0
0
0
0
0
0
0
0
0
0
0
0
0
0
0
0
0
0
0
0
0
0
0
0
0
0
0
0
0
0
0
0
0
0
0
0
0
0
0
0
0
0
0
0
0
0
0
0
0
0
0
0
0
0
0
0
0
0
0
0
0
0
0
0
0
0
0
0
0
0
0
0
0
0
0
0
0
0
0
0
0
0
0
0
0
0
0
0
0
0
0
0
0
0
0
0
0
0
0
0
0
0
0
0
0
0
0
0
0
0
0
0
0
0
0
0
0
0
0
0
0
0
0
0
0
0
0
0
0
0
0
0
0
0
0
0
0
0
0
0
0
0
0
0
0
0
0
0
0
0
0
0
0
0
0
0
0
0
0
0
0
0
0
0
0
0
0
0
0
0
0
0
0
0
0
0
0
0
0
0
0
0
0
0
0
0
0
0
0
0
0
0
0
0
0
0
0
0
0
0
0
0
0
0
0
0
0
0
0
0
0
0
0
0
0
0
0
0
0
0
0
0
0
0
0
0
0
0
0
0
0
0
0
0
0
0
0
0
0
0
0
0
0
0
0
0
0
0
0
0
0
0
0
0
0
0
0
0
0
0
0
0
0
0
0
0
0
0
0
0
0
0
0
0
0
0
0
0
0
0
0
0
0
0
0
0
0
0
0
0
0
0
0
0
0
0
0
0
0
0
0
0
0
0
0
0
0
0
0
0
0
0
0
0
0
0
0
0
0
0
0
0
0
0
0
0
0
0
0
0
0
0
0
0
0
0
0
0
0
0
0
0
0
0
0
0
0
0
0
0
0
0
0
0
0
0
0
0
0
0
0
0
0
0
0
0
0
0
0
0
0
0
0
0
0
0
0
0
0
0
0
0
0
0
0
0
0
0
0
0
0
0
0
0
0
0
0
0
0
0
0
0
0
0
0
0
0
0
0
0
0
0
0
0
0
0
0
0
0
0
0
0
0
0
0
0
0
0
0
0
0
0
0
0
0
0
0
0
0
0
0
0
0
0
0
0
0
0
0
0
0
0
0
0
0
0
0
0
0
0
0
0
0
0
0
0
0
0
0
0
0
0
0
0
0
0
0
0
0
0
0
0
0
0
0
0
0
0
0
0
0
0
0
0
0
0
0
0
0
0
0
0
0
0
0
0
0
0
0
0
0
0
0
0
0
0
0
0
0
0
0
0
0
0
0
0
0
0
0
0
0
0
0
0
0
0
0
0
0
0
0
0
0
0
0
0
0
0
0
0
0
0
0
0
0
0
0
0
0
0
0
0
0
0
0
0
0
0
0
0
0
0
0
0
0
0
0
0
0
0
0
0
0
0
0
0
0
0
0
0
0
0
0
0
0
0
0
0
0
0
0
0
0
0
0
0
0
0
0
0
0
0
0
0
0
0
0
0
0
0
0
0
0
0
0
0
0
0
0
0
0
0
0
0
0
0
0
0
0
0
0
0
0
0
0
0
0
0
0
0
0
0
0
0
0
0
0
0
0
0
0
0
0
0
0
0
0
0
0
0
0
0
0
0
0
0
0
0
0
0
0
0
0
0
0
0
0
0
0
0
0
0
0
0
0
0
0
0
0
0
0
0
0
0
0
0
0
0
0
0
0
0
0
0
0
0
0
0
0
0
0
0
0
0
0
0
0
0
0
0
0
0
0
0
0
0
0
0
0
0
0
0
0
0
0
0
0
0
0
0
0
0
0
0
0
0
0
0
0
0
0
0
0
0
0
0
0
0
0
0
0
0
0
0
0
0
0
0
0
0
0
0
0
0
0
0
0
0
0
0
0
0
0
0
0
0
0
0
0
0
0
0
0
0
0
0
0
0
0
0
0
0
0
0
0
0
0
0
0
0
0
0
0
0
0
0
0
0
0
0
0
0
0
0
0
0
0
0
0
0
0
0
0
0
0
0
0
0
0
0
0
0
0
0
0
0
0
0
0
0
0
0
0
0
0
0
0
0
0
0
0
0
0
0
0
0
0
0
0
0
0
0
0
0
0
0
0
0
0
0
0
0
0
0
0
0
0
0
0
0
0
0
0
0
0
0
0
0
0
0
0
0
0
0
0
0
0
0
0
0
0
0
0
0
0
0
0
0
0
0
0
0
0
0
0
0
0
0
0
0
0
0
0
0
0
0
0
0
0
0
0
0
0
0
0
0
0
0
0
0
0
0
0
0
0
0
0
0
0
0
0
0
0
0
0
0
0
0
0
0
0
0
0
0
0
0
0
0
0
0
0
0
0
0
0
0
0
0
0
0
0
0
0
0
0
0
0
0
0
0
0
0
0
0
0
0
0
0
0
0
0
0
0
0
0
0
0
0
0
0
0
0
0
0
0
0
0
0
0
0
0
0
0
0
0
0
0
0
0
0
0
0
0
0
0
0
0
0
0
0
0
0
0
0
0
0
0
0
0
0
0
0
0
0
0
0
0
0
0
0
0
0
0
0
0
0
0
0
0
0
0
0
0
0
0
0
0
0
0
0
0
0
0
0
0
0
0
0
0
0
0
0
0
0
0
0
0
0
0
0
0
0
0
0
0
0
0
0
0
0
0
0
0
0
0
0
0
0
0
0
0
0
0
0
0
0
0
0
0
0
0
0
0
0
0
0
0
0
0
0
0
0
0
0
0
0
0
0
0
0
0
0
0
0
0
0
0
0
0
0
0
0
0
0
0
0
0
0
0
0
0
0
0
0
0
0
0
0
0
0
0
0
0
0
0
0
0
0
0
0
0
0
0
0
0
0
0
0
0
0
0
0
0
0
0
0
0
0
0
0
0
0
0
0
0
0
0
0
0
0
0
0
0
0
0
0
0
0
0
0
0
0
0
0
0
0
0
