int
0
0
2083
3864
2111
0
2119
3860
2151
3653
3626
2060
2127
3651
3619
2144
3587
2195
2191
2056
3593
3622
2187
2136
2183
2179
2175
2052
2171
3857
2167
2088
3590
2163
2069
2084
2159
2155
2048
2065
2143
2135
3658
2131
2123
2115
2107
2103
2099
2095
2079
6171
0
2111
0
2060
2119
3625
3651
2144
3858
3619
2069
2056
3595
3591
3587
2136
2065
3622
2195
2052
3865
2191
2048
2187
3861
2080
3654
2148
2089
2124
2183
2179
2085
3658
2175
2171
2167
2163
2159
2155
2143
2135
2131
2123
2115
2107
2103
2099
2095
2079
6171
0
2111
0
2060
2119
3621
3651
2144
3858
3619
2069
2056
3595
3591
3587
2136
2065
3658
2195
2052
3865
2191
2048
2187
3861
2080
3626
2148
2089
2124
2183
2179
2085
3654
2175
2171
2167
2163
2159
2155
2143
2135
2131
2123
2115
2107
2103
2099
2095
2079
6171
0
2119
3651
2060
3627
3593
3623
2144
3858
3619
2069
2056
3587
2195
2191
2136
2065
3654
2187
2052
3865
2183
2048
2179
3861
2080
3658
2148
2089
2124
2175
2108
2085
3590
2171
2167
2163
2159
2155
2143
2135
2131
2123
2115
2107
2103
2099
2095
2079
6171
0
0
0
2059
0
0
2048
2093
2111
0
3654
2119
0
3616
2151
2065
2127
3651
3627
3623
2072
3858
3865
3595
3591
2195
2191
2052
2187
3585
2183
3658
2179
2144
2175
2171
2085
2167
2068
2062
2163
2159
3860
2081
2155
2143
2088
2098
2139
2135
2131
2123
2115
2107
2103
6175
0
0
0
2091
0
0
0
2048
2093
2059
3658
0
2111
0
0
3616
2119
2065
2151
0
2127
3654
3651
2072
3627
3865
3623
3595
3591
2195
2191
2052
3858
3585
2187
2183
2179
2175
2144
2171
2167
2085
2062
2068
2163
2159
2155
3860
2143
2081
2139
2098
2135
2131
2123
2115
2107
2103
6175
0
2119
3651
2060
3627
3589
3623
2144
3858
3619
2069
2056
3587
2195
2191
2136
2065
3658
2187
2052
3865
2183
2048
2179
3861
2080
3654
2148
2089
2124
2175
2108
2085
3594
2171
2167
2163
2159
2155
2143
2135
2131
2123
2115
2107
2103
2099
2095
2079
6171
0
0
0
2091
0
0
0
2048
2093
2059
3658
0
2111
0
0
3616
2119
2065
2151
0
2127
3654
3651
2072
3627
3865
3623
3595
3591
2195
2191
2052
3858
3585
2187
2183
2179
2175
2144
2171
2167
2085
2062
2068
2163
2159
2155
3860
2143
2081
2139
2098
2135
2131
2123
2115
2107
2103
6175
0
0
0
2059
0
0
2048
2093
2111
0
3658
2119
0
3616
2151
2065
2127
3651
3627
3623
2072
3858
3865
3595
3591
2195
2191
2052
2187
3585
2183
3654
2179
2144
2175
2171
2085
2167
2068
2062
2163
2159
3860
2081
2155
2143
2088
2098
2139
2135
2131
2123
2115
2107
2103
6175
0
2119
3659
2060
3655
3593
3651
2144
3858
3619
2069
2056
3587
2195
2191
2136
2065
3622
2187
2052
3865
2183
2048
2179
3861
2080
3590
2148
2089
2124
2175
2108
2085
3626
2171
2167
2163
2159
2155
2143
2135
2131
2123
2115
2107
2103
2099
2095
2079
6171
0
0
0
3867
0
0
3648
2093
2055
0
3622
0
2087
2076
0
2061
2127
0
0
2111
2056
3858
3585
2151
0
2119
3659
2088
3655
3861
3619
3626
3595
2144
3591
2195
2049
2191
2187
2136
2102
2183
2179
2081
2064
2175
2171
2167
2070
2163
2159
2155
2143
2135
2131
2123
2115
2107
2099
6171
0
0
0
3867
0
0
0
3648
2093
2055
3622
0
0
2087
0
2076
2127
2061
0
2111
0
3626
2151
2056
2119
3585
3659
3655
3619
3595
3591
2088
3858
3861
2195
2191
2187
2183
2144
2179
2175
2049
2102
2171
2167
2136
2163
2159
2155
2081
2064
2070
2143
2135
2131
2123
2115
2107
2099
6171
0
0
0
0
0
2139
0
3648
2069
2063
3590
0
2083
0
0
2076
2127
2065
0
2051
3858
0
2119
2072
2151
3865
2111
3659
3655
3627
3594
3616
3623
3861
3587
2195
2191
2187
2183
2052
2102
2085
2179
2175
2171
2167
2163
2088
2159
2057
2098
2155
2147
2143
2135
2131
2123
2115
2107
6191
0
0
0
0
0
0
0
0
0
0
3648
2101
2098
3587
0
0
0
0
0
0
0
2056
3865
0
2094
2087
0
0
0
0
0
0
2052
3861
0
0
2066
2083
0
0
0
2111
0
3616
3857
2119
0
0
2062
2127
0
2151
0
2175
2048
2077
3659
3655
3627
3623
2070
3595
3591
2195
2191
2088
2073
2187
2183
2179
2171
2167
2163
2159
2155
2147
2143
2139
2135
2131
2123
2115
6203
0
0
0
0
0
0
0
0
0
0
0
3648
2101
3586
2099
0
0
0
0
0
0
0
0
2056
3865
2086
0
2095
0
0
0
0
0
0
0
2052
3861
2082
0
0
2067
2110
0
0
2118
0
0
3616
3857
2126
0
2158
0
2154
2063
2150
0
2174
3658
2048
2077
3654
3626
3622
3594
3590
2194
2190
2186
2182
2178
2088
2073
2170
2166
2162
2146
2142
2138
2134
2130
2122
2114
2106
6167
0
0
0
0
0
0
2139
0
3648
2069
3594
2063
0
0
2083
0
0
2076
2127
2065
0
3590
2051
0
0
2119
2072
2151
3865
2111
3659
3655
3858
3627
3623
3616
3587
3861
2195
2191
2187
2183
2102
2179
2052
2175
2085
2171
2167
2163
2159
2155
2098
2088
2147
2057
2143
2135
2131
2123
2115
2107
6191
0
0
0
0
0
0
0
0
0
0
0
3648
2101
2098
3587
0
0
0
0
0
0
0
0
2056
3865
0
2094
2087
0
0
0
0
0
0
0
2052
3861
0
0
2066
2083
0
0
0
2111
0
0
3616
3857
2119
0
0
2062
2127
0
2151
0
2175
3659
2048
2077
3655
3627
3623
3595
2070
3591
2195
2191
2187
2183
2088
2073
2179
2171
2167
2163
2159
2155
2147
2143
2139
2135
2131
2123
2115
6203
0
0
0
0
0
0
0
0
0
0
0
3648
2101
2098
3587
0
0
0
0
0
0
0
0
2056
3865
0
2094
2087
0
0
0
0
0
0
0
2052
3861
0
3859
2066
0
0
2111
0
0
2119
0
3616
2081
2127
0
2151
2062
2175
3659
3655
3627
3623
3595
2048
2077
3591
2195
2191
2187
2070
2183
2179
2171
2167
2163
2088
2073
2159
2155
2147
2143
2139
2135
2131
2123
2115
6203
0
2119
3659
2060
3655
3589
3651
2144
3858
3619
2069
2056
3587
2195
2191
2136
2065
3626
2187
2052
3865
2183
2048
2179
3861
2080
3594
2148
2089
2124
2175
2108
2085
3622
2171
2167
2163
2159
2155
2143
2135
2131
2123
2115
2107
2103
2099
2095
2079
6171
0
0
0
3867
0
0
0
3648
2093
2055
3622
0
0
2087
0
2076
2127
2061
0
2111
0
3626
2151
2056
2119
3585
3659
3655
3619
3595
3591
2088
3858
3861
2195
2191
2187
2183
2144
2179
2175
2049
2102
2171
2167
2136
2163
2159
2155
2081
2064
2070
2143
2135
2131
2123
2115
2107
2099
6171
0
0
0
3867
0
0
3648
2093
2055
0
3626
0
2087
2076
0
2061
2127
0
0
2111
2056
3858
3585
2151
0
2119
3659
2088
3655
3861
3619
3622
3595
2144
3591
2195
2049
2191
2187
2136
2102
2183
2179
2081
2064
2175
2171
2167
2070
2163
2159
2155
2143
2135
2131
2123
2115
2107
2099
6171
0
0
0
0
0
0
2139
0
3648
2069
3594
2063
0
0
2083
0
0
2076
2127
2065
0
3590
2051
0
0
2119
2072
2151
3865
2111
3659
3655
3858
3627
3623
3616
3587
3861
2195
2191
2187
2183
2102
2179
2052
2175
2085
2171
2167
2163
2159
2155
2098
2088
2147
2057
2143
2135
2131
2123
2115
2107
6191
0
0
0
0
0
0
0
0
0
0
0
3648
2101
2098
3587
0
0
0
0
0
0
0
0
2056
3865
0
2094
2087
0
0
0
0
0
0
0
2052
3861
0
3859
2066
0
0
2111
0
0
2119
0
3616
2081
2127
0
2151
2062
2175
3659
3655
3627
3623
3595
2048
2077
3591
2195
2191
2187
2070
2183
2179
2171
2167
2163
2088
2073
2159
2155
2147
2143
2139
2135
2131
2123
2115
6203
0
0
0
0
0
0
0
0
0
0
0
3648
2101
2098
3587
0
0
0
0
0
0
0
0
2056
3865
0
2094
2087
0
0
0
0
0
0
0
2052
3861
0
0
2066
2083
0
0
0
2111
0
0
3616
3857
2119
0
0
2062
2127
0
2151
0
2175
3659
2048
2077
3655
3627
3623
3595
2070
3591
2195
2191
2187
2183
2088
2073
2179
2171
2167
2163
2159
2155
2147
2143
2139
2135
2131
2123
2115
6203
0
0
0
0
0
2139
0
3648
2069
2063
3594
0
2083
0
0
2076
2127
2065
0
2051
3858
0
2119
2072
2151
3865
2111
3659
3655
3627
3590
3616
3623
3861
3587
2195
2191
2187
2183
2052
2102
2085
2179
2175
2171
2167
2163
2088
2159
2057
2098
2155
2147
2143
2135
2131
2123
2115
2107
6191
0
0
0
0
0
0
0
0
0
0
0
3648
2101
3586
2099
0
0
0
0
0
0
0
0
2056
3865
2086
0
2095
0
0
0
0
0
0
0
2052
3861
2082
0
0
2067
2110
0
0
2118
0
0
3616
3857
2126
0
2158
0
2154
2063
2150
0
2174
3658
2048
2077
3654
3626
3622
3594
3590
2194
2190
2186
2182
2178
2088
2073
2170
2166
2162
2146
2142
2138
2134
2130
2122
2114
2106
6167
0
0
0
0
0
0
0
0
0
0
3648
2101
2098
3587
0
0
0
0
0
0
0
2056
3865
0
2094
2087
0
0
0
0
0
0
2052
3861
0
0
2066
2083
0
0
0
2111
0
3616
3857
2119
0
0
2062
2127
0
2151
0
2175
2048
2077
3659
3655
3627
3623
2070
3595
3591
2195
2191
2088
2073
2187
2183
2179
2171
2167
2163
2159
2155
2147
2143
2139
2135
2131
2123
2115
6203
0
0
0
0
0
0
0
0
0
0
3648
2101
2098
3587
0
0
0
0
0
0
0
2056
3865
0
2094
2087
0
0
0
0
0
0
2052
3861
0
0
2066
2083
0
0
0
2111
0
3616
3857
2119
0
0
2062
2127
0
2151
0
2175
2048
2077
3659
3655
3627
3623
2070
3595
3591
2195
2191
2088
2073
2187
2183
2179
2171
2167
2163
2159
2155
2147
2143
2139
2135
2131
2123
2115
6203
0
0
0
0
0
0
0
0
0
0
0
0
0
0
0
0
0
0
0
0
0
0
0
0
0
0
0
0
0
0
0
0
0
0
0
0
0
0
0
0
0
0
0
0
0
0
0
0
0
0
0
0
0
0
0
0
0
0
0
0
0
0
0
0
0
0
0
0
0
0
0
0
0
0
0
0
0
0
0
0
0
0
0
0
0
0
0
0
0
0
0
0
0
0
0
0
0
0
0
0
0
0
0
0
0
0
0
0
0
0
0
0
0
0
0
0
0
0
0
0
0
0
0
0
0
0
0
0
0
0
0
0
0
0
0
0
0
0
0
0
0
0
0
0
0
0
0
0
0
0
0
0
0
0
0
0
0
0
0
0
0
0
0
0
0
0
0
0
0
0
0
0
0
0
0
0
0
0
0
0
0
0
0
0
0
0
0
0
0
0
0
0
0
0
0
0
0
0
0
0
0
0
0
0
0
0
0
0
0
0
0
0
0
0
0
0
0
0
0
0
0
0
0
0
0
0
0
0
0
0
0
0
0
0
0
0
0
0
0
0
0
0
0
0
0
0
0
0
0
0
0
0
0
0
0
0
0
0
0
0
0
0
0
0
0
0
0
0
0
0
0
0
0
0
0
0
0
0
0
0
0
0
0
0
0
0
0
0
0
0
0
0
0
0
0
0
0
0
0
0
0
0
0
0
0
0
0
0
0
0
0
0
0
0
0
0
0
0
0
0
0
0
0
0
0
0
0
0
0
0
0
0
0
0
0
0
0
0
0
0
0
0
0
0
0
0
0
0
0
0
0
0
0
0
0
0
0
0
0
0
0
0
0
0
0
0
0
0
0
0
0
0
0
0
0
0
0
0
0
0
0
0
0
0
0
0
0
0
0
0
0
0
0
0
0
0
0
0
0
0
0
0
0
0
0
0
0
0
0
0
0
0
0
0
0
0
0
0
0
0
0
0
0
0
0
0
0
0
0
0
0
0
0
0
0
0
0
0
0
0
0
0
0
0
0
0
0
0
0
0
0
0
0
0
0
0
0
0
0
0
0
0
0
0
0
0
0
0
0
0
0
0
0
0
0
0
0
0
0
0
0
0
0
0
0
0
0
0
0
0
0
0
0
0
0
0
0
0
0
0
0
0
0
0
0
0
0
0
0
0
0
0
0
0
0
0
0
0
0
0
0
0
0
0
0
0
0
0
0
0
0
0
0
0
0
0
0
0
0
0
0
0
0
0
0
0
0
0
0
0
0
0
0
0
0
0
0
0
0
0
0
0
0
0
0
0
0
0
0
0
0
0
0
0
0
0
0
0
0
0
0
0
0
0
0
0
0
0
0
0
0
0
0
0
0
0
0
0
0
0
0
0
0
0
0
0
0
0
0
0
0
0
0
0
0
0
0
0
0
0
0
0
0
0
0
0
0
0
0
0
0
0
0
0
0
0
0
0
0
0
0
0
0
0
0
0
0
0
0
0
0
0
0
0
0
0
0
0
0
0
0
0
0
0
0
0
0
0
0
0
0
0
0
0
0
0
0
0
0
0
0
0
0
0
0
0
0
0
0
0
0
0
0
0
0
0
0
0
0
0
0
0
0
0
0
0
0
0
0
0
0
0
0
0
0
0
0
0
0
0
0
0
0
0
0
0
0
0
0
0
0
0
0
0
0
0
0
0
0
0
0
0
0
0
0
0
0
0
0
0
0
0
0
0
0
0
0
0
0
0
0
0
0
0
0
0
0
0
0
0
0
0
0
0
0
0
0
0
0
0
0
0
0
0
0
0
0
0
0
0
0
0
0
0
0
0
0
0
0
0
0
0
0
0
0
0
0
0
0
0
0
0
0
0
0
0
0
0
0
0
0
0
0
0
0
0
0
0
0
0
0
0
0
0
0
0
0
0
0
0
0
0
0
0
0
0
0
0
0
0
0
0
0
0
0
0
0
0
0
0
0
0
0
0
0
0
0
0
0
0
0
0
0
0
0
0
0
0
0
0
0
0
0
0
0
0
0
0
0
0
0
0
0
0
0
0
0
0
0
0
0
0
0
0
0
0
0
0
0
0
0
0
0
0
0
0
0
0
0
0
0
0
0
0
0
0
0
0
0
0
0
0
0
0
0
0
0
0
0
0
0
0
0
0
0
0
0
0
0
0
0
0
0
0
0
0
0
0
0
0
0
0
0
0
0
0
0
0
0
0
0
0
0
0
0
0
0
0
0
0
0
0
0
0
0
0
0
0
0
0
0
0
0
0
0
0
0
0
0
0
0
0
0
0
0
0
0
0
0
0
0
0
0
0
0
0
0
0
0
0
0
0
0
0
0
0
0
0
0
0
0
0
0
0
0
0
0
0
0
0
0
0
0
0
0
0
0
0
0
0
0
0
0
0
0
0
0
0
0
0
0
0
0
0
0
0
0
0
0
0
0
0
0
0
0
0
0
0
0
0
0
0
0
0
0
0
0
0
0
0
0
0
0
0
0
0
0
0
0
0
0
0
0
0
0
0
0
0
0
0
0
0
0
0
0
0
0
0
0
0
0
0
0
0
0
0
0
0
0
0
0
0
0
0
0
0
0
0
0
0
0
0
0
0
0
0
0
0
0
0
0
0
0
0
0
0
0
0
0
0
0
0
0
0
0
0
0
0
0
0
0
0
0
0
0
0
0
0
0
0
0
0
0
0
0
0
0
0
0
0
0
0
0
0
0
0
0
0
0
0
0
0
0
0
0
0
0
0
0
0
0
0
0
0
0
0
0
0
0
0
0
0
0
0
0
0
0
0
0
0
0
0
0
0
0
0
0
0
0
0
0
0
0
0
0
0
0
0
0
0
0
0
0
0
0
0
0
0
0
0
0
0
0
0
0
0
0
0
0
0
0
0
0
0
0
0
0
0
0
0
0
0
0
0
0
0
0
0
0
0
0
0
0
0
0
0
0
0
0
0
0
0
0
0
0
0
0
0
0
0
0
0
0
0
0
0
0
0
0
0
0
0
0
0
0
0
0
0
0
0
0
0
0
0
0
0
0
0
0
0
0
0
0
0
0
0
0
0
0
0
0
0
0
0
0
0
0
0
0
0
0
0
0
0
0
0
0
0
0
0
0
0
0
0
0
0
0
0
0
0
0
0
0
0
0
0
0
0
0
0
0
0
0
0
0
0
0
0
0
0
0
0
0
0
0
0
0
0
0
0
0
0
0
0
0
0
0
0
0
0
0
0
0
0
0
0
0
0
0
0
0
0
0
0
0
0
0
0
0
0
0
0
0
0
0
0
0
0
0
0
0
0
0
0
0
0
0
0
0
0
0
0
0
0
0
0
0
0
0
0
0
0
0
0
0
0
0
0
0
0
0
0
0
0
0
0
0
0
0
0
0
0
0
0
0
0
0
0
0
0
0
0
0
0
0
0
0
0
0
0
0
0
0
0
0
0
0
0
0
0
0
0
0
0
0
0
0
0
0
0
0
0
0
0
0
0
0
0
0
0
0
0
0
0
0
0
0
0
0
0
0
0
0
0
0
0
0
0
0
0
0
0
0
0
0
0
0
0
0
0
0
0
0
0
0
0
0
0
0
0
0
0
0
0
0
0
0
0
0
0
0
0
0
0
0
0
0
0
0
0
0
0
0
0
0
0
0
0
0
0
0
0
0
0
0
0
0
0
0
0
0
0
0
0
0
0
0
0
0
0
0
0
0
0
0
0
0
0
0
0
0
0
0
0
0
0
0
0
0
0
0
0
0
0
0
0
0
0
0
0
0
0
0
0
0
0
0
0
0
0
0
0
0
0
0
0
0
0
0
0
0
0
0
0
0
0
0
0
0
0
0
0
0
0
0
0
0
0
0
0
0
0
0
0
0
0
0
0
0
0
0
0
0
0
0
0
0
0
0
0
0
0
0
0
0
0
0
0
0
0
0
0
0
0
0
0
0
0
0
0
0
0
0
0
0
0
0
0
0
0
0
0
0
0
0
0
0
0
0
0
0
0
0
0
0
0
0
0
0
0
0
0
0
0
0
0
0
0
0
0
0
0
0
0
0
0
0
0
0
0
0
0
0
0
0
0
0
0
0
0
0
0
0
0
0
0
0
0
0
0
0
0
0
0
0
0
0
0
0
0
0
0
0
0
0
0
0
0
0
0
0
0
0
0
0
0
0
0
0
0
0
0
0
0
0
0
0
0
0
0
0
0
0
0
0
0
0
0
0
0
0
0
0
0
0
0
0
0
0
0
0
0
0
0
0
0
0
0
0
0
0
0
0
0
0
0
0
0
0
0
0
0
0
0
0
0
0
0
0
0
0
0
0
0
0
0
0
0
0
0
0
0
0
0
0
0
0
0
0
0
0
0
0
0
0
0
0
0
0
0
0
0
0
0
0
0
0
0
0
0
0
0
0
0
0
0
0
0
0
0
0
0
0
0
0
0
0
0
0
0
0
0
0
0
0
0
0
0
0
0
0
0
0
0
0
0
0
0
0
0
0
0
0
0
0
0
0
0
0
0
0
0
0
0
0
0
0
0
0
0
0
0
0
0
0
0
0
0
0
0
0
0
0
0
0
0
0
0
0
0
0
0
0
0
0
0
0
0
0
0
0
0
0
0
0
0
0
0
0
0
0
0
0
0
0
0
0
0
0
0
0
0
0
0
0
0
0
0
0
0
0
0
0
0
0
0
0
0
0
0
0
0
0
0
0
0
0
0
0
0
0
0
0
0
0
0
0
0
0
0
0
0
0
0
0
0
0
0
0
0
0
0
0
0
0
0
0
0
0
0
0
0
0
0
0
0
0
0
0
0
0
0
0
0
0
0
0
0
0
0
0
0
0
0
0
0
0
0
0
0
0
0
0
0
0
0
0
0
0
0
0
0
0
0
0
0
0
0
0
0
0
0
0
0
0
0
0
0
0
0
0
0
0
0
0
0
0
0
0
0
0
0
0
0
0
0
0
0
0
0
0
0
0
0
0
0
0
0
0
0
0
0
0
0
0
0
0
0
0
0
0
0
0
0
0
0
0
0
0
0
0
0
0
0
0
0
0
0
0
0
0
0
0
0
0
0
0
0
0
0
0
0
0
0
0
0
0
0
0
0
0
0
0
0
0
0
0
0
0
0
0
0
0
0
0
0
0
