hex
3f7fffff
54000000
bdcccccc
88c40000
0
0
0
0
3f800000
c40000
0
0
3f800000
a04000
0
0
0
0
0
0
0
0
0
0
0
0
0
0
0
0
b99dabf4
95000000
3f7ff899
ec004000
399dabf4
95a04000
38ec210f
42c40000
3f800000
0
3ea617c1
be004000
bea617c1
bec40000
3f800000
0
3ea617c1
be004000
bea617c1
bec40000
0
0
0
0
0
0
0
0
b99dabf4
95000000
3f7ff899
ec004000
b99dabf4
95a04000
38ec210f
42c40000
3f800000
0
3ea617c1
be004000
bea617c1
bec40000
3f800000
0
3ea617c1
be004000
bea617c1
bec40000
0
0
0
0
0
0
0
0
3f800000
a04000
0
0
0
0
0
0
0
0
0
0
0
0
0
0
0
0
0
0
0
0
0
0
0
0
0
0
0
0
3f800000
a04000
0
0
0
0
0
0
0
0
0
0
0
0
0
0
0
0
0
0
0
0
0
0
0
0
0
0
0
0
0
0
3f800000
c40000
0
0
3f800000
a04000
0
0
0
0
0
0
0
0
0
0
0
0
0
0
0
0
0
0
0
0
0
0
3f800000
c40000
0
0
3f800000
a04000
0
0
0
0
0
0
0
0
0
0
0
0
0
0
0
0
0
0
0
0
0
0
3f800000
c40000
0
0
3f800000
a04000
0
0
0
0
0
0
0
0
0
0
0
0
0
0
0
0
0
0
0
0
0
0
3f800000
c40000
0
0
3f800000
a04000
0
0
0
0
0
0
0
0
0
0
0
0
0
0
0
0
0
0
0
0
3f800000
a04000
0
0
0
0
0
0
0
0
0
0
0
0
0
0
0
0
0
0
0
0
0
0
0
0
0
0
0
0
0
0
0
0
0
0
0
0
0
0
0
0
0
0
0
0
0
0
0
0
0
0
0
0
0
0
0
0
0
0
