hex
0
0
0
4000
0
8000
0
c000
0
10000
0
14000
0
18000
0
1c000
0
20000
0
24000
0
28000
0
2c000
0
30000
0
0
0
4000
0
0
0
4000
bf800000
c000
c4290000
c000
c4290000
14000
0
0
3f295d82
6e004000
0
8000
0
c000
3eace769
ce010000
0
14000
0
18000
0
1c000
0
20000
0
24000
0
28000
3a2eb197
57904000
b92eb9fb
71910000
3f295d82
6e000000
3eace769
ce00c000
3a2eb197
57900000
b92eb9fb
7190c000
3eace769
ce008000
3f295d96
cc014000
392eb9fb
71908000
ba2eb1a1
a2914000
0
0
0
0
0
0
0
0
0
0
0
0
0
0
0
0
0
0
0
0
0
0
0
0
0
0
0
0
0
0
