hex
0
0
0
4000
0
8000
0
c000
3f11a39b
bf010000
0
14000
0
18000
0
1c000
0
20000
0
24000
0
28000
ba26f676
3b910000
3f11a39b
bf00c000
ba26f676
3b90c000
3f11a39b
bf014000
ba26f676
3b914000
0
0
0
0
0
0
0
0
0
0
bb1f40a2
87004000
3f800000
904000
0
0
0
4000
bb1f40a2
87008000
0
c000
0
10000
0
14000
0
18000
0
1c000
3f800000
908000
bb1f40a2
87000000
3f800000
900000
3f800000
0
bf800000
c000
44290000
0
c4290000
c000
bb1f40a2
87008000
3f800000
908000
0
0
0
0
0
0
0
0
0
0
0
0
0
0
0
0
0
0
0
0
0
0
0
0
0
0
0
0
0
0
0
0
