hex
0
0
0
4000
0
8000
0
c000
c4290000
10000
0
14000
c4290000
c000
3f800000
908000
3f800000
908000
3f800000
904000
3f800000
904000
0
0
0
0
0
0
0
0
0
0
0
0
0
0
0
0
0
0
0
0
3dfb5248
4000
0
8000
0
c000
3f608a0a
47010000
0
14000
0
18000
0
1c000
0
20000
37608770
4e904000
b94c669b
7c910000
3dfb5248
0
3f608a0a
4700c000
37608770
4e900000
b94c669b
7c90c000
3f608a02
e1008000
3dfb5248
14000
394c6698
2d908000
b7608770
4e914000
0
0
0
0
0
0
0
0
0
0
0
0
0
0
0
0
0
0
0
0
0
0
0
0
0
0
0
0
0
0
0
0
0
0
