int
2075
2096
2071
2092
3593
2076
3622
2084
3648
3616
3584
2116
2112
2108
2104
2088
3625
3590
3845
2067
3841
3658
2081
2063
2101
3654
2059
2055
6147
2072
2068
2064
2060
2056
2052
2048
2077
3622
3625
2095
2085
3654
2081
3846
2101
3842
2097
3658
3651
3619
3595
3591
3587
2119
2115
2111
2107
6187
2072
2068
2064
2060
2056
2052
2048
2077
3658
3621
2095
2085
3626
2081
3846
2101
3842
2097
3654
3651
3619
3595
3591
3587
2119
2115
2111
2107
6187
2072
2068
2064
2060
2056
2052
2048
2077
3590
2085
2095
2081
3654
2101
3846
3593
3842
2097
3658
3651
3627
3623
3619
3587
2119
2115
2111
2107
6187
3624
3620
3592
3588
2116
2112
2108
2104
2088
2072
2068
2064
2056
2061
2078
3655
3585
2086
3619
2049
2082
3845
2102
3841
2098
2055
2094
3650
7755
3591
2076
2119
2084
2061
2080
3618
2100
3585
2096
2054
2092
3648
3624
3620
3592
2049
3658
3845
2115
3841
3654
2111
2107
2091
2075
2071
2067
6155
2072
2068
2064
2060
2056
2052
2048
2077
3658
2085
2095
2081
3594
2101
3846
3589
3842
2097
3654
3651
3627
3623
3619
3587
2119
2115
2111
2107
6187
3591
2076
2119
2084
2061
2080
3618
2100
3585
2096
2054
2092
3648
3624
3620
3592
2049
3658
3845
2115
3841
3654
2111
2107
2091
2075
2071
2067
6155
3624
3620
3592
3588
2116
2112
2108
2104
2088
2072
2068
2064
2056
2061
2078
3659
3585
2086
3619
2049
2082
3845
2102
3841
2098
2055
2094
3650
7751
2072
2068
2064
2060
2056
2052
2048
2085
3622
2081
2095
3625
3590
2101
3846
3593
3842
2097
2078
3659
3655
3651
3619
3587
2119
2115
2111
2107
6187
3652
3616
3592
3588
2116
2112
2108
2104
2088
2072
2068
2060
2052
3585
2078
3623
3649
2086
2059
3625
2082
3845
2102
3841
2098
2067
2094
3658
6147
3591
2076
2119
2084
3649
2080
2058
2100
3625
2096
2066
2092
3656
3652
3616
3592
3621
2050
3845
2115
3841
3586
2111
2107
2091
2075
2071
2063
6151
3656
3652
3624
3620
3584
2116
2112
2108
2104
2088
2072
2068
2048
3841
2054
2077
3591
2085
3650
2081
3619
2101
2066
2097
3595
2093
2062
2059
7942
3627
3844
3623
3840
3649
2084
2066
2108
3595
2080
2053
2100
2062
2096
3591
2092
2049
2076
3656
3652
3586
3617
2119
2115
2107
2058
2091
2075
6167
3595
3845
3591
3841
2119
3648
2109
2066
2105
2115
2101
2052
2097
2062
2093
2091
2077
2048
2085
3586
2081
3657
3653
3616
3625
3621
2058
2075
6167
3656
3652
3624
3620
3584
2116
2112
2108
2104
2088
2072
2068
2048
3845
3650
3841
3595
2077
2066
2085
3591
2081
2062
2101
2059
2097
3618
2093
6151
2116
2112
2104
2088
2072
2068
3845
3650
3841
2067
2085
0
2109
2054
2081
2063
2101
0
2097
2050
2093
3587
2077
3657
3653
3625
3621
3593
3589
3618
6155
2116
2112
2104
2088
2072
2068
3845
3650
3841
2067
2085
0
2109
2054
2081
2063
2101
0
2097
2050
2093
3587
2077
3657
3653
3625
3621
3593
3589
3618
6155
2072
2068
2064
2060
2056
2052
2048
2085
3594
2081
2095
3621
3626
2101
3846
3589
3842
2097
2078
3659
3655
3651
3619
3587
2119
2115
2111
2107
6187
3591
2076
2119
2084
3649
2080
2058
2100
3625
2096
2066
2092
3656
3652
3616
3592
3621
2050
3845
2115
3841
3586
2111
2107
2091
2075
2071
2063
6151
3652
3616
3592
3588
2116
2112
2108
2104
2088
2072
2068
2060
2052
3585
2078
3627
3649
2086
2059
3621
2082
3845
2102
3841
2098
2067
2094
3658
6147
3656
3652
3624
3620
3584
2116
2112
2108
2104
2088
2072
2068
2048
3845
3650
3841
3595
2077
2066
2085
3591
2081
2062
2101
2059
2097
3618
2093
6151
2116
2112
2104
2088
2072
2068
3845
3650
3841
2067
2085
0
2109
2054
2081
2063
2101
0
2097
2050
2093
3587
2077
3657
3653
3625
3621
3593
3589
3618
6155
2116
2112
2104
2088
2072
2068
3845
3650
3841
2067
2085
0
2109
2054
2081
2063
2101
0
2097
2050
2093
3587
2077
3657
3653
3625
3621
3593
3589
3618
6155
3656
3652
3624
3620
3584
2116
2112
2108
2104
2088
2072
2068
2048
3841
2054
2077
3595
2085
3650
2081
3619
2101
2066
2097
3591
2093
2062
2059
7942
3595
3845
3591
3841
2119
3648
2109
2066
2105
2115
2101
2052
2097
2062
2093
2091
2077
2048
2085
3586
2081
3657
3653
3616
3625
3621
2058
2075
6167
3627
3844
3623
3840
3649
2084
2066
2108
3595
2080
2053
2100
2062
2096
3591
2092
2049
2076
3656
3652
3586
3617
2119
2115
2107
2058
2091
2075
6167
3627
3844
3623
3840
3649
2084
2066
2108
3595
2080
2053
2100
2062
2096
3591
2092
2049
2076
3656
3652
3586
3617
2119
2115
2107
2058
2091
2075
6167
0
0
0
0
0
0
2068
3621
2074
3595
0
0
2098
2052
0
3589
2094
3627
0
2102
2048
2082
0
3657
2078
3847
2086
2056
3650
3618
3586
3653
2118
2114
2110
2106
2090
2066
2062
7939
0
0
0
2098
0
0
2072
3841
2094
3623
0
2102
0
2068
3657
2078
0
2086
3655
2082
2052
2057
3650
3618
3594
3590
3586
2048
3625
2118
2114
2110
2106
2090
2066
2062
7943
0
0
0
2098
0
0
2072
3841
2094
3659
0
2102
0
2068
3653
2078
0
2086
3627
2082
2052
2057
3650
3618
3594
3590
3586
2048
3621
2118
2114
2110
2106
2090
2066
2062
7943
0
0
0
2098
0
0
2068
3841
2094
3591
0
2102
0
2052
3657
2078
0
2086
3655
2082
3592
2057
3650
3626
3622
3618
3586
2048
2073
2118
2114
2110
2106
2090
2066
2062
7943
0
0
0
2099
0
0
2095
2052
2049
3654
2103
0
2079
0
2087
2072
2061
3846
2083
3651
3627
3623
3595
3584
2057
3842
3591
2119
2115
2111
2107
2068
3617
3658
2091
6163
0
0
0
2099
0
0
2095
0
2052
2049
3846
2103
0
2079
0
2087
0
2072
2061
3842
2083
3651
3627
3623
3595
3591
3584
2057
3658
2119
2115
2111
2107
2091
2067
2068
3617
7750
0
0
0
2098
0
0
2068
3841
2094
3659
0
2102
0
2052
3653
2078
0
2086
3595
2082
3588
2057
3650
3626
3622
3618
3586
2048
2073
2118
2114
2110
2106
2090
2066
2062
7943
0
0
0
2099
0
0
2095
0
2052
2049
3846
2103
0
2079
0
2087
0
2072
2061
3842
2083
3651
3627
3623
3595
3591
3584
2057
3658
2119
2115
2111
2107
2091
2067
2068
3617
7750
0
0
0
2099
0
0
2095
2052
2049
3658
2103
0
2079
0
2087
2072
2061
3846
2083
3651
3627
3623
3595
3584
2057
3842
3591
2119
2115
2111
2107
2068
3617
3654
2091
6163
0
0
0
2098
0
0
3624
3841
2094
3623
0
2102
0
2052
2057
2078
0
2086
3591
2082
3592
2073
3658
3654
3650
3618
3586
2048
2069
2118
2114
2110
2106
2090
2066
2062
7943
0
0
0
2099
0
0
2095
2052
2049
3622
2103
0
2079
0
2087
2072
3649
3846
2083
3659
3655
3619
3595
3584
3625
3842
3591
2119
2115
2111
2107
2068
2057
2066
2091
6159
0
0
0
2099
0
0
2095
0
2052
3649
3846
2103
0
2079
0
2087
0
2072
3625
3842
2083
3659
3655
3619
3595
3591
3584
3621
2066
2119
2115
2111
2107
2091
2063
2068
2057
6146
0
0
0
0
0
0
0
3616
2049
2058
3591
0
0
2098
0
3592
3649
2094
3847
0
2102
0
2078
2064
2073
2086
3843
2082
3658
3654
3626
2060
2069
3622
3586
2118
2114
2110
2106
2090
6151
0
0
0
2099
0
0
2103
0
2072
3649
2066
2095
0
2111
0
2083
0
2068
2053
3842
2079
0
2087
3659
3655
3844
3627
2049
2062
3623
3595
3591
2119
3584
2115
2107
3617
2058
6187
0
0
0
2099
0
0
2103
0
0
2072
3649
2066
2095
0
2079
0
2087
0
2083
2068
2053
3842
2111
0
2107
3659
3655
3627
3844
3623
2049
2062
3595
3591
2119
2115
2091
3584
0
0
3617
6154
0
0
0
0
0
0
0
0
3592
3649
2058
3847
0
0
2098
0
0
3588
2073
2094
3843
0
2102
0
2078
0
2064
2069
2086
2055
2082
3658
3654
3626
3622
2060
3617
3586
2118
2114
2110
2106
2090
6147
0
0
0
2099
0
0
2103
0
0
2072
3649
2066
2095
0
2111
0
2083
0
2079
2068
2053
3842
2087
3659
3655
3627
3623
3595
3844
3591
2049
2062
2119
2115
2107
2091
0
3584
0
0
3617
6154
0
0
0
2099
0
0
2103
0
0
2072
3649
2066
2095
0
2111
0
2083
0
2079
2068
2053
3842
2087
3659
3655
3627
3623
3595
3844
3591
2049
2062
2119
2115
2107
2091
0
3584
0
0
3617
6154
0
0
0
2098
0
0
3620
3841
2094
3595
0
2102
0
2052
2057
2078
0
2086
3627
2082
3588
2073
3658
3654
3650
3618
3586
2048
2069
2118
2114
2110
2106
2090
2066
2062
7943
0
0
0
2099
0
0
2095
0
2052
3649
3846
2103
0
2079
0
2087
0
2072
3625
3842
2083
3659
3655
3619
3595
3591
3584
3621
2066
2119
2115
2111
2107
2091
2063
2068
2057
6146
0
0
0
2099
0
0
2095
2052
2049
3626
2103
0
2079
0
2087
2072
3649
3846
2083
3659
3655
3619
3595
3584
3621
3842
3591
2119
2115
2111
2107
2068
2057
2066
2091
6159
0
0
0
0
0
0
0
0
3592
3649
2058
3847
0
0
2098
0
0
3588
2073
2094
3843
0
2102
0
2078
0
2064
2069
2086
2055
2082
3658
3654
3626
3622
2060
3617
3586
2118
2114
2110
2106
2090
6147
0
0
0
2099
0
0
2103
0
0
2072
3649
2066
2095
0
2111
0
2083
0
2079
2068
2053
3842
2087
3659
3655
3627
3623
3595
3844
3591
2049
2062
2119
2115
2107
2091
0
3584
0
0
3617
6154
0
0
0
2099
0
0
2103
0
0
2072
3649
2066
2095
0
2111
0
2083
0
2079
2068
2053
3842
2087
3659
3655
3627
3623
3595
3844
3591
2049
2062
2119
2115
2107
2091
0
3584
0
0
3617
6154
0
0
0
0
0
0
0
3616
2049
2058
3595
0
0
2098
0
3588
3649
2094
3847
0
2102
0
2078
2064
2073
2086
3843
2082
3658
3654
3626
2060
2069
3622
3586
2118
2114
2110
2106
2090
6151
0
0
0
2099
0
0
2103
0
0
2072
3649
2066
2095
0
2079
0
2087
0
2083
2068
2053
3842
2111
0
2107
3659
3655
3627
3844
3623
2049
2062
3595
3591
2119
2115
2091
3584
0
0
3617
6154
0
0
0
2099
0
0
2103
0
2072
3649
2066
2095
0
2111
0
2083
0
2068
2053
3842
2079
0
2087
3659
3655
3844
3627
2049
2062
3623
3595
3591
2119
3584
2115
2107
3617
2058
6187
0
0
0
2099
0
0
2103
0
2072
3649
2066
2095
0
2111
0
2083
0
2068
2053
3842
2079
0
2087
3659
3655
3844
3627
2049
2062
3623
3595
3591
2119
3584
2115
2107
3617
2058
6187
0
0
0
0
0
0
0
0
0
0
0
0
0
0
0
0
0
0
0
0
0
0
0
0
0
0
0
0
0
0
0
0
0
0
0
0
0
0
0
0
0
0
0
0
0
0
0
0
0
0
0
0
0
0
0
0
0
0
0
0
0
0
0
0
0
0
0
0
0
0
0
0
0
0
0
0
0
0
0
0
0
0
0
0
0
0
0
0
0
0
0
0
0
0
0
0
0
0
0
0
0
0
0
0
0
0
0
0
0
0
0
0
0
0
0
0
0
0
0
0
0
0
0
0
0
0
0
0
0
0
0
0
0
0
0
0
0
0
0
0
0
0
0
0
0
0
0
0
0
0
0
0
0
0
0
0
0
0
0
0
0
0
0
0
0
0
0
0
0
0
0
0
0
0
0
0
0
0
0
0
0
0
0
0
0
0
0
0
0
0
0
0
0
0
0
0
0
0
0
0
0
0
0
0
0
0
0
0
0
0
0
0
0
0
0
0
0
0
0
0
0
0
0
0
0
0
0
0
0
0
0
0
0
0
0
0
0
0
0
0
0
0
0
0
0
0
0
0
0
0
0
0
0
0
0
0
0
0
0
0
0
0
0
0
0
0
0
0
0
0
0
0
0
0
0
0
0
0
0
0
0
0
0
0
0
0
0
0
0
0
0
0
0
0
0
0
0
0
0
0
0
0
0
0
0
0
0
0
0
0
0
0
0
0
0
0
0
0
0
0
0
0
0
0
0
0
0
0
0
0
0
0
0
0
0
0
0
0
0
0
0
0
0
0
0
0
0
0
0
0
0
0
0
0
0
0
0
0
0
0
0
0
0
0
0
0
0
0
0
0
0
0
0
0
0
0
0
0
0
0
0
0
0
0
0
0
0
0
0
0
0
0
0
0
0
0
0
0
0
0
0
0
0
0
0
0
0
0
0
0
0
0
0
0
0
0
0
0
0
0
0
0
0
0
0
0
0
0
0
0
0
0
0
0
0
0
0
0
0
0
0
0
0
0
0
0
0
0
0
0
0
0
0
0
0
0
0
0
0
0
0
0
0
0
0
0
0
0
0
0
0
0
0
0
0
0
0
0
0
0
0
0
0
0
0
0
0
0
0
0
0
0
0
0
0
0
0
0
0
0
0
0
0
0
0
0
0
0
0
0
0
0
0
0
0
0
0
0
0
0
0
0
0
0
0
0
0
0
0
0
0
0
0
0
0
0
0
0
0
0
0
0
0
0
0
0
0
0
0
0
0
0
0
0
0
0
0
0
0
0
0
0
0
0
0
0
0
0
0
0
0
0
0
0
0
0
0
0
0
0
0
0
0
0
0
0
0
0
0
0
0
0
0
0
0
0
0
0
0
0
0
0
0
0
0
0
0
0
0
0
0
0
0
0
0
0
0
0
0
0
0
0
0
0
0
0
0
0
0
0
0
0
0
0
0
0
0
0
0
0
0
0
0
0
0
0
0
0
0
0
0
0
0
0
0
0
0
0
0
0
0
0
0
0
0
0
0
0
0
0
0
0
0
0
0
0
0
0
0
0
0
0
0
0
0
0
0
0
0
0
0
0
0
0
0
0
0
0
0
0
0
0
0
0
0
0
0
0
0
0
0
0
0
0
0
0
0
0
0
0
0
0
0
0
0
0
0
0
0
0
0
0
0
0
0
0
0
0
0
0
0
0
0
0
0
0
0
0
0
0
0
0
0
0
0
0
0
0
0
0
0
0
0
0
0
0
0
0
0
0
0
0
0
0
0
0
0
0
0
0
0
0
0
0
0
0
0
0
0
0
0
0
0
0
0
0
0
0
0
0
0
0
0
0
0
0
0
0
0
0
0
0
0
0
0
0
0
0
0
0
0
0
0
0
0
0
0
0
0
0
0
0
0
0
0
0
0
0
0
0
0
0
0
0
0
0
0
0
0
0
0
0
0
0
0
0
0
0
0
0
0
0
0
0
0
0
0
0
0
0
0
0
0
0
0
0
0
0
0
0
0
0
0
0
0
0
0
0
0
0
0
0
0
0
0
0
0
0
0
0
0
0
0
0
0
0
0
0
0
0
0
0
0
0
0
0
0
0
0
0
0
0
0
0
0
0
0
0
0
0
0
0
0
0
0
0
0
0
0
0
0
0
0
0
0
0
0
0
0
0
0
0
0
0
0
0
0
0
0
0
0
0
0
0
0
0
0
0
0
0
0
0
0
0
0
0
0
0
0
0
0
0
0
0
0
0
0
0
0
0
0
0
0
0
0
0
0
0
0
0
0
0
0
0
0
0
0
0
0
0
0
0
0
0
0
0
0
0
0
0
0
0
0
0
0
0
0
0
0
0
0
0
0
0
0
0
0
0
0
0
0
0
0
0
0
0
0
0
0
0
0
0
0
0
0
0
0
0
0
0
0
0
0
0
0
0
0
0
0
0
0
0
0
0
0
0
0
0
0
0
0
0
0
0
0
0
0
0
0
0
0
0
0
0
0
0
0
0
0
0
0
0
0
0
0
0
0
0
0
0
0
0
0
0
0
0
0
0
0
0
0
0
0
0
0
0
0
0
0
0
0
0
0
0
0
0
0
0
0
0
0
0
0
0
0
0
0
0
0
0
0
0
0
0
0
0
0
0
0
0
0
0
0
0
0
0
0
0
0
0
0
0
0
0
0
0
0
0
0
0
0
0
0
0
0
0
0
0
0
0
0
0
0
0
0
0
0
0
0
0
0
0
0
0
0
0
0
0
0
0
0
0
0
0
0
0
0
0
0
0
0
0
0
0
0
0
0
0
0
0
0
0
0
0
0
0
0
0
0
0
0
0
0
0
0
0
0
0
0
0
0
0
0
0
0
0
0
0
0
0
0
0
0
0
0
0
0
0
0
0
0
0
0
0
0
0
0
0
0
0
0
0
0
0
0
0
0
0
0
0
0
0
0
0
0
0
0
0
0
0
0
0
0
0
0
0
0
0
0
0
0
0
0
0
0
0
0
0
0
0
0
0
0
0
0
0
0
0
0
0
0
0
0
0
0
0
0
0
0
0
0
0
0
0
0
0
0
0
0
0
0
0
0
0
0
0
0
0
0
0
0
0
0
0
0
0
0
0
0
0
0
0
0
0
0
0
0
0
0
0
0
0
0
0
0
0
0
0
0
0
0
0
0
0
0
0
0
0
0
0
0
0
0
0
0
0
0
0
0
0
0
0
0
0
0
0
0
0
0
0
0
0
0
0
0
0
0
0
0
0
0
0
0
0
0
0
0
0
0
0
0
0
0
0
0
0
0
0
0
0
0
0
0
0
0
0
0
0
0
0
0
0
0
0
0
0
0
0
0
0
0
0
0
0
0
0
0
0
0
0
0
0
0
0
0
0
0
0
0
0
0
0
0
0
0
0
0
0
0
0
0
0
0
0
0
0
0
0
0
0
0
0
0
0
0
0
0
0
0
0
0
0
0
0
0
0
0
0
0
0
0
0
0
0
0
0
0
0
0
0
0
0
0
0
0
0
0
0
0
0
0
0
0
0
0
0
0
0
0
0
0
0
0
0
0
0
0
0
0
0
0
0
0
0
0
0
0
0
0
0
0
0
0
0
0
0
0
0
0
0
0
0
0
0
0
0
0
0
0
0
0
0
0
0
0
0
0
0
0
0
0
0
0
0
0
0
0
0
0
0
0
0
0
0
0
0
0
0
0
0
0
0
0
0
0
0
0
0
0
0
0
0
0
0
0
0
0
0
0
0
0
0
0
0
0
0
0
0
0
0
0
0
0
0
0
0
0
0
0
0
0
0
0
0
0
0
0
0
0
0
0
0
0
0
0
0
0
0
0
0
0
0
0
0
0
0
0
0
0
0
0
0
0
0
0
0
0
0
0
0
0
0
0
0
0
0
0
0
0
0
0
0
0
0
0
0
0
0
0
0
0
0
0
0
0
0
0
0
0
0
0
0
0
0
0
0
0
0
0
0
0
0
0
0
0
0
0
0
0
0
0
0
0
0
0
0
0
0
0
0
0
0
0
0
0
0
0
0
0
0
0
0
0
0
0
0
0
0
0
0
0
0
0
0
0
0
0
0
0
0
0
0
0
0
0
0
0
0
0
0
0
0
0
0
0
0
0
0
0
0
0
0
0
0
0
0
0
0
0
0
0
0
0
0
0
0
0
0
0
0
0
0
0
0
0
0
0
0
0
0
0
0
0
0
0
0
0
0
0
0
0
0
0
0
0
0
0
0
0
0
0
0
0
0
0
0
0
0
0
0
0
0
0
0
0
0
0
0
0
0
0
0
0
0
0
0
0
0
0
0
0
0
0
0
0
0
0
0
0
0
0
0
0
0
0
0
0
0
0
0
0
0
0
0
0
0
0
0
0
0
0
0
0
0
0
0
0
0
0
0
0
0
0
0
0
0
0
0
0
0
0
0
0
0
0
0
0
0
0
0
0
0
0
0
0
0
0
0
0
0
0
0
0
0
0
0
0
0
0
0
0
0
0
0
0
0
0
0
0
0
0
0
0
0
0
0
0
0
0
0
0
0
0
0
0
0
0
0
0
0
0
0
0
0
0
0
0
0
0
0
0
0
0
0
0
0
0
0
0
0
0
0
0
0
0
0
0
0
0
0
0
0
0
0
0
0
0
0
0
0
0
0
0
0
0
0
0
0
0
0
0
0
0
0
0
0
0
0
0
0
0
0
0
0
0
0
0
0
0
0
0
0
0
0
0
0
0
0
0
0
0
0
0
0
0
0
0
0
0
0
0
0
0
0
0
0
0
0
0
0
0
0
0
0
0
0
0
0
0
0
0
0
0
0
0
0
0
0
0
0
0
0
0
0
0
0
0
0
0
0
0
0
0
0
0
0
0
0
0
0
0
0
0
0
0
0
0
0
0
0
0
0
0
0
0
0
0
0
0
0
0
0
0
0
0
0
0
0
0
