hex
0
0
0
4000
0
8000
0
c000
0
10000
3f800000
908000
3f800000
908000
3f800000
904000
3f800000
904000
3f800000
900000
3f800000
900000
0
0
0
0
0
0
0
0
0
0
0
0
0
0
0
0
0
0
0
0
0
0
0
0
0
0
0
0
0
0
3f76028a
fa000000
0
4000
3d1fd2f8
51908000
0
0
3f800000
90c000
0
0
3f800000
908000
0
0
3f800000
904000
0
0
3f800000
900000
0
0
0
4000
0
0
0
0
0
0
0
0
0
0
0
0
0
0
0
0
0
0
0
0
0
0
0
0
0
0
0
0
0
0
3f7f31c0
aa004000
0
8000
c06b6167
600c000
0
10000
0
14000
0
18000
0
1c000
0
20000
0
24000
0
28000
0
2c000
3b19d5b1
b790c000
3f7f31c0
aa000000
c06b6167
6014000
3b19d5b1
b7914000
3a96a4bc
d0000000
3f61a238
1e014000
ba99fbd8
67914000
3a96a4bc
d0008000
3f61a238
1e010000
ba99fbd8
67910000
0
0
0
0
0
0
0
0
0
0
3f76028a
3004000
bc9c053a
de00c000
3d1fc676
7e900000
3749199b
9190c000
3f76028a
3000000
bc9c053a
de014000
3d1fc676
7e908000
3749199b
91914000
36c7b4c6
3b000000
0
4000
3f7f7aea
58014000
3aa2e04e
4c908000
baa3ac70
5c914000
36c7b4c6
3b008000
3f7f7aea
58010000
3aa2e04e
4c904000
baa3ac70
5c910000
36c7b4c6
3b004000
3f7f7aea
5800c000
3aa2e04e
4c900000
baa3ac70
5c90c000
0
0
0
0
0
0
0
0
0
0
0
0
0
0
0
0
0
0
0
0
0
0
0
0
0
0
0
0
0
0
0
0
0
0
0
0
0
0
0
0
0
0
0
0
