hex
0
0
0
0
3f7fc845
c6008000
3f7fc845
c6004000
3f7fc845
c6000000
0
0
0
0
0
0
0
0
0
0
0
0
0
0
0
0
0
0
0
0
0
0
0
0
0
0
0
0
0
0
0
0
0
0
0
0
0
0
0
0
0
0
3b9f4f24
6d008000
3f7eba75
52904000
3b9f4f24
6d004000
3f7eba75
52900000
3f76028a
fa008000
3d1fd2f8
51904000
3b9f4f24
6d000000
3f7eba75
52908000
3f76028a
fa004000
3d1fd2f8
51900000
3b9f4f24
6d008000
3f7eba75
52904000
0
0
0
0
0
0
0
0
0
0
0
0
0
0
0
0
0
0
0
0
0
0
0
0
0
0
0
0
0
0
3f7a8e38
90008000
c2c3bf1c
31010000
0
0
0
0
0
0
3f800000
90c000
3f800000
908000
3f800000
908000
3f800000
904000
3f800000
904000
3f800000
900000
3f800000
900000
0
0
0
0
0
0
0
0
0
0
0
0
0
0
0
0
0
0
0
0
0
0
0
0
0
0
0
0
0
0
bc2306b1
7c004000
3f7eba75
5200c000
3c269191
58900000
32db4ab5
ec004000
b62b525b
9500c000
36af51ab
75900000
3b9f4f24
6d004000
bef8eba8
eb00c000
3f7eba75
52900000
3b9f4f24
6d000000
bef8eba8
eb014000
3f7eba75
52908000
3b9f4f24
6d008000
bef8eba8
eb010000
3f7eba75
52904000
3b9f4f24
6d004000
bef8eba8
eb00c000
3f7eba75
52900000
0
0
0
0
0
0
0
0
0
0
0
0
0
0
0
0
0
0
0
0
0
0
0
0
0
0
0
0
0
0
0
0
0
0
0
0
0
0
0
0
0
0
0
0
0
0
0
0
0
0
