hex
0
0
0
4000
0
8000
0
c000
0
10000
0
14000
0
18000
0
1c000
0
20000
0
24000
0
28000
0
2c000
3f800000
90c000
3f7a8e38
90000000
3f7a8e38
90008000
3f7a8e38
90004000
3f7a8e38
90000000
3f7a8e38
90008000
3f7a8e38
90004000
0
0
0
0
0
0
0
0
0
0
0
0
0
0
0
0
32db4ab5
ec004000
0
8000
0
c000
0
10000
0
14000
0
18000
0
1c000
0
20000
0
24000
0
28000
0
2c000
0
30000
0
34000
0
38000
36af51ab
75900000
3b9f4f24
6d004000
3f7eba75
52900000
3b9f4f24
6d000000
3f7eba75
52908000
3b9f4f24
6d008000
3f7eba75
52904000
3b9f4f24
6d004000
3f7eba75
52900000
3b9f4f24
6d000000
3f7eba75
52908000
0
0
0
0
3f7a8e38
90004000
0
8000
c2c3bf1c
3100c000
0
10000
0
14000
0
18000
0
1c000
0
20000
0
24000
0
28000
0
2c000
0
30000
0
34000
3f7a8e38
90000000
0
4000
c2c3bf1c
31014000
0
0
3f7a8e38
90008000
c2c3bf1c
31010000
0
0
36ac7272
30004000
ba06b969
3500c000
3f7a8e38
90004000
c2c3bf1c
3100c000
3f7a8e38
90000000
c2c3bf1c
31014000
0
0
3f76028a
3008000
bc9c053a
de010000
3d1fc676
7e904000
3749199b
91910000
32db4ab5
ec000000
0
4000
0
8000
3f7fffd5
2b014000
36af51ab
75908000
0
0
32db4ab5
ec008000
3f7fffd5
2b010000
36af51ab
75904000
0
0
32db4ab5
ec004000
0
8000
3f7fffd5
2b00c000
36af51ab
75900000
bc2306b1
7c000000
3f7eba75
52014000
3c269191
58908000
bc2306b1
7c008000
3f7eba75
52010000
3c269191
58904000
0
0
0
0
0
0
0
0
0
0
0
0
0
0
0
0
0
0
0
0
0
0
0
0
0
0
0
0
0
0
0
0
0
0
0
0
