int
0
2071
3920
2067
0
2192
2135
2085
2056
2106
2171
2052
2239
2287
2048
2113
2283
2060
2102
2279
2200
2275
2271
2196
2109
2232
2098
2128
2121
2160
2267
2124
2205
2152
2094
2208
2229
2148
2263
2144
3929
2259
2090
3925
2255
2251
2247
2243
2227
2223
2219
2215
2191
2187
2183
2179
2175
2167
2159
2143
2139
2119
2083
2079
6171
0
0
2203
0
2155
0
2052
2113
2106
2151
0
2147
0
2048
2071
2109
2102
2228
2171
0
2067
2120
3929
2163
2098
2204
2211
0
2135
2128
3925
2287
2094
2124
2283
2279
2275
2236
3921
2271
2090
2232
2267
2263
2196
2061
2259
2192
2086
2255
2251
2247
2057
2243
2227
2223
2219
2215
2191
2187
2183
2179
2175
2167
2159
2143
2139
2119
2083
2079
6171
0
0
0
2223
0
0
2192
2105
2110
2219
0
2071
0
2060
2239
2101
3930
2235
2196
2163
0
2211
0
2200
2097
3926
2135
2116
2155
0
2151
2128
2093
3922
2147
2204
2067
0
2171
2124
2089
2058
2287
2120
2283
2279
2275
2228
2085
2054
2271
2224
2267
2263
2259
2255
2113
2050
2251
2247
2243
2215
2191
2187
2183
2179
2175
2167
2159
2143
2139
2083
2079
6171
0
0
0
2127
0
2067
2062
2108
2105
2171
0
2198
2071
0
3928
2163
2101
2202
2211
0
2135
3924
2122
2155
2097
2151
2238
2147
3920
2287
2234
2283
2093
2279
2230
2056
2275
2271
2226
2267
2089
2263
2052
2222
2259
2255
2251
2218
2085
2048
2247
2118
2243
2215
2191
2130
2192
2113
2187
2206
2183
2179
2175
2167
2159
2143
2139
2083
2079
6171
0
0
0
2123
0
0
0
2207
0
0
0
2231
0
0
2104
2049
3930
2195
0
0
2203
0
0
2199
0
2239
0
2235
0
2100
2061
3926
2067
0
2131
0
2127
0
2171
0
2211
0
2071
0
2096
2057
3922
2163
2287
2248
2283
2279
2275
2271
2244
2267
2263
2259
2255
2240
2053
2094
2227
2223
2140
2219
2215
2191
2187
2136
2183
2179
2175
2167
2132
2113
2090
2159
2119
2152
2083
2079
2075
0
2148
0
0
0
0
2144
2109
6182
0
0
0
2131
0
0
0
2127
0
0
0
2239
0
0
2048
2105
3930
2235
0
0
0
2231
0
0
0
2123
0
0
0
2060
2101
3926
2207
0
0
2199
0
0
2195
0
0
2203
0
2171
2056
2097
3922
2071
0
2163
2249
2211
0
2067
2287
2245
2283
2279
2275
2052
2241
2094
2271
2267
2263
2141
2259
2255
2227
2223
2137
2219
2215
2191
2112
2133
2090
2187
2183
2179
2153
2175
2167
2159
2119
2149
2083
2079
2075
2108
2145
6182
0
0
0
0
2154
0
0
0
0
2150
0
0
0
0
2104
2049
2250
3931
0
0
0
2246
0
0
0
2118
0
0
0
2100
2061
2130
3927
0
0
2230
0
0
0
2226
0
0
0
2222
2096
2057
0
2218
3923
0
0
2192
2126
0
0
0
2240
2122
0
0
2053
2144
2206
2095
2170
0
2200
2066
0
2238
0
2196
2234
0
2162
2113
2140
2210
2091
2070
2286
2136
2282
2278
2274
2270
2132
2266
2262
2258
2109
2254
2214
2190
2186
2182
2178
2174
2166
2158
2082
2078
2074
6183
0
0
0
0
2151
0
0
0
0
2251
0
0
0
0
2048
2105
3930
2247
0
0
0
2231
0
0
0
2227
0
0
0
2060
2101
3926
2223
0
0
0
2219
0
0
0
2127
0
0
0
2056
2097
3922
2123
0
0
0
2207
2193
0
0
2119
0
2241
0
2052
2131
2094
2145
0
2239
0
0
2201
2235
0
2211
0
2197
2071
2112
2171
2090
2141
2067
0
2163
2287
2137
2283
2279
2275
2271
2133
2267
2108
2263
2086
2153
2259
2255
2215
2191
2187
2183
2179
2175
2167
2159
2083
2079
6171
0
0
2063
2120
0
2203
0
2176
2199
0
0
2204
2069
2098
2195
2172
0
2059
0
2168
2055
0
2239
2228
2113
2094
2235
2164
2135
0
2155
2160
2151
0
2147
2156
2109
2090
2211
2260
2131
0
2127
2256
2287
2283
2279
2252
2105
2086
3928
2275
2271
3924
2267
2251
3920
2247
2243
2048
2101
2066
2227
2223
2219
2215
2191
2187
2183
2143
2139
2119
2083
2079
6171
0
0
0
2131
0
0
2052
2239
0
0
0
2113
2098
2048
2235
0
0
0
2231
0
2060
0
2127
2109
2094
2199
0
2056
2195
0
0
2120
2203
0
2147
2176
2105
2090
2135
2172
2155
0
2211
2168
2151
2287
2283
2204
2101
2086
2279
2164
2275
2271
2267
2260
3929
2251
2247
2256
2243
2066
2227
2252
3925
2223
2219
2160
2215
2191
2187
2156
3921
2070
2183
2143
2139
2119
2083
2079
6171
0
0
0
2179
0
0
2060
2175
0
0
0
2113
2098
2056
2171
0
0
0
2167
0
2192
0
2163
2109
2094
0
2231
2052
0
0
2227
0
2196
0
2223
2105
2090
2200
2219
0
2147
2156
2135
0
2239
2120
2235
2101
2086
2204
2155
0
2211
2116
3929
2151
2287
2128
2283
2279
2066
2124
3925
2275
2271
2260
2267
2251
2247
2256
3921
2243
2070
2252
2215
2191
2187
2049
2183
2143
2139
2083
2079
6171
0
0
0
2171
0
0
2060
2167
0
0
0
2097
2114
2056
2163
0
0
0
2239
0
2192
0
2235
2093
2110
0
2231
2052
0
0
2227
0
2196
0
2223
2089
2106
2200
2219
0
0
2204
2159
0
0
2116
2123
2085
2102
2128
2211
0
2151
2124
2147
3930
2135
2176
2155
2065
2287
2172
3926
2283
2279
2260
2275
2271
2267
2256
3922
2069
2251
2252
2247
2243
2215
2050
2191
2187
2183
2143
2139
2083
2079
6171
0
0
0
0
2142
0
0
0
0
2138
0
0
0
0
2134
0
0
0
2056
2105
2154
3931
0
0
0
2150
0
0
0
0
2146
0
0
0
2166
0
0
2052
2101
2162
3927
0
0
2158
0
0
0
2122
0
0
0
2178
0
0
0
2206
2048
2097
0
2262
3923
0
0
2258
0
0
0
2254
0
0
0
2174
0
0
0
2068
2093
2170
0
2063
0
2230
0
0
2194
0
0
2202
0
0
2198
0
2126
0
2064
2089
2238
0
2234
2248
2130
2115
2210
2286
2244
2282
2278
2274
2270
2240
2266
2226
2222
2218
2085
2214
2190
2186
2182
2118
2082
2078
2074
6207
0
0
0
0
2138
0
0
0
0
2134
0
0
0
0
2154
0
0
0
2056
2105
2150
3931
0
0
0
2146
0
0
0
2170
0
0
0
2206
0
0
0
2052
2101
2166
3927
0
0
2162
0
0
0
2158
0
0
0
2130
0
0
0
2262
2048
2097
0
2258
3923
0
0
2254
0
0
0
2238
0
0
0
2234
0
0
0
2068
2093
2230
0
2063
0
2126
0
0
0
2122
0
0
0
2178
0
0
0
2174
2064
2089
2198
0
2115
2248
2194
0
0
2202
2244
2210
2286
2282
2278
2240
2274
2270
2266
2226
2140
2085
2222
2218
2214
2190
2186
2182
2118
2082
2078
2074
6207
0
0
0
0
2196
0
0
0
0
2140
0
0
0
0
2136
0
0
0
2057
2132
2106
3931
0
0
2152
0
0
0
0
2148
0
0
0
0
2248
0
0
2053
0
2244
2102
3927
0
2124
0
0
0
2120
0
0
0
2116
0
0
0
2176
2049
0
0
2172
2098
3923
0
2168
0
0
0
2260
0
0
0
2256
0
0
0
2252
2069
0
0
2164
2094
2063
0
2160
0
0
0
2228
0
0
0
2224
0
0
0
2220
2065
0
0
2216
2090
2115
0
2156
2193
0
0
2128
0
2241
0
2204
0
2236
2145
2232
0
2208
2284
2280
2276
2272
2268
2264
2212
2188
2184
2180
2080
2076
2072
2201
2086
6207
0
0
0
2171
0
0
0
2167
0
0
0
2163
0
0
0
2263
0
0
2100
3929
2050
2259
0
0
0
2255
0
0
0
2239
0
0
0
2235
0
0
0
2096
3925
2070
2231
0
0
0
2227
0
0
0
2223
0
0
0
2219
0
0
0
2092
3921
2066
2159
0
0
0
2131
0
2194
0
2207
0
0
0
2198
2127
0
0
2088
2061
2246
2123
0
2211
2287
2242
2283
2279
2275
2271
2150
2267
2215
2191
2187
2146
2183
2084
2113
2083
2202
2079
2075
0
0
2142
0
0
0
0
2138
0
0
0
0
2134
2056
2109
0
0
2154
0
0
0
0
2250
0
0
0
2118
0
0
0
2178
0
2052
2105
6270
0
2155
3924
2239
0
3920
2235
2113
2180
2106
2151
2048
2147
0
2060
2109
2071
2192
2102
2067
2056
2073
2211
2052
2203
2196
2081
2188
2098
2276
2287
2184
2077
2132
2283
2264
2121
2128
2094
2168
2205
2124
2275
2160
2229
2116
2090
3929
2271
2263
2259
2255
2251
2247
2086
2243
2227
2223
2219
2215
2179
2175
2167
2159
2143
6235
0
2191
0
2267
2072
2187
0
2109
2106
2080
2071
0
2067
0
2076
3929
2102
2171
2228
2135
0
2163
2120
3925
2098
2119
2204
2155
0
2151
2128
3921
2094
2147
2124
2287
2283
2275
2236
2061
2090
2271
2232
2263
2259
2180
2057
2255
2192
2086
2208
2251
2200
2053
2276
2247
2196
2114
2243
2227
2049
2223
2219
2215
2179
2175
2167
2159
2143
6235
0
0
0
0
0
2207
0
2112
0
0
0
2123
2077
3930
0
2108
0
2119
0
2199
0
2195
0
2104
2191
2073
3926
2187
0
2183
0
2100
2147
0
2071
0
2171
0
2053
2096
3922
2067
0
2163
0
2135
2228
2155
0
2239
0
2049
2235
2216
2062
2151
0
2211
0
2224
2093
2203
2287
2283
2279
2220
2275
2058
2089
2271
2267
2128
2263
2259
2255
2251
2085
2124
2247
2243
2082
2215
2179
2175
2167
2159
2143
6235
0
0
0
0
0
2235
0
2112
0
0
0
2227
2077
3930
0
2108
0
2223
0
0
0
0
0
2104
2131
2073
3926
0
0
0
2127
2100
2199
0
2195
0
2191
0
2053
2096
3922
2187
0
2183
0
2147
2228
2071
0
2171
0
2049
2067
2216
2062
2163
0
2135
0
2204
2093
2155
0
2151
0
2120
2211
2058
2089
2203
2287
2116
2283
2279
2275
2271
2085
2236
2267
2263
2082
2259
2255
2251
2247
2243
2215
2179
2175
2167
2159
2143
6235
0
0
0
0
2251
0
0
0
0
2247
0
0
0
0
2048
2105
3930
2243
0
0
0
2123
0
0
0
2207
0
0
0
2060
2101
3926
2231
0
0
2195
0
0
2183
0
2203
0
2199
0
2056
2097
3922
2279
0
2191
2073
2187
0
2267
0
2081
2127
0
2119
2052
2077
2094
2171
0
2239
2153
2235
0
2071
0
2149
2163
0
2067
2112
2145
2090
2131
0
2211
2141
2287
2283
2275
2271
2137
2263
2259
2255
2108
2133
2086
2227
2223
2219
2215
2179
2175
2167
6255
0
0
0
0
2250
0
0
0
0
2246
0
0
0
0
2048
2105
2242
3931
0
0
2130
0
0
0
2126
0
0
0
2238
2060
2101
0
2234
3927
0
0
2230
0
0
0
2122
0
0
0
2056
2097
2206
0
3923
2194
2073
0
2182
0
2162
2081
2210
0
2278
2052
2077
2202
0
2198
2095
2153
2266
0
2190
0
2149
2186
0
2066
2112
2145
2118
0
2170
2091
2141
2070
2286
2282
2274
2137
2270
2262
2258
2108
2133
2254
2226
2222
2218
2214
2178
2174
2166
2158
6183
0
0
0
0
0
0
2228
0
0
0
0
0
0
2216
0
0
0
0
0
2224
2053
2094
3931
0
0
2220
0
0
0
0
0
2128
0
0
0
0
0
2124
0
0
0
2049
2090
2204
3927
0
0
0
0
2120
0
0
0
0
0
2116
0
0
0
0
2248
0
2061
2086
0
2244
3923
0
0
0
2240
0
0
0
0
2144
0
0
0
0
2140
0
0
2057
2082
2136
0
2107
0
0
2132
0
0
0
0
2152
0
0
0
0
2148
0
2200
0
2196
2113
2192
2078
2188
2103
2184
0
2180
0
2160
0
2064
0
2168
0
2236
0
2232
0
2068
0
2208
2284
2280
2276
2272
2268
2264
2260
2256
2252
2212
2176
2172
2164
2156
2109
2074
6195
0
0
0
0
0
2127
0
0
0
0
2251
0
0
0
0
2247
0
0
0
0
2088
2061
3930
2243
0
0
0
0
2139
0
0
0
0
2135
0
0
0
0
2155
0
0
2084
2057
3926
2151
0
0
0
0
2147
0
0
0
0
2143
0
2203
0
2199
0
2195
0
2080
2113
3922
2191
0
2187
0
2183
0
2163
0
2067
0
2171
0
2071
0
2211
2287
2283
2279
2076
2109
2106
2275
2271
2267
2263
2259
2229
2255
2215
2179
2175
2167
2159
2217
0
0
0
0
0
2072
2205
2102
0
0
0
0
2121
0
0
0
0
0
2117
0
0
0
0
0
2237
0
2052
0
2098
0
2233
0
0
0
0
0
2225
0
0
0
0
0
2221
0
0
0
0
2048
2129
6190
0
2279
0
2204
2191
0
2187
2172
2267
0
2155
2168
2113
2098
2151
2228
2147
0
2239
2164
2235
0
2127
2160
2109
2094
2119
2156
2135
0
2131
2260
2211
2287
2283
2256
2105
2090
2275
2252
2271
2251
3928
2247
2243
3924
2227
2223
3920
2101
2086
2192
2219
2215
2056
2073
2143
2052
2139
0
2180
2081
2066
2048
0
0
2060
2077
2200
0
2196
2121
0
0
2070
6273
0
0
0
2163
0
0
2050
2159
0
0
0
2096
2113
2062
2131
0
0
0
2239
0
2058
0
2235
2092
2109
2074
2231
0
0
0
2082
2127
0
0
2195
2088
2105
2078
2183
0
2119
2122
2211
0
2279
2178
2203
2084
2101
2174
2199
0
2267
2170
2191
3929
2187
2206
2155
2064
2151
2166
3925
2147
0
2262
2135
2287
2283
3921
2258
2068
2275
2271
2254
2251
2053
2247
2243
2227
2223
2219
2215
2143
6235
0
0
0
0
0
2125
0
0
0
0
0
2104
2205
2074
3931
0
0
0
2121
0
0
0
0
2100
2117
0
2054
3927
2157
0
0
0
2177
0
0
2096
2173
0
0
2050
2169
3923
0
0
2165
0
0
2092
2161
0
0
2086
2261
0
2063
0
2257
0
0
2088
2253
0
2201
2070
2197
0
2228
2193
2059
2189
0
2185
0
2216
2181
2066
2153
0
2149
2224
2145
2083
2237
0
2233
2220
2133
2114
2209
2285
2281
2128
2277
2273
2269
2265
2249
2245
2241
2213
2141
2137
2110
6175
0
0
0
0
0
2223
0
0
0
0
0
2100
3929
2054
2131
0
0
0
0
0
2127
0
0
2096
2175
3925
2050
0
2171
0
0
0
2167
0
0
2092
2163
0
3921
2086
2159
0
0
0
2179
0
0
2088
2263
0
0
2061
2070
2259
2228
0
0
2255
0
2203
0
2216
2199
0
2057
2066
2195
2204
2191
0
2187
0
2183
2120
2155
0
2151
2081
2114
2116
2147
0
2135
0
2211
2236
2287
2283
2279
2275
2077
2232
2110
2271
2267
2251
2247
2224
2243
2215
2143
2139
0
2073
6202
0
0
0
0
2148
0
0
0
0
2144
0
0
0
0
2140
0
0
0
2057
2136
2106
3931
0
0
2132
0
0
0
0
2248
0
0
0
0
2244
0
0
2053
0
2240
2102
3927
0
2164
0
0
0
2160
0
0
0
2156
0
0
0
2120
2049
0
0
2176
2098
3923
0
2204
0
0
0
2260
0
0
0
2256
0
0
0
2252
2069
0
0
2172
2094
2063
0
2168
0
0
0
2228
0
0
2180
0
0
2192
0
2208
2065
2200
0
2276
2090
2196
2073
2188
2115
2264
0
2236
2081
2232
0
2184
0
2128
2077
2124
0
2116
2284
2280
2272
2268
2224
2220
2216
2212
2153
2086
6207
0
0
0
2159
0
0
0
2131
0
0
0
2263
0
0
0
2259
0
0
2048
2101
3930
2255
0
0
0
2239
0
0
0
2235
0
0
0
2231
0
0
0
2068
2097
3926
2127
0
0
0
2123
0
0
0
2179
0
0
0
2175
0
0
2183
2064
2093
3922
2195
0
2072
2187
0
2119
0
2080
2279
0
2211
0
2076
2203
0
2267
0
2152
2089
2062
2199
0
2148
2191
2287
2283
2275
2144
2271
2227
2223
2219
2140
2215
0
0
0
2136
2085
2114
0
0
2132
0
0
0
0
2248
0
0
0
0
2244
0
0
0
0
2240
2057
2110
0
2168
0
0
0
2204
0
0
0
2164
0
0
0
2160
0
0
0
2053
6202
0
0
0
0
0
2222
0
0
0
0
0
2130
0
0
0
0
0
2126
0
0
0
0
0
2206
2064
3929
2107
0
0
2122
0
0
0
0
0
2118
0
0
0
0
2250
0
0
0
0
2246
0
0
0
2060
3925
2242
2103
0
0
0
2146
0
0
0
0
2142
0
0
0
0
2138
0
0
0
0
2134
0
0
2056
3921
2154
2099
0
0
0
2150
0
0
0
2170
0
0
0
2166
0
0
0
2162
0
0
0
2158
0
2052
2081
2178
2095
0
0
2174
0
0
0
2262
0
0
0
2258
0
0
0
2254
0
2210
0
2202
0
2198
2048
2077
2194
2091
2190
0
2186
0
2238
0
2234
0
2182
2286
2282
2278
2274
2270
2266
2214
0
0
0
0
0
2112
2073
0
2087
0
0
0
0
0
0
2231
0
0
0
0
0
0
2219
0
0
0
0
0
2227
0
2108
6165
0
0
0
0
0
2123
0
0
0
0
0
2119
0
0
0
0
0
2239
0
0
0
0
0
2235
2064
3929
2106
0
0
2227
0
0
0
0
0
2223
0
0
0
0
0
2131
0
0
0
0
0
2127
0
2060
3925
2102
2251
0
0
0
0
2247
0
0
0
0
2243
0
0
0
0
2139
0
0
0
0
2135
0
2056
3921
2098
2155
0
0
0
0
2151
0
0
0
0
2147
0
0
0
0
2143
0
0
0
2163
0
0
2052
2081
2094
2159
0
0
0
2179
0
0
0
2175
0
0
0
2171
0
0
0
2167
0
0
0
2263
0
2048
2077
2090
2259
0
0
0
2255
0
2211
0
2203
0
2199
0
2195
0
2191
0
2187
0
2183
2287
2283
2279
2112
2073
2086
2275
2271
2267
2215
0
0
2230
0
0
0
0
0
0
2218
0
0
0
0
0
2206
0
0
2108
6165
0
0
0
0
0
0
0
0
0
0
0
0
0
0
0
0
0
0
0
0
0
0
0
0
0
0
0
0
0
0
0
0
0
0
0
0
0
0
0
0
0
0
0
0
0
0
0
0
0
0
0
0
0
0
0
0
0
0
0
0
0
0
0
0
0
0
0
0
0
0
0
0
0
0
0
0
0
0
0
0
0
0
0
0
0
0
0
0
0
0
0
0
0
0
0
0
0
0
0
0
0
0
0
0
0
0
0
0
0
0
0
0
0
0
0
0
0
0
0
0
0
0
0
0
0
0
0
0
0
0
0
0
0
0
0
0
0
0
0
0
0
0
0
0
0
0
0
0
0
0
0
0
0
0
0
0
0
0
0
0
0
0
0
0
0
0
0
0
0
0
0
0
0
0
0
0
0
0
0
0
0
0
0
0
0
0
0
0
0
0
0
0
0
0
0
0
0
0
0
0
0
0
0
0
0
0
0
0
0
0
0
0
0
0
0
0
0
0
0
0
0
0
0
0
0
0
0
0
0
0
0
0
0
0
0
0
0
0
0
0
0
0
0
0
0
0
0
0
0
0
0
0
0
0
0
0
0
0
0
0
0
0
0
0
0
0
0
0
0
0
0
0
0
0
0
0
0
0
0
0
0
0
0
0
0
0
0
0
0
0
0
0
0
0
0
0
0
0
0
0
0
0
0
0
0
0
0
0
0
0
0
0
0
0
0
0
0
0
0
0
0
0
0
0
0
0
0
0
0
0
0
0
0
0
0
0
0
0
0
0
0
0
0
0
0
0
0
0
0
0
0
0
0
0
0
0
0
0
0
0
0
0
0
0
0
0
0
0
0
0
0
0
0
0
0
0
0
0
0
0
0
0
0
0
0
0
0
0
0
0
0
0
0
0
0
0
0
0
0
0
0
0
0
0
0
0
0
0
0
0
0
0
0
0
0
0
0
0
0
0
0
0
0
0
0
0
0
0
0
0
0
0
0
0
0
0
0
0
0
0
0
0
0
0
0
0
0
0
0
0
0
0
0
0
0
0
0
0
0
0
0
0
0
0
0
0
0
0
0
0
0
0
0
0
0
0
0
0
0
0
0
0
0
0
0
0
0
0
0
0
0
0
0
0
0
0
0
0
0
0
0
0
0
0
0
0
0
0
0
0
0
0
0
0
0
0
0
0
0
0
0
0
0
0
0
0
0
0
0
0
0
0
0
0
0
0
0
0
0
0
0
0
0
0
0
0
0
0
0
0
0
0
0
0
0
0
0
0
0
0
0
0
0
0
0
0
0
0
0
0
0
0
0
0
0
0
0
0
0
0
0
0
0
0
0
0
0
0
0
0
0
0
0
0
0
0
0
0
0
0
0
0
0
0
0
0
0
0
0
0
0
0
0
0
0
0
0
0
0
0
0
0
0
0
0
0
0
0
0
0
0
0
0
0
0
0
0
0
0
0
0
0
0
0
0
0
0
0
0
0
0
0
0
0
0
0
0
0
0
0
0
0
0
0
0
0
0
0
0
0
0
0
0
0
0
0
0
0
0
0
0
0
0
0
0
0
0
0
0
0
0
0
0
0
0
0
0
0
0
0
0
0
0
0
0
0
0
0
0
0
0
0
0
0
0
0
0
0
0
0
0
0
0
0
0
0
0
0
0
0
0
0
0
0
0
0
0
0
0
0
0
0
0
0
0
0
0
0
0
0
0
0
0
0
0
0
0
0
0
0
0
0
0
0
0
0
0
0
0
0
0
0
0
0
0
0
