int
0
0
0
0
0
0
0
2084
2093
2110
2119
0
2221
0
0
2080
2229
0
0
2106
2069
2219
0
2312
2245
0
0
3929
0
2054
3925
2076
2215
3921
0
0
2065
0
0
2180
2145
2050
2211
2141
0
0
2249
2176
0
2137
0
2242
2225
2207
2149
2172
2061
0
2057
0
2237
2134
2193
2072
2189
2203
2185
0
2169
0
2165
2100
2161
2130
2157
2199
2153
2309
2305
2232
2301
2297
2293
2289
2285
2281
2277
2096
2273
2269
2265
2261
2257
2253
2126
2115
0
0
0
0
0
0
0
2091
6218
0
0
0
0
2155
0
0
2176
0
2213
2110
2151
0
0
0
2172
2275
0
0
2209
2106
2271
0
2072
0
0
2267
0
0
2205
2054
2100
2263
0
0
0
0
2259
0
2232
2201
2050
2255
0
0
0
0
2096
2147
0
2197
2242
0
2143
0
2092
0
0
2239
0
3928
2113
2134
2139
0
3924
0
0
2063
2089
3920
0
2130
2059
0
2192
0
2085
2247
0
2188
0
2126
2067
0
2184
2081
2227
0
0
2168
2223
2122
0
2313
2164
2251
0
0
2071
2160
0
2077
2118
2231
2156
2311
2307
2303
2299
2181
2295
2291
2218
2287
2283
6375
0
0
0
0
0
0
0
0
0
2052
2109
2050
2171
0
0
0
0
0
0
2216
2105
2062
2167
0
0
0
0
0
0
2212
2101
2058
2163
0
0
0
0
0
0
2208
2097
2314
2159
0
0
0
0
0
0
2204
2093
2134
2155
0
0
0
0
0
0
2200
2089
2130
2151
0
0
0
2251
0
0
2196
2085
2126
2247
0
0
0
2067
0
0
2192
2081
2122
2227
0
0
0
2223
0
0
2188
2241
2118
3931
0
0
3927
0
0
3923
2184
2237
2114
2139
0
0
2071
0
0
2231
2180
2233
2286
2147
0
0
2143
2311
2307
2303
2176
2077
2282
2299
2295
2291
2275
2271
2267
2263
2172
2073
2278
2259
6351
0
0
0
0
0
0
0
0
0
2128
0
0
2269
3930
2075
0
0
0
0
2124
0
0
0
0
0
2265
3926
2063
0
2120
0
0
0
0
0
0
0
0
2261
2116
3922
2059
0
0
0
0
0
0
0
2112
0
2257
0
2314
2103
0
0
0
0
2108
0
0
0
0
2253
0
2166
2099
0
2240
0
0
0
0
0
0
0
2141
0
2104
2162
2195
0
0
0
0
0
0
0
2052
2137
0
0
2158
2191
0
0
0
0
2048
0
0
0
2093
0
0
2154
2187
0
2216
0
0
0
0
0
0
2237
0
0
2212
2150
2183
0
0
0
0
0
0
0
2208
2233
0
0
2146
2179
0
0
0
0
2204
0
0
0
2089
0
0
2286
2175
0
2200
0
0
0
2228
0
0
2085
2068
0
2282
2171
2220
0
0
0
2244
0
0
2248
2081
2199
2224
2278
0
2064
2308
2304
2300
2296
2292
2288
2135
2077
0
0
6370
0
0
0
0
0
0
0
2235
0
0
0
2120
2161
2198
0
2095
0
0
0
0
0
0
0
2116
2157
2194
2091
0
0
0
0
0
0
0
2087
2112
2153
2190
0
0
0
0
2183
0
0
0
0
2216
2149
2186
2179
0
0
0
0
0
0
0
2175
2212
2049
2110
2071
0
0
0
2251
0
0
0
2247
2208
2061
2106
2231
0
0
0
2227
0
0
0
2223
2204
2057
2054
2067
0
0
3931
0
0
3927
0
0
2200
2133
2298
3923
0
0
2147
0
2080
2143
0
0
2139
2129
2294
2311
2076
2307
2303
2287
2283
2279
2275
2271
2072
2241
2290
2267
2263
2259
2255
0
2312
0
0
0
0
2237
2170
0
2100
0
0
0
0
0
0
0
2096
2125
6262
0
0
0
0
0
0
0
0
0
0
0
0
0
0
2212
2269
3930
2159
0
0
0
0
0
0
0
0
0
0
0
2208
2265
3926
2155
0
0
0
0
0
0
0
2315
0
0
0
2204
2261
3922
0
2183
0
0
0
0
0
0
0
2179
0
0
2200
2257
2150
0
0
2175
0
0
0
0
0
0
0
2103
0
2196
2253
2146
0
0
0
2099
0
0
0
0
0
0
0
2095
2192
2121
2142
0
0
0
0
2091
0
0
0
0
0
0
0
2188
2117
2138
2087
0
0
0
0
0
0
0
2235
0
0
0
2184
2241
2298
0
2083
0
0
0
0
0
0
0
2079
0
0
2048
2237
2294
0
0
2075
0
0
0
2231
0
0
0
2071
0
2060
2113
2290
2223
0
0
0
2247
0
0
2251
0
0
2227
0
2056
2109
2134
2067
2311
2307
2303
2287
2283
2279
0
0
0
0
0
2168
2105
2130
0
0
0
0
0
0
0
0
0
0
0
0
2164
2053
2126
0
0
0
0
0
0
0
0
0
0
0
0
2160
2217
6370
0
0
0
0
0
0
0
0
0
0
0
0
0
0
0
0
0
0
0
2052
2109
2134
2171
0
0
0
0
0
0
0
0
0
0
0
0
0
0
0
0
2216
2105
2130
2167
0
0
0
0
0
0
0
0
0
0
0
0
0
0
0
0
2212
2101
2126
2163
0
0
0
0
0
0
0
0
0
0
0
0
0
0
0
0
2208
2097
2314
2159
0
0
0
0
0
0
0
0
0
0
0
0
0
0
0
0
2204
2093
2122
2155
0
0
0
0
0
0
0
0
0
0
0
0
0
0
0
0
2200
2089
2118
2151
0
0
0
0
0
0
0
0
0
0
0
0
0
0
0
0
2196
2085
2114
2051
0
0
0
0
0
0
0
0
0
0
0
0
0
0
0
0
2192
2081
2298
2063
0
0
0
0
0
0
0
0
0
0
0
0
0
0
0
0
2188
2241
2294
2059
0
0
0
2223
0
0
0
2247
0
0
0
2231
0
0
0
2071
2184
2237
2290
3931
0
0
3927
0
0
3923
0
0
2143
0
0
2139
0
0
2067
0
2180
2233
2286
2251
0
0
2227
0
0
2147
2311
2307
2303
2275
2271
2267
2263
2259
2255
0
2176
2077
2282
0
0
0
0
0
0
0
0
0
0
0
0
0
0
0
0
0
2172
2073
6374
0
0
0
0
0
0
0
0
0
0
0
0
0
0
0
0
0
0
0
0
0
0
2196
2261
3930
2135
0
0
0
0
0
0
0
0
0
0
0
0
0
0
0
0
0
0
0
2192
2257
3926
2131
0
0
0
0
0
0
0
0
0
0
0
0
0
0
0
0
0
0
0
2188
2253
3922
2127
0
0
0
0
0
0
0
0
0
0
0
0
0
0
0
0
0
0
0
2184
2073
2314
2123
0
0
0
0
0
0
0
0
0
0
0
0
0
0
0
0
0
0
0
2180
2053
2086
2119
0
0
0
0
0
0
0
0
0
0
0
0
0
0
0
0
0
0
0
2176
2241
2082
2115
0
0
0
0
0
0
0
0
0
0
0
0
0
0
0
0
0
0
0
2172
2237
2078
2111
0
0
0
0
0
0
0
0
0
0
0
0
0
0
0
0
0
0
0
2168
2233
2298
2107
0
0
0
0
0
0
0
0
0
0
0
0
0
0
0
0
0
0
0
2164
2049
2294
2103
0
0
0
0
0
0
0
0
0
0
0
0
0
0
0
0
0
0
0
2160
2061
2290
2099
0
0
0
0
0
0
0
0
0
0
0
0
0
0
0
0
0
0
0
2156
2057
2286
2095
0
0
0
0
0
0
0
0
0
0
0
0
0
0
0
0
0
0
0
2152
2217
2282
2091
0
0
0
2223
0
0
0
2071
0
0
0
2067
0
0
0
2251
0
0
0
2148
2213
2278
2247
0
0
0
2231
0
0
0
2227
2311
2307
2303
0
0
0
0
0
0
0
0
2144
2209
2274
0
0
0
0
0
0
0
0
0
0
0
0
0
0
0
0
0
0
0
0
2140
2205
2270
0
0
0
0
0
0
0
0
0
0
0
0
0
0
0
0
0
0
0
0
2136
2201
6362
0
0
0
0
0
0
0
2235
0
0
0
0
0
2052
2245
2218
2087
0
0
0
0
0
0
0
2083
0
0
2048
2241
2214
0
0
2079
0
0
0
0
0
0
0
2183
2132
2105
2210
0
0
0
0
2179
0
0
0
0
0
0
2128
2069
2206
2175
0
0
0
0
0
0
0
2075
0
0
2124
2229
2310
3931
0
0
3927
0
0
3923
0
0
2139
0
2120
2225
2306
2147
0
0
2143
0
2239
0
2195
0
2191
0
2116
2221
2302
2187
0
2171
0
2167
0
2101
2163
0
2159
0
2112
2155
2202
2097
2151
0
2063
0
2059
2299
2295
2093
2291
2287
2108
2283
2198
2279
2275
2313
2271
2267
2263
2259
2255
0
0
2089
2248
0
6162
0
0
0
0
0
0
0
2177
0
0
0
0
0
2048
2218
2173
2107
0
0
0
0
0
0
2073
0
0
0
2132
3929
2214
2071
0
0
3925
0
0
0
0
3921
0
0
2128
0
2149
2210
2231
0
0
2145
0
0
0
0
2141
0
2124
0
0
2137
2206
2227
0
0
2061
0
0
0
0
2057
2120
0
0
0
2273
2310
2223
0
0
2269
0
0
0
0
2116
2265
2103
0
0
2306
2261
0
0
0
2099
2257
0
0
2112
0
2253
0
2095
2302
0
2237
0
0
0
0
2193
2315
2108
0
0
2189
0
2202
0
2091
2185
0
0
0
0
2169
2248
2235
0
0
2165
2198
0
0
0
2161
2087
0
0
0
2244
2157
0
0
2083
2066
2153
2297
2293
2289
2285
2281
2277
2079
2240
0
0
0
0
2054
0
6279
0
0
0
0
0
0
0
0
0
2084
0
0
0
2229
2134
2219
0
0
0
2080
0
0
0
0
0
0
0
2225
2130
2076
2215
0
0
0
0
0
0
0
0
2236
0
2221
2126
0
2211
0
0
0
0
2232
0
2153
0
0
0
0
2122
0
2207
2192
0
2149
0
0
0
0
0
0
0
2188
2118
2073
2311
0
0
0
0
0
0
2184
0
2313
0
0
2114
0
2307
0
0
2180
0
2061
0
0
0
0
0
0
2110
2176
2303
2057
0
0
0
0
0
0
0
2172
0
2101
2250
0
2203
0
0
0
0
2168
0
2285
0
0
0
0
2246
0
2199
2164
0
2281
0
0
0
0
0
0
0
2160
2242
2277
2067
0
0
0
0
0
0
2156
0
2097
3928
0
2106
3924
2055
0
3920
0
0
2144
2093
0
2140
0
0
2136
2296
2292
2288
2272
2268
2264
2260
2256
2252
2089
2070
6147
0
0
0
0
0
0
0
0
0
0
0
0
2172
2057
2118
2219
0
0
0
0
0
0
0
0
0
2168
2285
0
2114
2215
0
0
0
0
0
0
0
0
2164
2281
0
0
2110
2211
0
0
0
0
0
0
0
2160
2277
0
0
0
2250
2207
0
0
0
0
0
0
2156
2273
0
0
0
0
2246
2311
0
0
0
0
0
2152
2269
0
0
0
0
0
2242
2307
0
0
0
0
2148
2265
0
0
0
0
0
0
2106
2303
0
0
0
2144
2261
0
0
0
0
0
0
0
2070
2203
0
0
2140
2257
0
0
0
0
0
0
0
0
2230
2199
0
2136
2253
0
0
0
0
0
0
0
0
0
2226
2067
2100
2237
0
0
0
0
0
0
0
0
0
0
2222
2096
2233
2055
0
0
0
0
0
0
0
0
0
3930
2092
2193
0
2051
0
0
0
0
0
0
0
0
3926
2088
2189
0
0
2135
0
0
0
0
0
0
0
3922
2084
2185
0
0
0
2131
0
0
0
0
0
0
2314
2080
2181
0
0
0
0
2127
0
0
0
0
0
2074
2076
2296
2292
2288
2177
0
0
2123
0
0
0
0
6158
0
0
0
0
0
0
0
0
0
0
0
0
0
0
0
2220
2129
2158
2171
0
0
0
0
0
0
0
0
0
0
0
0
2216
2125
2154
2167
0
0
0
0
0
0
0
0
0
0
0
0
2212
2121
2150
2163
0
0
0
0
0
0
0
2235
0
0
0
0
2208
2117
2066
2183
0
0
0
0
0
0
0
2179
0
0
0
0
2204
2113
2310
2315
0
0
0
0
0
0
0
2175
0
0
0
0
2200
2109
2306
2083
0
0
0
0
0
0
0
2079
0
0
0
0
2196
2249
2302
2075
0
0
0
0
0
0
0
2103
0
0
0
0
2192
2245
2298
2099
0
0
0
0
0
0
0
2095
0
0
0
0
2188
2241
2294
2091
0
0
0
0
0
0
0
2087
0
0
3931
0
2184
2237
2290
3927
0
0
3923
0
0
2147
0
0
2143
0
0
2139
2052
2105
2062
2287
2283
2279
2275
2271
2267
2263
2259
2255
0
0
0
0
2048
2229
2058
0
0
0
0
0
0
0
0
0
0
0
0
0
2068
2225
6230
0
0
0
0
0
0
0
0
0
0
0
0
0
0
0
0
0
0
2204
2265
2146
3931
0
0
0
0
0
0
0
0
0
0
0
0
0
0
0
2200
2261
2142
3927
0
0
0
0
0
0
0
0
0
0
0
0
0
0
0
2196
2257
2138
3923
0
0
0
0
0
0
0
0
0
0
0
0
0
0
0
2192
2253
2134
2111
0
0
0
0
0
0
0
0
0
0
0
0
0
0
0
2188
2249
2130
2311
0
0
0
0
0
0
0
0
0
0
0
0
0
0
0
2184
2245
2126
2307
0
0
0
0
0
0
0
0
0
0
0
0
0
0
0
2064
2241
2122
2303
0
0
0
0
0
0
0
0
0
0
0
0
0
0
0
2060
2237
2118
2299
0
0
0
0
0
0
0
0
0
0
0
0
0
0
0
2056
2069
2114
2295
0
0
0
0
0
0
2314
0
0
0
0
0
0
0
2082
2168
2229
0
2291
0
0
0
2078
0
0
0
0
0
0
0
2074
0
0
0
2164
2225
0
2107
2234
0
0
0
0
0
0
0
2182
0
0
0
0
0
0
2160
2221
2178
2055
0
0
0
0
0
0
2174
0
0
0
0
0
0
0
2102
2156
2217
0
2051
0
0
0
2098
0
0
0
0
0
0
0
2094
0
0
0
2152
2213
0
2275
2090
0
0
0
0
0
0
0
2086
2286
2282
2278
0
0
0
2148
2209
0
6367
0
0
0
0
0
0
0
0
0
0
0
0
0
0
0
0
0
0
0
0
0
0
0
2204
2073
2094
2059
0
0
0
0
0
0
0
0
0
0
0
0
0
0
0
0
0
0
0
0
2200
2069
2090
2055
0
0
0
0
0
0
0
0
0
0
0
0
0
0
0
0
0
0
0
0
2196
2065
2086
2051
0
0
0
0
0
0
0
0
0
0
0
0
0
0
0
0
0
0
0
0
2192
2061
2314
2135
0
0
0
0
0
0
0
0
0
0
0
0
0
0
0
0
0
0
0
0
2188
2249
2310
2131
0
0
0
0
0
0
0
0
0
0
0
0
0
0
0
0
0
0
0
0
2184
2245
2306
2127
0
0
0
0
0
0
0
0
0
0
0
0
0
0
0
0
0
0
0
0
2180
2241
2302
2123
0
0
0
0
0
0
0
0
0
0
0
0
0
0
0
0
0
0
0
0
2176
2237
2298
2119
0
0
0
0
0
0
0
0
0
0
0
0
0
0
0
0
0
0
0
0
2172
2233
2294
2115
0
0
0
0
0
0
0
0
0
0
0
0
0
0
0
0
0
0
0
0
2168
2229
2290
2111
0
0
0
0
0
0
0
0
0
0
0
0
0
0
0
0
0
0
0
0
2164
2225
2286
2107
0
0
0
0
0
0
0
0
0
0
0
0
0
0
0
0
0
0
0
0
2160
2221
2282
2103
0
0
0
0
0
0
0
0
0
0
0
0
0
0
0
0
0
0
0
0
2156
2217
2278
2099
0
0
3931
0
0
3927
0
0
3923
0
0
2147
0
0
2143
0
0
2139
2275
2271
2152
2213
2082
2267
2263
2259
2255
0
0
0
0
0
0
0
0
0
0
0
0
0
0
0
0
0
2148
2209
6174
0
0
0
0
0
0
0
0
0
0
0
0
0
0
0
0
0
0
0
0
0
0
0
0
0
0
2180
2253
3930
2111
0
0
0
0
0
0
0
0
0
0
0
0
0
0
0
0
0
0
0
0
0
0
0
2176
2249
3926
2107
0
0
0
0
0
0
0
0
0
0
0
0
0
0
0
0
0
0
0
0
0
0
0
2172
2245
3922
2103
0
0
0
0
0
0
0
0
0
0
0
0
0
0
0
0
0
0
0
0
0
0
0
2168
2241
2314
2099
0
0
0
0
0
0
0
0
0
0
0
0
0
0
0
0
0
0
0
0
0
0
0
2164
2237
2310
2095
0
0
0
0
0
0
0
0
0
0
0
0
0
0
0
0
0
0
0
0
0
0
0
2160
2233
2306
2091
0
0
0
0
0
0
0
0
0
0
0
0
0
0
0
0
0
0
0
0
0
0
0
2156
2229
2302
2087
0
0
0
0
0
0
0
0
0
0
0
0
0
0
0
0
0
0
0
0
0
0
0
2152
2225
2298
2083
0
0
0
0
0
0
0
0
0
0
0
0
0
0
0
0
0
0
0
0
0
0
0
2148
2221
2294
2079
0
0
0
0
0
0
0
0
0
0
0
0
0
0
0
0
0
0
0
0
0
0
0
2144
2217
2290
2075
0
0
0
0
0
0
0
0
0
0
0
0
0
0
0
0
0
0
0
0
0
0
0
2140
2213
2286
2071
0
0
0
0
0
0
0
0
0
0
0
0
0
0
0
0
0
0
0
0
0
0
0
2136
2209
2282
2067
0
0
0
0
0
0
0
0
0
0
0
0
0
0
0
0
0
0
0
0
0
0
0
2132
2205
2278
2063
0
0
0
0
0
0
0
0
0
0
0
0
0
0
0
0
0
0
0
0
0
0
0
2128
2201
2274
2059
0
0
0
0
0
0
0
0
0
0
0
0
0
0
0
0
0
0
0
0
0
0
0
2124
2197
2270
2055
0
0
0
0
0
0
0
0
0
0
0
0
0
0
0
0
0
0
0
0
0
0
0
2120
2193
2266
2051
0
0
0
0
0
0
0
0
0
0
0
0
0
0
0
0
0
0
0
0
0
0
0
2116
2189
2262
0
0
0
0
0
0
0
0
0
0
0
0
0
0
0
0
0
0
0
0
0
0
0
0
2112
2185
6354
0
0
0
0
0
0
0
0
0
0
0
0
0
0
0
0
0
0
0
0
0
0
0
0
0
0
0
0
0
0
0
0
0
0
0
0
0
0
0
0
0
0
0
0
0
0
0
0
0
0
0
0
0
0
0
0
0
0
0
0
0
0
0
0
0
0
0
0
0
0
0
0
0
0
0
0
0
0
0
0
0
0
0
0
0
0
0
0
0
0
0
0
0
0
0
0
0
0
0
0
0
0
0
0
0
0
0
0
0
0
0
0
0
0
0
0
0
0
0
0
0
0
0
0
0
0
0
0
0
0
0
0
0
0
0
0
0
0
0
0
0
0
0
0
0
0
0
0
0
0
0
0
0
0
0
0
0
0
0
0
0
0
0
0
0
0
0
0
0
0
0
0
0
0
0
0
0
0
0
0
0
0
0
0
0
0
0
0
0
0
0
0
0
0
0
0
0
0
0
0
0
0
0
0
0
0
0
0
0
0
0
0
0
0
0
0
0
0
0
0
0
0
0
0
0
0
0
0
0
0
0
0
0
0
0
0
0
0
0
0
0
0
0
0
0
0
0
0
0
0
0
0
0
0
0
0
0
0
0
0
0
0
0
0
0
0
0
0
0
0
0
0
0
0
0
0
0
0
0
0
0
0
0
0
0
0
0
0
0
0
0
0
0
0
0
0
0
0
0
0
0
0
0
0
0
0
0
0
0
0
0
0
0
0
0
0
0
0
0
0
0
0
0
0
0
0
0
0
0
0
0
0
0
0
0
0
0
0
0
0
0
0
0
0
0
0
0
0
0
0
0
0
0
0
0
0
0
0
0
0
0
0
0
0
0
0
0
0
0
0
0
0
0
0
0
0
0
0
0
0
0
0
0
0
0
0
0
0
0
0
0
0
0
0
0
0
0
0
0
0
0
0
0
0
0
0
0
0
0
0
0
0
0
0
0
0
0
0
0
0
0
0
0
0
0
0
0
0
0
0
0
0
0
0
0
0
0
0
0
0
0
0
0
0
0
0
0
0
0
0
0
0
0
0
0
0
0
0
0
0
0
0
0
0
0
0
0
0
0
0
0
0
0
0
0
0
0
0
0
0
0
0
0
0
0
0
0
0
0
0
0
0
0
0
0
0
0
0
0
0
