int
0
0
2111
0
3856
2119
0
2169
2090
2152
2115
0
2183
0
2148
2101
2086
2167
0
2144
2163
0
2159
2056
2097
2082
2143
2212
2139
0
2135
2208
2093
2078
2131
2060
2127
2073
2123
2200
2055
2106
2069
2196
2051
0
2207
2192
2065
2178
3928
2191
0
3924
3865
2187
3920
2174
2263
3861
2259
2255
2251
2247
2243
2239
2235
2231
2227
2223
6315
0
0
0
0
2120
2183
0
2097
2090
2116
2167
0
0
0
2112
2093
2086
2163
0
2108
3929
0
2159
0
2224
3925
2082
2155
0
2220
3921
0
2151
0
2216
3865
2078
2147
0
2072
3861
2063
0
0
2068
3857
2106
2059
0
2204
2141
2215
0
0
2064
2137
2178
2211
0
2052
2133
2203
0
0
2048
2129
2174
2199
0
2188
2125
2195
2263
2259
2184
2170
2255
2251
2247
2243
2239
2235
2231
6198
0
0
0
0
0
0
2132
2093
2070
2091
0
0
0
2236
2165
2190
0
2087
0
0
2232
2161
2186
0
0
2083
0
2228
2157
2182
0
0
0
2202
2128
3865
2079
2198
0
0
0
2124
3861
2194
2107
0
0
2058
2120
3857
0
2062
2179
0
0
2064
2153
2214
0
0
2175
2210
2052
2149
3930
0
0
3926
2171
2204
2145
3922
0
0
2118
0
2048
2141
2114
2103
0
2110
2262
2072
2137
2258
2254
2250
2246
2242
2226
2222
2218
6195
0
0
0
0
0
0
0
2177
0
0
2188
2238
3931
0
0
2173
0
0
0
0
0
2184
2234
2169
3927
0
0
0
0
0
0
2105
2180
2230
0
3923
0
0
0
2101
0
0
0
2048
2226
0
3867
2097
0
0
0
0
0
0
2072
2093
2222
3863
0
0
0
0
0
2089
0
2068
0
2218
3859
0
0
2085
0
0
0
0
2164
0
2118
2081
2143
0
0
0
0
0
0
2160
2077
2114
0
2139
2209
0
0
0
2201
0
2156
0
2197
2206
2135
0
2193
0
0
0
2061
2152
0
0
2057
2110
2131
0
2213
2261
2257
2253
2148
2249
2245
2241
2066
2127
0
0
0
0
0
2144
0
0
0
2054
6219
0
0
0
0
2075
0
0
0
0
2204
2245
2170
3867
0
0
0
0
3863
0
2100
2241
2166
3859
0
0
0
0
2071
0
2096
2133
2162
2067
0
0
0
0
2155
0
2092
2129
2158
2203
0
0
0
2199
0
0
2188
2125
2090
2195
0
0
0
2059
0
0
2184
2121
2086
2063
0
0
0
2215
0
0
2180
2077
2082
2211
0
0
3931
0
0
3927
2176
2049
2142
3923
0
0
2119
0
0
2115
2172
2053
2138
2111
2263
2148
2259
2255
2239
2235
2144
2105
2250
2231
2227
2223
6315
0
0
0
0
0
0
0
0
0
0
0
0
2076
2085
2242
3931
0
0
0
0
0
0
0
0
0
2048
2081
2110
3927
0
0
0
0
0
0
0
0
0
2052
2189
2106
3923
0
0
0
0
0
0
0
0
0
2140
2185
2102
2135
0
0
0
0
0
0
0
0
0
2136
2181
2226
2131
0
3864
0
0
0
0
3860
0
0
0
2177
3856
2222
2127
0
0
2148
0
0
0
0
2144
0
2173
0
2218
2072
2123
0
0
0
2068
0
0
0
0
2064
2169
2098
0
2119
2152
0
0
0
2208
0
0
0
2200
2165
2094
0
2196
2115
0
0
2192
0
0
0
2060
0
2161
2206
2056
0
2251
0
2212
2260
2256
2252
2236
2232
2228
2157
2090
0
0
6343
0
0
0
0
0
0
0
0
0
0
0
0
0
0
2152
2073
2242
2123
0
0
0
0
0
0
0
0
0
0
0
2148
2069
2238
2067
0
0
0
0
0
0
0
0
0
0
0
2144
2189
2234
2055
0
0
0
0
0
0
0
0
0
0
0
2140
2185
2230
3867
0
0
0
0
0
0
0
0
0
0
0
2136
2181
2098
3863
0
0
0
0
0
0
0
0
0
0
0
2132
2177
2094
3859
0
0
0
0
0
0
0
0
0
0
0
2128
2173
2090
2051
0
0
0
0
0
0
0
0
0
0
0
2124
2169
2086
2107
2056
0
0
0
2060
0
0
0
2212
0
0
0
2208
2165
2082
2103
2200
0
0
0
2196
0
0
0
2192
0
0
3928
2161
2206
3924
2251
0
3920
0
0
2116
0
0
2112
0
0
2108
2260
2256
2252
2224
2220
2216
2157
2078
6343
0
0
0
0
0
0
0
0
0
0
0
0
0
0
0
0
0
0
2180
2233
3930
2131
0
0
0
0
0
0
0
0
0
0
0
0
0
0
0
2176
2229
3926
2127
0
0
0
0
0
0
0
0
0
0
0
0
0
0
0
2172
2225
3922
2123
0
0
0
0
0
0
0
0
0
0
0
0
0
0
0
2168
2221
3866
2119
0
0
0
0
0
0
0
0
0
0
0
0
0
0
0
2164
2217
3862
2115
0
0
0
0
0
0
0
0
0
0
0
0
0
0
0
2160
2073
3858
2111
0
0
0
0
0
0
0
0
0
0
0
0
0
0
0
2156
2069
2086
2107
0
0
0
0
0
0
0
0
0
0
0
0
0
0
0
2152
2205
2082
2103
0
0
0
0
0
0
0
0
0
0
0
0
0
0
0
2148
2065
2078
2099
0
0
0
0
0
0
0
0
0
0
0
0
0
0
0
2144
2053
2250
2095
0
0
0
0
0
0
0
0
0
0
0
0
0
0
0
2140
2049
2246
2091
0
0
0
2195
0
0
0
2063
0
0
0
2059
0
0
0
2136
2189
2242
2215
0
0
0
2211
0
0
0
2203
0
0
0
2199
2263
2259
2255
2132
2185
6334
0
0
0
0
2155
2136
0
2093
2090
2151
0
2132
0
2185
2147
0
2086
2128
0
2181
3867
0
0
2124
2082
2165
3863
0
0
2120
0
2161
2078
3859
0
2052
0
2157
2075
0
2106
2212
0
2049
2071
0
0
2208
2178
2261
2067
0
0
2204
3931
2257
2174
3927
0
2200
3923
2253
0
2119
2170
2196
2115
2061
0
2111
2251
2192
2102
2057
2247
2243
2239
2188
2235
2141
2098
2231
2227
2223
6315
0
0
0
0
0
0
0
2076
2189
2126
3931
0
0
0
0
2104
0
2185
2122
3927
0
0
0
2100
0
0
2181
2118
3923
0
0
2096
0
0
0
2113
2226
2051
0
2092
0
0
0
0
2109
2222
2063
2088
0
0
0
0
0
2057
2218
2176
2143
0
0
0
0
0
2165
2172
2214
2263
0
0
3864
0
0
2161
0
3860
2210
2259
0
0
3856
0
2157
0
0
2152
2206
2255
0
0
2148
2053
0
0
0
2144
2202
2139
0
2169
2072
0
0
0
0
2068
2198
2085
2135
0
2064
2248
2244
2240
2236
2232
2228
2081
2194
6227
0
0
0
0
0
0
0
0
0
0
2140
2189
2238
2139
0
0
0
0
2168
0
0
0
2185
2234
2135
0
2084
0
0
0
0
0
0
2181
2080
2230
2131
0
0
0
0
0
2076
0
2073
0
2058
3867
0
0
2104
0
0
0
0
2069
0
2054
2100
3863
0
0
0
0
0
0
2096
2065
2050
0
3859
0
0
0
2092
0
0
0
2165
2214
0
2263
2088
0
0
0
0
0
0
2161
2176
2210
2259
0
0
0
0
0
2172
0
2157
3928
2206
2255
3924
0
0
3920
0
0
2116
2153
0
2112
2202
2127
2108
2248
2244
2240
2224
2220
2216
2149
0
2198
2123
0
0
0
0
0
0
0
2145
0
2194
6159
0
0
0
0
0
0
0
0
0
0
0
0
0
0
2180
2233
3930
2131
0
0
0
0
0
0
0
0
0
0
0
2060
2229
3926
2127
0
0
0
0
0
0
0
0
0
0
0
2056
2225
3922
2123
0
0
0
0
0
0
0
0
0
0
0
2052
2221
3866
2119
0
0
0
0
0
0
0
0
0
0
0
2164
2217
3862
2115
0
0
0
0
0
0
0
0
0
0
0
2160
2213
3858
2111
0
0
0
0
0
0
0
0
0
0
0
2156
2209
2262
2051
0
0
0
0
0
0
0
2087
0
0
0
2152
2205
2258
0
2083
0
0
0
0
0
0
0
2079
0
0
2148
2201
2254
0
0
2179
0
0
0
0
0
0
0
2175
0
2144
2197
2074
0
0
0
2171
0
0
0
0
0
0
0
2107
2140
2193
2070
0
0
0
0
2103
0
0
0
0
0
0
0
2136
2189
2066
2099
0
0
0
0
0
0
0
2095
0
0
0
2132
2185
2238
0
2091
2251
2247
6339
0
0
0
0
0
0
0
0
0
0
0
0
0
2196
2241
2082
2135
0
0
0
0
0
0
0
0
0
0
2192
2061
2078
2131
0
0
0
0
0
0
0
0
0
0
2188
2105
2058
2127
0
0
0
0
0
0
0
0
0
0
2184
2101
2142
2123
0
0
0
0
0
0
0
0
0
0
2180
2097
2138
2055
0
0
0
0
0
0
0
0
0
0
2176
2093
2210
2051
0
0
0
2074
0
0
0
0
2070
0
2172
2089
0
2066
2263
0
0
0
3866
0
0
0
0
3862
2168
2213
0
0
3858
2259
0
0
0
2154
0
0
0
0
2164
2085
2150
0
0
2255
0
2146
0
0
3930
0
0
3926
2160
2205
3922
0
0
2118
2251
0
2114
0
0
2110
2238
2234
2156
2201
2230
2226
2222
2218
6343
0
0
0
0
0
0
0
0
0
0
0
0
0
0
0
0
2180
2077
3930
2131
0
0
0
0
0
0
0
0
0
0
0
0
0
2176
2057
3926
2127
0
0
0
0
0
0
0
0
0
0
0
0
0
2172
2225
3922
2123
0
0
0
0
0
0
0
0
0
0
0
0
0
2168
2221
2094
2119
0
0
0
0
0
0
0
0
0
0
0
0
0
2164
2217
2090
2115
0
0
0
0
0
0
0
0
0
0
0
0
0
2160
2213
2086
2111
0
0
0
0
0
0
0
0
0
0
0
0
0
2156
2209
2262
2107
0
0
0
0
0
0
0
0
0
0
0
0
0
2052
2205
2258
2103
0
0
0
0
0
0
0
0
0
0
0
0
0
2048
2201
2254
2099
0
0
0
0
3867
0
0
0
0
3863
0
0
0
2060
2197
2250
3859
0
0
0
0
2075
0
0
0
0
2071
0
0
0
2140
2193
2246
2067
0
0
0
0
2155
0
0
0
0
2151
0
0
0
2136
2189
2242
2147
2239
2235
2231
0
0
0
0
0
0
0
0
0
0
2132
2185
6178
0
0
0
0
0
0
0
0
0
0
0
0
0
0
0
0
0
0
2128
2181
2234
2083
0
0
0
0
0
0
0
0
0
0
0
0
0
0
0
2124
2177
2230
2079
0
0
0
0
0
0
0
0
0
0
0
0
0
0
0
2120
2173
2070
2075
0
0
0
0
0
0
0
0
0
0
0
0
0
0
0
2056
2169
2066
3867
0
0
0
0
0
0
0
0
0
0
0
0
0
0
0
2052
2165
2062
3863
0
0
0
0
0
0
0
0
0
0
0
0
0
0
0
2048
2161
2214
3859
0
0
0
0
0
0
0
0
0
0
0
0
0
0
0
2104
2157
2210
2263
0
0
0
0
0
0
0
0
0
0
0
0
0
0
0
2100
2153
2206
2259
0
0
0
0
0
0
0
0
0
0
0
0
0
0
0
2096
2149
2202
2255
0
0
0
0
0
0
0
0
0
0
0
0
0
0
0
2092
2145
2198
2251
0
0
0
0
0
0
0
0
0
0
0
0
0
0
0
2088
2141
2194
2247
0
0
0
0
0
0
0
0
0
0
0
0
0
0
0
2084
2137
2190
3928
2243
0
3924
0
0
3920
0
0
2116
0
0
2112
0
0
2108
2224
2220
2216
2133
2186
6335
0
0
0
0
0
0
0
0
0
0
0
0
0
0
0
0
0
0
0
0
0
0
2104
2165
2226
3931
0
0
0
0
0
0
0
0
0
0
0
0
0
0
0
0
0
0
0
2100
2161
2222
3927
0
0
0
0
0
0
0
0
0
0
0
0
0
0
0
0
0
0
0
2096
2157
2218
3923
0
0
0
0
0
0
0
0
0
0
0
0
0
0
0
0
0
0
0
2092
2153
2214
3867
0
0
0
0
0
0
0
0
0
0
0
0
0
0
0
0
0
0
0
2088
2149
2210
3863
0
0
0
0
0
0
0
0
0
0
0
0
0
0
0
0
0
0
0
2084
2145
2206
3859
0
0
0
0
0
0
0
0
0
0
0
0
0
0
0
0
0
0
0
2080
2141
2202
2263
0
0
0
0
0
0
0
0
0
0
0
0
0
0
0
0
0
0
0
2076
2137
2198
2259
0
0
0
0
0
0
0
0
0
0
0
0
0
0
0
0
0
0
0
2072
2133
2194
2255
0
0
0
0
0
0
0
0
0
0
0
0
0
0
0
0
0
0
0
2068
2129
2190
2251
0
0
0
0
0
0
0
0
0
0
0
0
0
0
0
0
0
0
0
2064
2125
2186
2247
0
0
0
0
0
0
0
0
0
0
0
0
0
0
0
0
0
0
0
2060
2121
2182
2243
0
0
0
0
0
0
0
0
0
0
0
0
0
0
0
0
0
0
0
2056
2117
2178
2239
0
0
0
0
0
0
0
0
0
0
0
0
0
0
0
0
0
0
0
2052
2113
2174
2235
0
0
0
0
0
0
0
0
0
0
0
0
0
0
0
0
0
0
0
2048
2109
2170
6327
0
0
0
0
0
0
0
0
0
0
0
0
0
0
0
0
0
0
0
0
0
0
0
0
0
0
0
0
0
0
0
0
0
0
0
0
0
0
0
0
0
0
0
0
0
0
0
0
0
0
0
0
0
0
0
0
0
0
0
0
0
0
0
0
0
0
0
0
0
0
0
0
0
0
0
0
0
0
0
0
0
0
0
0
0
0
0
0
0
0
0
0
0
0
0
0
0
0
0
0
0
0
0
0
0
0
0
0
0
0
0
0
0
0
0
0
0
0
0
0
0
0
0
0
0
0
0
0
0
0
0
0
0
0
0
0
0
0
0
0
0
0
0
0
0
0
0
0
0
0
0
0
0
0
0
0
0
0
0
0
0
0
0
0
0
0
0
0
0
0
0
0
0
0
0
0
0
0
0
0
0
0
0
0
0
0
0
0
0
0
0
0
0
0
0
0
0
0
0
0
0
0
0
0
0
0
0
0
0
0
0
0
0
0
0
0
0
0
0
0
0
0
0
0
0
0
0
0
0
0
0
0
0
0
0
0
0
0
0
0
0
0
0
0
0
0
0
0
0
0
0
0
0
0
0
0
0
0
0
0
0
0
0
0
0
0
0
0
0
0
0
0
0
0
0
0
0
0
0
0
0
0
0
0
0
0
0
0
0
0
0
0
0
0
0
0
0
0
0
0
0
0
0
0
0
0
0
0
0
0
0
0
0
0
0
0
0
0
0
0
0
0
0
0
0
0
0
0
0
0
0
0
0
0
0
0
0
0
0
0
0
0
0
0
0
0
0
0
0
0
0
0
0
0
0
0
0
0
0
0
0
0
0
0
0
0
0
0
0
0
0
0
0
0
0
0
0
0
0
0
0
0
0
0
0
0
0
0
0
0
0
0
0
0
0
0
0
0
0
0
0
0
0
0
0
0
0
0
0
0
0
0
0
0
0
0
0
0
0
0
0
0
0
0
0
0
0
0
0
0
0
0
0
0
0
0
0
0
0
0
0
0
0
0
0
0
0
0
0
0
0
0
0
0
0
0
0
0
0
0
0
0
0
0
0
0
0
0
0
0
0
0
0
0
0
0
0
0
0
0
0
0
0
0
0
0
0
0
0
0
0
0
0
0
0
0
0
0
0
0
0
0
0
0
0
0
0
0
0
0
0
0
0
0
0
0
0
0
0
0
0
0
0
0
0
0
0
0
0
0
0
0
0
0
0
0
0
0
0
0
0
0
0
0
0
0
0
0
0
0
0
0
0
0
0
0
0
0
0
0
0
0
0
0
0
0
0
0
0
0
0
0
0
0
0
0
0
0
0
0
0
0
0
0
0
0
0
0
0
0
0
0
0
0
0
0
0
0
0
0
0
0
0
0
0
0
0
0
0
0
0
0
0
0
0
0
0
0
0
0
0
0
0
0
0
0
0
0
0
0
0
0
0
0
0
0
0
0
0
0
0
0
0
0
0
0
0
0
0
0
0
0
0
0
0
0
0
0
0
0
0
0
0
0
0
0
0
0
0
0
0
0
0
0
0
0
0
0
0
0
0
0
0
0
0
0
0
0
0
0
0
0
0
0
0
0
0
0
0
0
0
0
0
0
0
0
0
0
0
0
0
0
0
0
0
0
0
0
0
0
0
0
0
0
0
0
0
0
0
0
0
0
0
0
0
0
0
0
0
0
0
0
0
0
0
0
0
0
0
0
0
0
0
0
0
0
0
0
0
0
0
0
0
0
0
0
0
0
0
0
0
0
0
0
0
0
0
0
0
0
0
0
0
0
0
0
0
0
0
0
0
0
0
0
0
0
0
0
0
0
0
0
0
0
0
0
0
0
0
0
0
0
0
0
0
0
0
0
0
0
0
0
0
0
0
0
0
0
0
0
0
0
0
0
0
0
0
0
0
0
0
0
0
0
0
0
0
0
0
0
0
0
0
0
0
0
0
0
0
0
0
0
0
0
0
0
0
0
0
0
0
0
0
0
0
0
0
0
0
0
0
0
0
0
0
0
0
0
0
0
0
0
0
0
0
0
0
0
0
0
0
0
0
0
0
0
0
0
0
0
0
0
0
0
0
0
0
0
0
0
0
0
0
0
0
0
0
0
0
0
0
0
0
0
0
0
0
0
0
0
0
0
0
0
0
0
0
0
0
0
0
0
0
0
0
0
0
0
0
0
0
0
0
0
0
0
0
0
0
0
0
0
0
0
0
0
0
0
0
0
0
0
0
0
0
0
0
0
0
0
0
0
0
0
0
0
0
0
0
0
0
0
0
0
0
0
0
0
0
0
0
0
0
0
0
0
0
0
0
0
0
0
0
0
0
0
0
0
0
0
0
0
0
0
0
0
0
0
0
0
0
0
0
0
0
0
0
0
0
0
0
0
0
0
0
0
0
0
0
0
0
0
0
0
0
0
0
0
0
0
0
0
0
0
0
0
0
0
0
0
0
0
0
0
0
0
0
0
0
0
0
0
0
0
0
0
0
0
0
0
0
0
0
0
0
0
0
0
0
0
0
0
0
0
0
0
0
0
0
0
0
0
0
0
0
0
0
0
0
0
0
0
0
0
0
0
0
0
0
0
0
0
0
0
0
0
0
0
0
0
0
0
0
0
0
0
0
0
0
0
0
0
0
0
0
0
0
0
0
0
0
0
0
0
0
0
0
0
0
0
0
0
0
0
0
0
0
0
0
0
0
0
0
0
0
0
0
0
0
0
0
0
0
0
0
0
0
0
0
0
0
0
0
0
0
0
0
0
0
0
0
0
0
0
0
0
0
0
0
0
0
0
0
0
0
0
0
0
0
0
0
0
0
0
0
0
0
0
0
0
0
0
0
0
0
0
0
0
0
0
0
0
0
0
0
0
0
0
0
0
0
0
0
0
0
0
0
0
0
0
0
0
0
0
0
0
0
0
0
0
0
0
0
0
0
0
0
0
0
0
0
0
0
0
0
0
0
0
0
0
0
0
0
0
0
0
0
0
0
0
0
0
0
0
0
0
0
0
0
0
0
0
0
0
0
0
0
0
0
0
0
0
0
0
0
0
0
0
0
0
0
0
0
0
0
0
0
0
0
0
0
0
0
0
0
0
0
0
0
0
0
0
0
0
0
0
0
0
0
0
0
0
0
0
0
0
0
0
0
0
0
0
0
0
0
0
0
0
0
0
0
0
0
0
0
0
0
0
0
0
0
0
0
0
0
0
0
0
0
0
0
0
0
0
0
0
0
0
0
0
0
0
0
0
0
0
0
0
0
0
0
0
0
0
0
0
0
0
0
0
0
0
0
0
0
0
0
0
0
0
0
0
0
0
0
0
0
0
0
0
0
0
0
0
0
0
0
0
0
0
0
0
0
0
0
0
0
0
0
0
0
0
0
0
0
0
0
0
0
0
0
0
0
0
0
