int
0
0
3850
0
0
3846
0
2104
2137
3842
2075
0
2170
0
0
2100
2133
2178
2071
0
2174
0
2190
2096
2129
2186
2067
2182
0
2166
0
2092
2125
2162
2063
2158
0
2154
0
2088
2121
2150
2059
2146
0
2218
0
2084
2117
2214
2055
2210
0
2206
0
2080
2113
2202
2051
2198
0
2194
2254
2076
2109
2250
2246
2242
2238
2234
2230
2226
2222
6239
0
0
0
0
2203
0
0
0
0
2199
0
0
0
0
2195
2048
2077
2138
0
2167
0
0
0
0
2163
0
0
0
0
2159
0
2140
2073
2134
2231
0
0
0
0
2104
2227
0
0
0
0
2223
0
2100
2069
2130
2219
0
0
3851
0
2096
3847
0
0
3843
0
0
2179
2092
2065
2126
2175
0
0
2171
0
2088
2215
0
2211
0
2207
0
2191
2084
2061
2122
2187
0
2183
2255
2251
2080
2247
2243
2239
2235
0
0
0
2108
2057
2118
0
0
2152
0
0
0
0
2148
0
0
0
0
2144
0
2053
6210
0
0
0
0
0
0
0
2108
2133
0
2078
3851
0
0
0
2104
2129
0
0
0
0
2241
2074
2100
3847
0
2237
0
0
0
0
2096
2233
2070
0
2169
3843
0
2189
2092
0
2185
0
0
2181
2066
0
2088
2177
2063
0
2173
0
2165
2126
2084
2161
0
2157
0
2153
2059
2149
2080
2145
2122
2217
0
2213
0
2209
2140
2205
2118
2201
2055
2197
0
2193
2136
2253
2249
2245
2229
2225
2221
2114
6147
0
0
0
0
0
0
0
2107
0
0
0
0
0
0
0
2103
0
0
2076
3849
2050
0
0
2099
0
0
0
0
2167
0
0
0
0
2163
0
0
0
2072
3845
2142
2159
0
0
0
0
2243
0
0
0
0
2239
0
0
0
0
2235
2068
3841
2138
0
2231
0
0
0
0
2227
0
0
0
0
2223
0
0
0
0
2064
2125
2134
2219
0
0
0
0
2155
0
0
0
0
2151
0
0
0
0
2147
2060
2121
2130
0
2203
0
0
0
0
2199
2094
0
0
0
2195
0
0
2191
2090
2056
2117
2187
0
0
2183
0
2086
2179
0
0
2175
0
0
2171
2082
2215
0
2211
2052
2113
2207
2255
2110
2251
6343
0
0
0
0
2255
0
0
0
0
2251
0
0
0
0
2247
2080
2109
2074
0
2203
0
0
0
0
2199
0
0
0
0
2195
0
2076
2105
2070
2155
0
0
0
0
2136
2151
0
0
0
0
2147
0
2132
2101
2066
2219
0
0
3851
0
2128
3847
0
0
3843
0
0
2179
2124
2097
2062
2175
0
0
2171
0
2120
2191
0
2187
0
2183
0
2167
2116
2093
2058
2163
0
2159
2243
2239
2112
2235
2231
2227
2223
0
0
0
2140
2089
2054
0
0
2212
0
0
0
0
2208
0
0
0
0
2204
0
2085
6146
0
0
0
0
0
0
0
2195
0
0
0
0
0
0
0
2151
0
0
0
0
0
0
0
2104
2137
2074
2167
0
0
0
0
0
0
0
2255
0
0
0
0
0
0
0
2251
0
0
0
0
2100
2133
2070
2247
0
0
0
0
0
0
0
2163
0
0
0
0
0
0
0
2159
0
0
0
0
2096
2129
2066
2155
0
0
0
0
0
0
0
2231
0
0
0
0
0
0
0
2227
0
0
0
0
2092
2125
2062
2223
0
0
0
0
0
0
0
2219
0
0
0
0
0
0
0
2215
0
0
0
0
2088
2121
2058
2211
0
0
0
0
0
0
0
2207
0
0
0
0
0
0
0
2203
0
0
0
0
2084
2117
2054
2199
0
0
0
0
2147
0
0
3851
0
0
3847
0
0
3843
0
0
2179
0
0
2175
2080
2113
2050
2171
0
2191
0
2187
0
2183
2243
2239
2235
0
0
0
0
0
0
0
0
0
0
0
2076
2109
6238
0
0
0
0
0
0
0
2139
0
0
0
0
0
0
0
2135
0
0
2108
3849
2082
0
0
2131
0
0
0
0
2255
0
0
0
0
2251
0
0
0
2104
3845
2078
2247
0
0
0
0
2243
0
0
0
0
2239
0
0
0
0
2235
2100
3841
2074
0
2155
0
0
0
0
2151
0
0
0
0
2147
0
0
0
0
2096
2061
2070
2219
0
0
0
0
2215
0
0
0
0
2211
0
0
0
0
2207
2092
2057
2066
0
2203
0
0
0
0
2199
2126
0
0
0
2195
0
0
2179
2122
2088
2053
2175
0
0
2171
0
2118
2191
0
0
2187
0
0
2183
2114
2167
0
2163
2084
2049
2159
2231
2142
2227
6319
0
0
0
0
0
0
0
2255
0
0
0
0
0
0
0
2251
0
0
0
0
0
0
0
2247
0
0
2096
2133
3850
0
0
2163
0
0
0
0
0
0
0
2159
0
0
0
0
0
0
0
2155
0
0
0
0
0
2092
2129
3846
2231
0
0
0
0
0
0
0
2227
0
0
0
0
0
0
0
2223
0
0
0
0
0
0
0
2088
2125
3842
2219
0
0
0
0
0
0
0
2215
0
0
0
0
0
0
0
2211
0
0
0
0
0
0
0
2084
2121
2062
2207
0
0
0
0
0
0
0
2203
0
0
0
0
0
0
0
2199
0
0
0
0
0
0
0
2080
2117
2058
2195
0
0
0
0
0
0
0
2151
0
0
0
0
0
0
0
2167
0
0
0
0
2243
0
0
2076
2113
2054
2239
0
0
0
0
2235
0
0
0
0
2147
0
0
2191
0
0
2187
0
0
2183
0
0
2179
0
2072
2109
2050
2175
0
0
2171
0
0
0
0
0
0
0
0
0
0
0
0
0
0
0
0
0
0
0
0
2068
2105
2142
0
0
0
0
0
0
0
0
0
0
0
0
0
0
0
0
0
0
0
0
0
0
0
0
2064
2101
6234
0
0
0
0
0
0
0
0
0
0
0
0
0
0
0
0
0
0
0
0
0
0
0
0
0
0
0
0
0
0
0
0
0
0
0
0
0
0
0
0
0
0
0
0
0
0
0
0
0
0
0
0
0
0
0
0
0
0
0
0
0
0
0
0
0
0
0
0
0
0
0
0
0
0
0
0
0
0
0
0
0
0
0
0
0
0
0
0
0
0
0
0
0
0
0
0
0
0
0
0
0
0
0
0
0
0
0
0
0
0
0
0
0
0
0
0
0
0
0
0
0
0
0
0
0
0
0
0
0
0
0
0
0
0
0
0
0
0
0
0
0
0
0
0
0
0
0
0
0
0
0
0
0
0
0
0
0
0
0
0
0
0
0
0
0
0
0
0
0
0
0
0
0
0
0
0
0
0
0
0
0
0
0
0
0
0
0
0
0
0
0
0
0
0
0
0
0
0
0
0
0
0
0
0
0
0
0
0
0
0
0
0
0
0
0
0
0
0
0
0
0
0
0
0
0
0
0
0
0
0
0
0
0
0
0
0
0
0
0
0
0
0
0
0
0
0
0
0
0
0
0
0
0
0
0
0
0
0
0
0
0
0
0
0
0
0
0
0
0
0
0
0
0
0
0
0
0
0
0
0
0
0
0
0
0
0
0
0
0
0
0
0
0
0
0
0
0
0
0
0
0
0
0
0
0
0
0
0
0
0
0
0
0
0
0
0
0
0
0
0
0
0
0
0
0
0
0
0
0
0
0
0
0
0
0
0
0
0
0
0
0
0
0
0
0
0
0
0
0
0
0
0
0
0
0
0
0
0
0
0
0
0
0
0
0
0
0
0
0
0
0
0
0
0
0
0
0
0
0
0
0
0
0
0
0
0
0
0
0
0
0
0
0
0
0
0
0
0
0
0
0
0
0
0
0
0
0
0
0
0
0
0
0
0
0
0
0
0
0
0
0
0
0
0
0
0
0
0
0
0
0
0
0
0
0
0
0
0
0
0
0
0
0
0
0
0
0
0
0
0
0
0
0
0
0
0
0
0
0
0
0
0
0
0
0
0
0
0
0
0
0
0
0
0
0
0
0
0
0
0
0
0
0
0
0
0
0
0
0
0
0
0
0
0
0
0
0
0
0
0
0
0
0
0
0
0
0
0
0
0
0
0
0
0
0
0
0
0
0
0
0
0
0
0
0
0
0
0
0
0
0
0
0
0
0
0
0
0
0
0
0
0
0
0
0
0
0
0
0
0
0
0
0
0
0
0
0
0
0
0
0
0
0
0
0
0
0
0
0
0
0
0
0
0
0
0
0
0
0
0
0
0
0
0
0
0
0
0
0
0
0
0
0
0
0
0
0
0
0
0
0
0
0
0
0
0
0
0
0
0
0
0
0
0
0
0
0
0
0
0
0
0
0
0
0
0
0
0
0
0
0
0
0
0
0
0
0
0
0
0
0
0
0
0
0
0
0
0
0
0
0
0
0
0
0
0
0
0
0
0
0
0
0
0
0
0
0
0
0
0
0
0
0
0
0
0
0
0
0
0
0
0
0
0
0
0
0
0
0
0
0
0
0
0
0
0
0
0
0
0
0
0
0
0
0
0
0
0
0
0
0
0
0
0
0
0
0
0
0
0
0
0
0
0
0
0
0
0
0
0
0
0
0
0
0
0
0
0
0
0
0
0
0
0
0
0
0
0
0
0
0
0
0
0
0
0
0
0
0
0
0
0
0
0
0
0
0
0
0
0
0
0
0
0
0
0
0
0
0
0
0
0
0
0
0
0
0
0
0
0
0
0
0
0
0
0
0
0
0
0
0
0
0
0
0
0
0
0
0
0
0
0
0
0
0
0
0
0
0
0
0
0
0
0
0
0
0
0
0
0
0
0
0
0
0
0
0
0
0
0
0
0
0
0
0
0
0
0
0
0
0
0
0
0
0
0
0
0
0
0
0
0
0
0
0
0
0
0
0
0
0
0
0
0
0
0
0
0
0
0
0
0
0
0
0
0
0
0
0
0
0
0
0
0
0
0
0
0
0
0
0
0
0
0
0
0
0
0
0
0
0
0
0
0
0
0
0
0
0
0
0
0
0
0
0
0
0
0
0
0
0
0
0
0
0
0
0
0
0
0
0
0
0
0
0
0
0
0
0
0
0
0
0
0
0
0
0
0
0
0
0
0
0
0
0
0
0
0
0
0
0
0
0
0
0
0
0
0
0
0
0
0
0
0
0
0
0
0
0
0
0
0
0
0
0
0
0
0
0
0
0
0
0
0
0
0
0
0
0
0
0
0
0
0
0
0
0
0
0
0
0
0
0
0
0
0
0
0
0
0
0
0
0
0
0
0
0
0
0
0
0
0
0
0
0
0
0
0
0
0
0
0
0
0
0
0
0
0
0
0
0
0
0
0
0
0
0
0
0
0
0
0
0
0
0
0
0
0
0
0
0
0
0
0
0
0
0
0
0
0
0
0
0
0
0
0
0
0
0
0
0
0
0
0
0
0
0
0
0
0
0
0
0
0
0
0
0
0
0
0
0
0
0
0
0
0
0
0
0
0
0
0
0
0
0
0
0
0
0
0
0
0
0
0
0
0
0
0
0
0
0
0
0
0
0
0
0
0
0
0
0
0
0
0
0
0
0
0
0
0
0
0
0
0
0
0
0
0
0
0
0
0
0
0
0
0
0
0
0
0
0
0
0
0
0
0
0
0
0
0
0
0
0
0
0
0
0
0
0
0
0
0
0
0
0
0
0
0
0
0
0
0
0
0
0
0
0
0
0
0
0
0
0
0
0
0
0
0
0
0
0
0
0
0
0
0
0
0
0
0
0
0
0
0
0
0
0
0
0
0
0
0
0
0
0
0
0
0
0
0
0
0
0
0
0
0
0
0
0
0
0
0
0
0
0
0
0
0
0
0
0
0
0
0
0
0
0
0
0
0
0
0
0
0
0
0
0
0
0
0
0
0
0
0
0
0
0
0
0
0
0
0
0
0
0
0
0
0
0
0
0
0
0
0
0
0
0
0
0
0
0
0
0
0
0
0
0
0
0
0
0
0
0
0
0
0
0
0
0
0
0
0
0
0
0
0
0
0
0
0
0
0
0
0
0
0
0
0
0
0
0
0
0
0
0
0
0
0
0
0
0
0
0
0
0
0
0
0
0
0
0
0
0
0
0
0
0
0
0
0
0
0
0
0
0
0
0
0
0
0
0
0
0
0
0
0
0
0
0
0
0
0
0
0
0
0
0
0
0
0
0
0
0
0
0
0
0
0
0
0
0
0
0
0
0
0
0
0
0
0
0
0
0
0
0
0
0
0
0
0
0
0
0
0
0
0
0
0
0
0
0
0
0
0
0
0
0
0
0
0
0
0
0
0
0
0
0
0
0
0
0
0
0
0
0
0
0
0
0
0
0
0
0
0
0
0
0
0
0
0
0
0
0
0
0
0
0
0
0
0
0
0
0
0
0
0
0
0
0
0
0
0
0
0
0
0
0
0
0
0
0
0
0
0
0
0
0
0
0
0
0
0
0
0
0
0
0
0
0
0
0
0
0
0
0
0
0
0
0
0
0
0
0
0
0
0
0
0
0
0
0
0
0
0
0
0
0
0
0
0
0
0
0
0
0
0
0
0
0
0
0
0
0
0
0
0
0
0
0
0
0
0
0
0
0
0
0
0
0
0
0
0
0
0
0
0
0
0
0
0
0
0
0
0
0
0
0
0
0
0
0
0
0
0
0
0
0
0
0
0
0
0
0
0
0
0
0
0
0
0
0
0
0
0
0
0
0
0
0
0
0
0
0
0
0
0
0
0
0
0
0
0
0
0
0
0
0
0
0
0
0
0
0
0
0
0
0
0
0
0
0
0
0
0
0
0
0
0
0
0
0
0
0
0
0
0
0
0
0
0
0
0
0
0
0
0
0
0
0
0
0
0
0
0
0
0
0
0
0
0
0
0
0
0
0
0
0
0
0
0
0
0
0
0
0
0
0
0
0
0
0
0
0
0
0
0
0
0
0
0
0
0
0
0
0
0
0
0
0
0
0
0
0
0
0
0
0
0
0
0
0
0
0
0
0
0
0
0
0
0
0
0
0
0
0
0
0
0
0
0
0
0
0
0
0
0
0
0
0
0
0
0
0
0
0
0
0
0
0
0
0
0
0
0
0
0
0
0
0
0
0
0
0
0
0
0
0
0
0
0
0
0
0
0
0
0
0
0
0
0
0
0
0
0
0
0
0
0
0
0
0
0
0
0
0
0
0
0
0
0
0
0
0
0
0
0
0
0
0
0
0
0
0
0
0
0
0
0
0
0
0
0
0
0
0
0
0
0
0
0
0
0
0
0
0
0
0
0
0
0
0
0
0
0
0
0
0
0
0
0
0
0
0
0
0
0
0
0
0
0
0
0
0
0
0
0
0
0
0
0
0
0
0
0
0
0
0
0
0
0
0
0
0
0
0
0
0
0
0
0
0
0
0
0
0
0
0
0
0
0
0
0
0
0
0
0
0
0
0
0
0
0
0
0
0
0
0
0
0
0
0
0
0
0
0
0
0
0
0
0
0
0
0
0
0
0
0
0
0
0
0
0
0
0
0
0
0
0
0
0
0
0
0
0
0
0
0
0
0
0
0
0
0
0
0
0
0
0
0
0
0
0
0
0
0
0
0
0
0
0
0
0
0
0
0
0
0
0
0
0
0
0
0
0
0
0
0
0
0
0
0
0
0
0
0
0
0
0
0
0
0
0
0
0
0
0
0
0
0
0
0
0
0
0
0
0
0
0
0
0
0
0
0
0
0
0
0
0
0
0
0
0
0
0
0
0
0
0
0
0
0
0
0
0
0
0
0
0
0
0
0
0
0
0
0
0
0
0
0
0
0
0
0
0
0
0
0
0
0
0
0
0
0
0
0
0
0
0
0
0
0
0
0
0
0
0
0
0
0
0
0
0
0
0
0
0
0
0
0
0
0
0
0
0
0
0
0
0
0
0
0
0
0
0
0
0
0
0
0
0
0
0
0
0
0
0
0
0
0
0
0
0
0
0
0
0
0
0
0
0
0
0
0
0
0
0
0
0
0
0
0
0
0
0
0
0
0
0
0
0
0
0
0
0
0
0
0
0
0
0
0
0
0
0
0
0
0
0
0
0
0
0
0
0
0
0
0
0
0
0
0
0
0
0
0
0
0
0
0
0
0
0
0
0
0
0
0
0
0
0
0
0
0
0
0
0
0
0
0
0
0
0
0
0
0
0
0
0
0
0
0
0
0
0
0
0
0
0
0
0
0
0
0
0
0
0
0
0
0
0
0
0
0
0
0
0
0
0
0
0
0
0
0
0
0
0
0
0
0
0
0
0
0
0
0
0
0
0
0
0
0
0
0
0
0
0
0
0
0
0
0
0
0
0
0
0
0
0
0
0
0
0
0
0
0
0
0
0
0
0
0
0
0
0
0
0
0
0
0
0
0
0
0
0
0
0
0
0
0
0
0
0
0
0
0
0
0
0
0
0
0
0
0
0
0
0
0
0
0
0
0
0
0
0
0
0
0
0
0
0
0
0
0
0
0
0
0
0
0
0
0
0
0
0
0
0
0
0
0
0
0
0
0
0
0
0
0
0
0
0
0
0
0
0
0
0
0
0
0
0
0
0
0
0
0
0
0
0
0
0
0
0
0
0
0
0
0
0
0
0
0
0
0
0
0
0
0
0
0
0
0
0
0
0
0
0
0
0
0
0
0
0
0
0
0
0
0
0
0
0
0
0
0
0
0
0
0
0
0
0
0
0
0
0
0
0
0
0
0
0
0
0
0
0
0
0
0
0
0
0
0
0
0
0
0
0
0
0
0
0
0
0
0
0
0
0
0
0
0
0
0
0
0
0
0
0
0
0
0
0
0
0
0
0
0
0
0
0
0
0
0
0
0
0
0
0
0
0
0
0
0
0
0
0
0
0
0
0
0
0
0
0
0
0
0
0
0
0
0
0
0
0
0
0
0
0
0
0
0
0
0
0
0
0
0
0
0
0
0
0
0
0
0
0
0
0
0
0
0
0
0
0
0
0
0
0
0
0
0
0
0
0
0
0
0
0
0
0
0
0
0
0
0
0
0
0
0
0
0
0
0
0
0
0
0
0
0
0
0
0
0
0
0
0
0
0
0
0
0
0
0
0
0
0
0
0
0
0
0
0
0
0
0
0
0
0
0
0
0
0
0
0
0
0
0
0
0
0
0
0
0
0
0
0
0
0
0
0
0
0
0
0
0
0
0
0
0
0
0
0
0
0
0
0
0
0
0
0
0
0
0
0
0
0
0
0
0
0
0
0
0
0
0
0
0
0
0
0
0
0
0
0
0
0
0
0
0
0
0
0
0
0
0
0
0
0
0
0
0
0
0
0
0
0
0
0
0
0
0
0
0
0
0
0
0
0
0
0
0
0
0
0
0
0
0
0
0
0
0
0
0
0
0
0
0
0
0
0
0
0
0
0
0
0
0
0
0
0
0
0
0
0
0
0
0
0
0
0
0
0
0
0
0
0
0
0
0
0
0
0
0
0
0
0
0
0
0
0
0
0
0
0
0
0
0
0
0
0
0
0
0
0
0
0
0
0
0
0
0
0
0
0
0
0
0
0
0
0
0
0
0
0
0
0
0
0
0
0
0
0
0
0
0
0
0
0
0
0
0
0
0
0
0
0
0
0
0
0
0
0
0
0
0
0
0
0
0
0
0
0
0
0
0
0
0
0
0
0
0
