hex
0
0
0
0
0
0
0
0
0
0
0
0
0
0
0
0
0
0
0
0
0
0
0
0
0
0
0
0
0
0
0
0
0
0
0
0
0
0
0
0
0
0
0
0
0
0
0
0
bf7ee337
65000000
3bfa859a
600c000
3f7e010d
31018000
bacb86bf
3f900000
3f7f48fa
c5c30000
3f119e89
c0008000
3f7ebc4b
31014000
3b8f27c5
ba020000
bf12044d
1f908000
3acb86bf
3fc38000
3f119e89
c0004000
3f7ebc4b
31010000
3b8f27c5
ba01c000
bf12044d
1f904000
3acb86bf
3fc34000
3f119e89
c0000000
3f7ebc4b
3100c000
3b8f27c5
ba018000
bf12044d
1f900000
3acb86bf
3fc30000
0
0
0
0
0
0
0
0
0
0
0
0
0
0
0
0
0
0
0
0
0
0
0
0
0
0
0
0
0
0
0
0
0
0
0
0
0
0
0
0
0
0
0
0
0
0
