hex
0
0
0
4000
0
8000
0
c000
0
10000
0
14000
0
18000
0
1c000
0
20000
0
0
0
4000
0
8000
0
c000
0
0
0
4000
0
8000
0
c000
0
0
bf800000
14000
bf800000
10000
bf800000
c000
0
0
0
0
0
0
3f800000
c08000
3f800000
8000
3f800000
c04000
3f800000
8000
ba83126e
98014000
3a83126e
98020000
0
0
3f800000
4000
0
8000
ba83126e
98010000
3a83126e
9801c000
3f800000
0
0
4000
0
8000
ba83126e
9800c000
3a83126e
98018000
bf800000
14000
0
0
0
4000
0
8000
bf800000
10000
bf800000
c000
0
0
0
4000
0
8000
bf800000
20000
bf800000
1c000
bf800000
18000
3f800000
c08000
3f800000
8000
3f800000
c04000
3f800000
4000
3f800000
c00000
3f800000
0
0
0
0
0
0
0
0
0
0
0
0
0
0
0
0
0
0
0
0
0
0
0
0
0
0
0
0
0
0
0
