hex
3f800000
4000
3f800000
c00000
3f800000
0
0
0
0
0
0
0
0
0
0
0
0
0
0
0
0
0
0
0
0
0
0
0
0
0
0
0
0
0
0
0
0
0
0
0
0
0
0
0
0
0
0
0
0
0
0
0
0
0
3f7e7757
35000000
bc59da6c
ca00c000
3c59e6fd
7018000
3b2e802f
10900000
3b5a289c
23c00000
beff5ab0
84008000
3b7aca5f
3b014000
3f7efb56
f8020000
ba0e9078
e9908000
3effa1f8
c1c08000
beff5ab0
84004000
3b7aca5f
3b010000
3f7efb56
f801c000
ba0e9078
e9904000
3effa1f8
c1c04000
beff5ab0
84000000
3b7aca5f
3b00c000
3f7efb56
f8018000
ba0e9078
e9900000
3effa1f8
c1c00000
0
0
0
0
0
0
0
0
0
0
0
0
0
0
0
0
0
0
0
0
0
0
0
0
0
0
0
0
0
0
0
0
0
0
0
0
0
0
0
0
0
0
0
0
0
0
0
0
0
0
0
0
