int
0
0
0
0
0
2247
0
2100
0
0
2219
2073
3930
0
0
2096
2223
0
0
0
2251
0
0
2092
2069
3926
2203
0
2255
0
2079
2120
2231
0
2171
0
2065
3922
2211
2116
2207
0
2143
0
2163
2240
2159
0
2061
2090
2155
2236
2083
0
2179
0
2259
2132
2307
2303
2057
2086
2299
2128
2295
2291
2287
2283
2113
2224
2279
2275
2271
2054
2267
2124
2109
2263
2235
2215
2199
2136
2195
2191
2105
2050
2187
2183
2175
2167
2151
6243
0
0
0
0
0
2135
0
2101
0
0
0
2072
3930
2131
0
2097
0
0
0
2227
0
0
0
2068
2093
3926
2127
0
0
0
0
2223
2121
0
0
2064
2219
3922
0
2203
2117
2179
0
2079
0
2231
2137
2060
2171
2090
2211
0
2257
2207
0
2143
0
2163
2253
2056
2159
2086
2155
0
2249
2083
2307
2112
2303
2299
2245
2295
2291
2054
2287
2108
2241
2283
2279
2275
2271
2267
2237
2104
2263
2050
2235
2215
2199
2195
2191
2187
2183
2175
2167
2151
6243
0
0
0
0
0
2131
0
0
0
0
0
2227
0
0
0
0
0
2127
0
2056
2085
3930
0
2139
0
0
0
0
0
2247
0
0
0
0
2263
0
0
0
0
2120
2053
3926
2163
0
0
0
0
2159
0
0
0
0
2155
0
0
0
0
2151
0
2116
2049
3922
2147
0
0
0
0
2223
0
0
0
0
2219
0
0
0
0
2143
0
2112
2073
2102
2271
0
0
0
0
2267
0
0
0
2251
0
0
2203
0
2259
0
2255
2108
2069
2098
2083
0
2231
0
2171
0
2211
0
2207
0
2079
0
2179
2307
2303
2299
2295
2104
2065
2094
2291
2287
2283
2240
2279
2275
2235
2215
2199
2236
2195
2191
2187
2183
2175
2132
2167
0
2061
6186
0
0
0
0
0
2251
0
0
0
0
0
2247
0
0
0
0
0
2243
0
2056
2085
3930
0
2239
0
0
0
0
0
2135
0
0
0
0
0
2131
0
0
0
2120
2053
3926
2227
0
0
0
0
0
2127
0
0
0
0
2263
0
0
0
0
2151
2116
2049
3922
0
2147
0
0
0
0
2223
0
0
0
0
2219
0
0
0
0
2143
2112
2073
2102
0
2163
0
0
0
0
2159
0
0
0
0
2155
0
0
0
0
2271
2108
2069
2098
0
2267
0
0
2203
0
2079
0
2179
0
2083
0
2231
0
2171
0
2211
2104
2065
2094
2207
2307
2303
2136
2299
2295
2291
2287
2283
2256
2279
2275
2235
2215
2199
2252
2195
2191
2061
2090
2187
2183
2175
6263
0
0
0
2167
0
0
0
2187
0
0
0
2092
2053
3930
2183
0
0
0
2179
0
0
0
2251
2088
2049
3926
2175
0
0
0
2283
0
0
0
2279
2084
2121
3922
2275
0
0
0
2171
0
0
2203
0
2080
2117
2078
2259
0
2255
2240
2143
0
2231
0
2163
2236
2113
2074
2211
0
2207
2132
2159
0
2155
2307
2303
2128
2109
2070
2299
2295
2291
2224
2287
2271
2267
2263
2235
2124
2105
2066
2215
2199
2195
2136
2191
2151
2147
0
0
2244
2101
2062
0
0
2216
0
0
0
0
2220
0
0
2097
6154
0
0
0
0
0
2127
0
0
0
0
2223
2092
2053
3930
0
2219
0
0
0
2187
0
0
0
2088
2049
3926
2183
0
0
0
2179
0
0
0
2175
2084
2121
3922
2171
0
0
0
2167
0
0
0
2283
2080
2117
2078
2279
0
0
2136
2275
0
0
2203
0
2256
2113
2074
2159
0
2155
2252
2143
0
2231
0
2163
2248
2109
2070
2211
0
2207
2244
2307
2303
2299
2295
2291
2240
2105
2066
2287
2271
2267
2236
2263
2235
2215
2199
2195
2132
2101
2062
2191
2151
2147
2128
0
0
0
0
0
2224
2097
6154
0
0
0
0
0
0
0
0
0
0
0
0
0
0
0
0
0
0
0
0
0
0
0
2080
2109
2062
3931
0
0
2240
0
0
0
0
0
2236
0
0
0
0
0
2132
0
0
0
0
0
2128
2105
2058
3927
0
0
2224
0
0
0
0
0
2124
0
0
0
0
0
2136
0
0
0
0
0
2244
2101
2054
3923
0
2260
0
0
0
0
2160
0
0
0
0
2156
0
0
0
0
2152
0
0
0
0
2148
2097
2050
2079
0
2144
0
0
0
0
2220
0
0
0
0
2216
0
0
0
0
2140
0
0
0
0
2268
2093
2122
2075
0
2264
0
0
0
2176
0
0
0
2248
0
0
0
2172
0
0
0
2168
0
0
0
2164
2089
2118
2071
2184
0
0
0
2280
0
0
0
2276
0
0
0
2272
0
0
0
2180
0
0
2200
0
2204
2085
2256
2114
2252
2067
2208
0
2228
2304
2300
2296
2292
2288
2284
2232
2212
2196
2192
6284
0
0
0
0
0
2131
0
0
0
0
0
2227
0
0
0
0
0
2127
0
0
0
0
2263
2100
2057
3930
0
2151
0
0
0
0
2147
0
0
0
0
2223
0
0
0
0
2219
0
0
0
0
2096
2053
3926
2143
0
0
0
0
2163
0
0
0
0
2159
0
0
0
0
2155
0
0
0
0
2271
2092
2049
3922
0
2267
0
0
0
2175
0
0
0
2171
0
0
0
2167
0
0
0
2187
0
0
0
2088
2121
2078
2183
0
0
0
2179
0
0
0
2283
0
0
0
2279
0
0
0
2275
0
0
2203
0
2084
2117
2074
2211
0
2231
0
2207
2307
2303
2299
2295
2291
2287
2235
2215
2199
2195
2191
0
0
0
0
0
2080
2113
2070
0
0
0
2136
0
0
0
0
0
2256
0
0
0
0
0
2252
0
0
0
0
0
2248
2109
2066
0
0
0
2244
0
0
0
0
0
2240
0
0
0
0
0
2236
0
0
0
0
0
2132
2105
6158
0
0
0
0
0
0
0
2208
2219
0
0
0
0
0
3929
2204
2070
2135
0
0
0
0
0
2200
2247
0
0
0
0
3925
2243
2196
2066
0
0
0
2239
0
0
2192
0
0
2131
0
3921
0
0
2188
2062
2127
0
0
0
0
0
2120
2227
0
0
2089
0
0
2139
2116
2058
0
2251
0
2083
0
2179
2112
2306
2079
2085
2171
0
2143
0
2108
2302
2163
0
2259
0
2255
0
2104
2298
2053
2159
0
2231
0
2155
2100
2294
2283
2279
2275
2271
2267
2263
2096
2049
2290
2235
2187
2183
2175
2167
2092
2151
2286
2147
0
0
0
0
2220
2073
6310
0
0
0
0
0
0
0
2210
2219
0
0
0
0
0
3928
2069
2206
2239
0
0
0
0
0
2131
2202
0
0
0
0
3924
2065
2127
2198
0
0
0
0
2227
0
0
2194
0
0
2139
3920
2061
0
0
2190
2135
0
0
0
0
0
2259
2122
0
0
2088
2057
2255
0
0
2118
0
0
2251
2305
0
0
0
2114
2247
2084
0
2301
0
0
2243
2110
2083
0
2179
2297
2079
0
2171
2106
2052
2143
0
2293
2163
0
2159
2102
2231
0
2155
2289
2283
2279
2275
2048
2098
2271
2267
2285
2263
2235
2187
2183
2094
2175
2167
2213
2151
2147
2072
0
6318
0
0
0
0
0
0
0
2191
0
0
0
0
0
0
0
2223
0
0
0
0
0
0
2052
3929
2118
2219
0
0
0
0
0
0
0
2215
0
0
0
0
0
2135
0
0
0
0
0
2048
3925
2114
2247
0
0
0
0
0
2243
0
0
0
0
0
2239
0
0
0
0
0
2131
0
2072
3921
2110
0
2127
0
0
0
0
0
2227
0
0
0
0
0
2139
0
0
0
0
2147
0
2068
2101
2106
2143
0
0
0
0
2163
0
2306
0
0
2271
0
0
0
0
2302
2267
0
0
0
2064
2097
2263
2298
0
0
0
2159
0
0
0
2294
2155
0
0
0
0
2151
0
2290
0
2251
0
2060
2093
2171
0
2286
2079
0
2179
0
2259
0
2255
2210
2083
0
2231
2283
2279
2275
2235
2206
2187
2183
2056
2089
2175
2167
0
2202
0
0
0
0
0
0
0
2198
0
0
0
0
0
0
0
2194
0
2120
6181
0
0
0
0
0
0
0
2191
0
0
0
0
0
0
0
2223
0
0
0
0
0
0
2052
3929
2118
2219
0
0
0
0
0
0
0
2215
0
0
0
0
0
2239
0
0
0
0
0
2048
3925
2114
2131
0
0
0
0
0
2127
0
0
0
0
0
2227
0
0
0
0
0
2139
0
2072
3921
2110
0
2135
0
0
0
0
0
2259
0
0
0
0
0
2255
0
0
0
0
0
2251
2068
2101
2106
0
0
2247
0
0
0
0
2306
2243
0
0
0
0
2159
0
2302
0
0
2155
0
2064
2097
0
2298
2151
0
0
0
0
2271
0
2294
0
0
2267
0
0
0
0
2290
2263
0
0
2060
2093
2147
0
2286
0
0
2143
0
0
0
0
2210
2163
0
2171
0
2079
0
2179
2206
2083
0
2056
2089
2231
2283
2279
2202
2275
2235
2187
2183
2175
2167
0
2198
0
0
0
0
0
0
0
2194
0
2120
6181
0
0
0
0
0
0
0
2221
0
0
0
2118
0
0
3928
2217
2067
0
0
0
0
0
0
2213
2114
0
0
0
0
3924
2133
2063
0
0
0
0
2245
2110
0
0
0
0
2241
0
3920
2306
2059
0
2237
0
0
0
0
2302
2129
0
0
0
2107
2088
2125
2298
0
0
0
0
2225
0
0
2294
2103
0
2137
0
2084
0
2281
2290
0
0
2277
0
2099
0
2273
2286
0
0
2165
2052
0
0
2185
2210
2095
0
2181
0
0
0
2177
2206
0
0
2048
2173
2083
0
0
2249
2202
0
0
2169
0
2161
0
2157
2198
2072
2153
2079
2257
0
2253
0
2141
2194
2229
2269
2265
2261
2233
2149
2068
2145
2190
6219
0
0
0
0
0
0
0
2215
0
0
0
2112
0
2239
2065
3930
0
0
0
2131
0
0
0
2108
0
2127
0
0
0
2061
3926
2304
2227
0
0
0
0
0
2139
2300
0
0
0
0
2057
3922
2135
2296
0
0
0
0
2259
0
0
2292
2105
0
2255
0
2090
0
0
2288
2251
0
0
0
2101
0
2247
2284
0
0
0
2086
2243
0
0
2208
2097
2283
0
0
0
2279
0
2204
0
2275
2054
0
2093
2183
0
2200
0
2179
0
0
0
2175
0
2196
2081
2050
2171
0
0
0
2167
2192
0
0
2187
0
2077
2163
0
2188
2074
2159
0
2155
0
2143
0
2220
2121
2231
2271
2267
2263
2235
2151
2216
2070
2147
0
0
6213
0
0
0
0
0
0
0
2208
0
0
0
0
0
0
0
2204
0
0
0
0
0
0
0
2200
0
0
2057
3930
2103
0
0
2196
0
0
0
0
0
0
0
2192
0
0
0
0
0
0
0
2188
0
0
0
0
0
2053
3926
2220
2099
0
0
0
0
0
0
2216
0
0
0
0
0
0
0
2212
0
0
0
0
0
2132
0
0
2049
3922
0
2244
2095
0
0
0
0
2240
0
0
0
0
0
2236
0
0
0
0
0
2128
0
0
0
0
0
2124
2121
2078
0
2091
0
2224
0
0
0
0
0
2136
0
0
0
0
2144
0
0
0
0
2140
0
0
0
0
2160
2117
2074
0
2087
2268
0
0
0
0
2264
0
0
0
0
2260
0
0
0
0
2156
0
0
0
0
2152
0
0
2113
2070
2148
2083
0
0
2280
0
0
0
2276
2307
0
0
2272
0
0
0
2176
2303
0
0
2172
0
0
0
2248
2109
2066
2299
2168
0
0
0
2164
0
0
2295
2184
0
0
0
2180
0
2256
2291
2252
0
2228
2232
0
0
0
2287
2105
6158
0
0
0
0
0
0
0
2205
0
0
0
0
0
0
0
2201
0
0
0
0
0
0
0
2197
0
0
2100
2058
3931
0
0
2193
0
0
0
0
0
0
0
2189
0
0
0
0
0
0
0
2221
0
0
0
0
0
2096
2054
2217
3927
0
0
0
0
0
0
2213
0
0
0
0
0
2237
0
0
0
0
0
2129
0
0
0
0
2092
2125
2050
3923
0
0
0
2225
0
0
0
0
0
2137
0
0
0
0
0
2133
0
0
0
0
0
2257
0
2088
0
2122
2079
2253
0
0
0
0
0
2249
0
0
0
0
0
2245
0
0
0
0
0
2241
0
0
0
0
2084
2157
2118
2075
0
0
2153
0
0
0
0
2149
0
0
0
0
2269
0
0
0
0
2265
0
0
0
0
2261
2080
0
2114
2071
2145
0
0
0
2304
2141
0
0
0
0
2161
0
2300
0
2281
0
0
0
2277
0
2296
0
2273
0
0
2110
2169
2067
2292
0
2165
0
0
0
2185
0
2288
0
2181
0
0
0
2177
0
2284
0
2173
0
2229
2233
0
0
2208
2106
6159
0
0
0
0
0
0
0
0
0
0
0
0
0
0
0
0
0
0
0
0
0
0
0
0
0
0
0
0
0
0
0
0
0
0
0
0
0
0
0
0
0
0
0
0
0
0
0
0
0
0
0
0
0
0
0
0
0
0
0
0
0
0
0
0
0
0
0
0
0
0
0
0
0
0
0
0
0
0
0
0
0
0
0
0
0
0
0
0
0
0
0
0
0
0
0
0
0
0
0
0
0
0
0
0
0
0
0
0
0
0
0
0
0
0
0
0
0
0
0
0
0
0
0
0
0
0
0
0
0
0
0
0
0
0
0
0
0
0
0
0
0
0
0
0
0
0
0
0
0
0
0
0
0
0
0
0
0
0
0
0
0
0
0
0
0
0
0
0
0
0
0
0
0
0
0
0
0
0
0
0
0
0
0
0
0
0
0
0
0
0
0
0
0
0
0
0
0
0
0
0
0
0
0
0
0
0
0
0
0
0
0
0
0
0
0
0
0
0
0
0
0
0
0
0
0
0
0
0
0
0
0
0
0
0
0
0
0
0
0
0
0
0
0
0
0
0
0
0
0
0
0
0
0
0
0
0
0
0
0
0
0
0
0
0
0
0
0
0
0
0
0
0
0
0
0
0
0
0
0
0
0
0
0
0
0
0
0
0
0
0
0
0
0
0
0
0
0
0
0
0
0
0
0
0
0
0
0
0
0
0
0
0
0
0
0
0
0
0
0
0
0
0
0
0
0
0
0
0
0
0
0
0
0
0
0
0
0
0
0
0
0
0
0
0
0
0
0
0
0
0
0
0
0
0
0
0
0
0
0
0
0
0
0
0
0
0
0
0
0
0
0
0
0
0
0
0
0
0
0
0
0
0
0
0
0
0
0
0
0
0
0
0
0
0
0
0
0
0
0
0
0
0
0
0
0
0
0
0
0
0
0
0
0
0
0
0
0
0
0
0
0
0
0
0
0
0
0
0
0
0
0
0
0
0
0
0
0
0
0
0
0
0
0
0
0
0
0
0
0
0
0
0
0
0
0
0
0
0
0
0
0
0
0
0
0
0
0
0
0
0
0
0
0
0
0
0
0
0
0
0
0
0
0
0
0
0
0
0
0
0
0
0
0
0
0
0
0
0
0
0
0
0
0
0
0
0
0
0
0
0
0
0
0
0
0
0
0
0
0
0
0
0
0
0
0
0
0
0
0
0
0
0
0
0
0
0
0
0
0
0
0
0
0
0
0
0
0
0
0
0
0
0
0
0
0
0
0
0
0
0
0
0
0
0
0
0
0
0
0
0
0
0
0
0
0
0
0
0
0
0
0
0
0
0
0
0
0
0
0
0
0
0
0
0
0
0
0
0
0
0
0
0
0
0
0
0
0
0
0
0
0
0
0
0
0
0
0
0
0
0
0
0
0
0
0
0
0
0
0
0
0
0
0
0
0
0
0
0
0
0
0
0
0
0
0
0
0
0
0
0
0
0
0
0
0
0
0
0
0
0
0
0
0
0
0
0
0
0
0
0
0
0
0
0
0
0
0
0
0
0
0
0
0
0
0
0
0
0
0
0
0
0
0
0
0
0
0
0
0
0
0
0
0
0
0
0
0
0
0
0
0
0
0
0
0
0
0
0
0
0
0
0
0
0
0
0
0
0
0
0
0
0
0
0
0
0
0
0
0
0
0
0
0
0
0
0
0
0
0
0
0
0
0
0
0
0
0
0
0
0
0
0
0
0
0
0
0
0
0
0
0
0
0
0
0
0
0
0
0
0
0
0
0
0
0
0
0
0
0
0
0
0
0
0
0
0
0
0
0
0
0
0
0
0
0
0
0
0
0
0
0
0
0
0
0
0
0
0
0
0
0
0
0
0
0
0
0
0
0
0
0
0
0
0
0
0
0
0
0
0
0
0
0
0
0
0
0
0
0
0
0
0
0
0
0
0
0
0
0
0
0
0
0
0
0
0
0
0
0
0
0
0
0
0
0
0
0
0
0
0
0
0
0
0
0
0
0
0
0
0
0
0
0
0
0
0
0
0
0
0
0
0
0
0
0
0
0
0
0
0
0
0
0
0
0
0
0
0
0
0
0
0
0
0
0
0
0
0
0
0
0
0
0
0
0
0
0
0
0
0
0
0
0
0
0
0
0
0
0
0
0
0
0
0
0
0
0
0
0
0
0
0
0
0
0
0
0
0
0
0
0
0
0
0
0
0
0
0
0
0
0
0
0
0
0
0
0
0
0
0
0
0
0
0
0
0
0
0
0
0
0
0
0
0
0
0
0
0
0
0
0
0
0
0
0
0
0
0
0
0
0
0
0
0
0
0
0
0
0
0
0
0
0
0
0
0
0
0
0
0
0
0
0
0
0
0
0
0
0
0
0
0
0
0
0
0
0
0
0
0
0
0
0
0
0
0
0
0
0
0
0
0
0
0
0
0
0
0
0
0
0
0
0
0
0
0
0
0
0
0
0
0
0
0
0
0
0
0
0
0
0
0
0
0
0
0
0
0
0
0
0
0
0
0
0
0
0
0
0
0
0
0
0
0
0
0
0
0
0
0
0
0
0
0
0
0
0
0
0
0
0
0
0
0
0
0
0
0
0
0
0
0
0
0
0
0
0
0
0
0
0
0
0
0
0
0
0
0
0
0
0
0
0
0
0
0
0
0
0
0
0
0
0
0
0
0
0
0
0
0
0
0
0
0
0
0
0
0
0
0
0
0
0
0
0
0
0
0
0
0
0
0
0
0
0
0
0
0
0
0
0
0
0
0
0
0
0
0
0
0
0
0
0
0
0
0
0
0
0
0
0
0
0
0
0
0
0
0
0
0
0
0
0
0
0
0
0
0
0
0
0
0
0
0
0
0
0
0
0
0
0
0
0
0
0
0
0
0
0
0
0
0
0
0
0
0
0
0
0
0
0
0
0
0
0
0
0
0
0
0
0
0
0
0
0
0
0
0
0
0
0
0
0
0
0
0
0
0
0
0
0
0
0
0
0
0
0
0
0
0
0
0
0
0
0
0
0
0
0
0
0
0
0
0
0
0
0
0
0
0
0
0
0
0
0
0
0
0
0
0
0
0
0
0
0
0
0
0
0
0
0
0
0
0
0
0
0
0
0
0
0
0
0
0
0
0
0
0
0
0
0
0
0
0
0
0
0
0
0
0
0
0
0
0
0
0
0
0
0
0
0
0
0
0
0
0
0
0
0
0
0
0
0
0
0
0
0
0
0
0
0
0
0
0
0
0
0
0
0
0
0
0
0
0
0
0
0
0
0
0
0
0
0
0
0
0
0
0
0
0
0
0
0
0
0
0
0
0
0
0
0
0
0
0
0
0
0
0
0
0
0
0
0
0
0
0
0
0
0
0
0
0
0
0
0
0
0
0
0
0
0
0
0
0
0
0
0
0
0
0
0
0
0
0
0
0
0
0
0
0
0
0
0
0
0
0
0
0
0
0
0
0
0
0
0
0
0
0
0
0
0
0
0
0
0
0
0
0
0
0
0
0
0
0
0
0
0
0
0
0
0
0
0
0
0
0
0
0
0
0
0
0
0
0
0
0
0
0
0
0
0
0
0
0
0
0
0
0
0
0
0
0
0
0
0
0
0
0
0
0
0
0
0
0
0
0
0
0
0
0
0
0
0
0
0
0
0
0
0
0
0
0
0
0
0
0
0
0
0
0
0
0
0
0
0
0
0
0
0
0
0
0
0
0
0
0
0
0
0
0
0
0
0
0
0
0
0
0
0
0
0
0
0
0
0
0
0
0
0
0
0
0
0
0
0
0
0
0
0
0
0
0
0
