int
0
0
0
2255
0
0
2259
0
0
2059
0
0
2055
0
0
2144
2101
2078
2051
0
0
2131
0
0
2191
0
0
2187
0
0
2127
2068
2097
2270
2123
0
0
2219
0
2171
0
2227
0
2291
0
2287
0
2136
2093
2066
2223
0
2331
0
2267
0
2263
0
2251
0
2167
0
2243
2132
2161
2118
2175
0
2235
3867
3863
3859
2339
2335
2327
2323
2319
2315
2311
2080
2157
2114
2307
2303
2299
2295
2208
2275
2247
2239
2231
2207
2203
2212
2199
2195
2089
2110
2180
2155
2143
2087
2176
2075
2063
0
2280
0
0
0
2276
0
2149
6202
0
0
0
0
0
0
0
0
0
0
0
0
0
0
0
0
0
0
0
0
0
2112
2145
3866
2087
0
0
0
0
0
0
2215
0
0
0
0
0
0
2211
0
0
0
0
2108
2073
3862
2183
0
0
0
2279
0
0
0
2255
0
0
0
2283
0
0
2055
0
0
2051
2104
2137
3858
2191
0
0
2187
0
0
2131
0
0
2127
0
0
2219
0
0
2259
0
0
2123
2100
2133
2082
2059
0
2235
0
2291
0
2331
0
2287
0
2179
0
2267
0
2263
0
2251
0
2227
2268
2069
2162
2243
0
2223
2339
2335
2327
2323
2319
2315
2311
2307
2303
2299
2295
2275
2247
2239
2231
2207
2096
2065
2158
2203
2199
2195
2175
2171
2167
2155
2143
0
0
0
0
0
0
0
0
0
0
0
2092
2061
2078
0
0
0
0
0
0
0
0
0
0
0
0
0
0
0
0
0
0
0
2088
2117
6246
0
0
0
0
0
0
0
0
0
0
0
0
0
0
2215
0
0
0
0
0
2100
2145
2078
0
0
0
0
0
0
2211
0
0
0
0
0
0
0
0
0
0
0
2096
2069
2270
2207
0
0
0
0
0
2295
0
0
0
2255
0
0
0
2179
0
0
0
2092
2137
2066
2279
0
0
2051
0
0
2303
0
0
2299
0
0
2131
0
0
2183
0
0
2160
2133
2118
2127
0
0
2123
0
0
2059
0
0
2055
0
0
2259
0
0
2219
0
2283
2156
2081
2114
2187
0
2267
0
2263
0
2251
0
2331
0
2175
0
2243
2201
2171
0
2235
0
2088
2167
2110
2227
0
2223
0
2191
3867
3863
2197
3859
2339
2335
2327
2323
2319
2315
2311
2307
2291
2148
2287
2106
2275
2193
2247
2239
2231
2155
2143
2087
2075
6159
0
0
0
0
0
0
0
0
0
0
0
0
0
0
0
0
0
0
0
0
0
0
0
0
0
0
2112
2145
2086
3867
0
0
0
0
0
0
0
0
0
0
0
0
0
2214
0
0
0
0
0
0
0
0
0
2108
2073
0
3863
0
2210
0
0
0
0
0
0
0
0
0
0
0
0
0
0
2206
0
0
0
0
0
0
2104
2137
0
3859
0
0
0
0
2202
0
0
0
0
0
0
0
0
0
0
0
0
0
0
2198
0
0
0
2100
2133
0
2083
0
0
0
0
0
0
0
2194
0
0
0
0
0
2294
0
0
0
2278
0
0
0
2254
0
2268
2069
2050
2163
0
2182
0
0
2130
0
0
2126
0
0
2122
0
0
2058
0
0
2258
0
0
2218
0
0
2054
2096
2065
2302
2159
0
2298
0
2222
0
2266
0
2330
0
2262
0
2250
0
2190
0
2242
0
2186
0
2234
0
2178
0
2092
2061
2226
2079
2282
2338
2334
2326
2322
2318
2314
2310
2306
2290
2286
2274
2246
2238
2230
2174
2170
2166
2154
2142
0
0
0
2088
2117
0
6247
0
0
0
0
0
0
0
0
0
0
0
0
0
0
0
0
0
0
0
0
0
0
0
0
0
0
2048
2097
2130
2135
0
0
0
0
0
0
0
0
0
0
0
0
0
2235
0
0
0
0
0
0
0
0
0
2160
2093
2126
0
2255
0
0
0
0
0
0
0
0
0
0
0
0
2243
0
0
0
0
0
0
0
0
0
2268
2089
2122
2251
0
0
0
0
0
0
2215
0
0
0
0
0
0
2211
0
0
0
0
2183
0
0
0
2279
2156
2057
2118
2179
0
0
0
2283
0
0
2259
0
0
2223
0
0
2191
0
0
2187
0
0
2227
0
2171
0
2267
2152
2081
2114
2307
0
2263
0
2167
0
2331
0
2175
0
2291
0
2287
3867
3863
3859
2339
2335
2327
2323
2319
2315
2311
2303
2148
2077
2218
2299
2295
2275
2247
2239
2231
2207
2203
2199
2195
2087
2075
2063
0
0
0
0
0
0
0
0
0
0
0
2144
2053
2110
0
0
0
0
0
0
0
0
0
0
0
0
0
0
0
0
0
0
0
0
0
0
0
0
2140
2069
2106
0
0
0
0
0
0
0
0
0
0
0
0
0
0
0
0
0
0
0
0
0
0
0
0
2136
2065
6198
0
0
0
0
0
0
0
0
0
0
0
0
0
0
0
0
0
0
0
0
0
0
0
0
0
0
0
0
0
0
0
0
2268
2069
3866
2111
0
0
0
0
0
0
0
0
0
0
0
0
0
0
0
0
0
0
0
0
0
0
0
0
0
0
0
0
0
2144
2065
3862
2107
0
0
0
0
0
0
0
0
0
0
0
0
0
0
0
0
0
0
0
0
0
0
0
0
0
0
0
0
0
2140
2061
3858
2103
0
0
0
0
0
0
0
0
0
0
0
0
0
0
0
0
0
0
0
0
0
0
0
0
0
0
0
0
0
2136
2057
2098
2219
0
0
0
0
0
0
0
0
0
0
0
0
0
2255
0
0
0
0
0
0
0
0
0
0
0
0
0
2235
0
2132
2053
2094
0
0
0
0
0
0
0
0
2251
0
0
0
0
0
0
0
0
0
0
0
0
2243
0
0
0
0
0
0
2211
0
2128
2049
2090
0
0
2215
0
0
0
0
2183
0
0
0
2283
0
0
0
2279
0
0
2187
0
0
2227
0
0
2259
0
0
2223
0
0
2124
2161
2086
2191
0
2287
0
2307
0
2331
0
2179
0
2267
0
2263
0
2291
2339
2335
2327
2323
2319
2315
2311
2303
2299
2295
2275
2247
2239
2231
2207
2120
2157
2082
2203
2199
2195
2175
2171
2167
0
0
0
0
0
0
0
0
0
0
0
0
0
0
0
0
0
0
0
0
0
0
0
0
2116
2153
2078
0
0
0
0
0
0
0
0
0
0
0
0
0
0
0
0
0
0
0
0
0
0
0
0
0
0
0
0
0
0
2112
2149
6170
0
0
0
0
0
0
0
0
0
0
0
0
0
0
0
0
0
0
0
0
0
0
0
0
0
0
0
0
0
0
0
2048
2097
2130
2135
0
0
0
0
0
0
0
0
0
0
0
0
0
0
2199
0
0
0
0
0
0
0
0
0
0
0
0
0
2160
2093
2126
2195
0
0
0
0
0
0
0
0
0
0
0
0
0
0
2215
0
0
0
0
0
0
0
0
0
0
0
0
0
2268
2089
2122
2211
0
0
0
0
0
0
0
0
0
0
0
0
0
0
2207
0
0
0
0
0
0
0
0
0
0
0
0
0
2156
2057
2118
2203
0
0
0
0
0
0
0
0
0
0
0
0
0
2235
0
0
0
0
0
0
0
0
0
0
0
0
0
2255
2152
2081
2114
0
0
0
0
0
0
0
0
0
2243
0
0
0
0
0
0
0
0
0
0
0
0
2251
0
0
0
0
0
2295
2148
2077
2218
2179
0
0
0
2279
0
0
2303
0
0
2299
0
0
2223
0
0
2183
0
0
2259
0
0
2227
0
2171
0
2307
0
2167
2144
2053
2110
2191
0
2283
0
2331
0
2187
0
2267
0
2263
0
2175
3867
3863
3859
2339
2335
2327
2323
2319
2315
2311
2291
2287
2275
2247
2239
2231
2140
2069
2106
2087
2075
2063
0
0
0
0
0
0
0
0
0
0
0
0
0
0
0
0
0
0
0
0
0
0
0
0
0
0
2136
2065
6198
0
0
0
0
0
0
0
0
0
0
0
0
0
0
0
0
0
0
0
0
0
0
0
0
0
0
0
0
0
0
0
0
0
0
0
0
0
2268
2069
3866
2111
0
0
0
0
0
0
0
0
0
0
0
0
0
0
0
0
0
0
0
0
0
0
0
0
0
0
0
0
0
0
0
0
0
0
2144
2065
3862
2107
0
0
0
0
0
0
0
0
0
0
0
0
0
0
0
0
0
0
0
0
0
0
0
0
0
0
0
0
0
0
0
0
0
0
2140
2061
3858
2103
0
0
0
0
0
0
0
0
0
0
0
0
0
0
0
0
0
0
0
0
0
0
0
0
0
0
0
0
0
0
0
0
0
0
2136
2057
2098
2219
0
0
0
0
0
0
0
0
0
0
0
0
0
0
2211
0
0
0
0
0
0
0
0
0
0
0
0
0
0
2207
0
0
0
0
2132
2053
2094
0
0
0
0
0
0
0
2203
0
0
0
0
0
0
0
0
0
0
0
0
0
0
2199
0
0
0
0
0
0
0
0
0
0
0
0
2128
2049
2090
2195
0
0
0
0
0
0
0
0
0
0
0
0
0
0
2215
0
0
0
0
0
0
0
0
0
0
0
0
0
2255
0
0
0
0
0
2124
2161
2086
0
0
0
0
0
2235
0
0
0
0
0
0
0
0
0
0
0
0
2251
0
0
0
0
0
0
0
0
0
0
0
0
2243
0
0
0
2120
2157
2082
2295
0
0
0
2279
0
0
2183
0
0
2259
0
0
2227
0
0
2303
0
0
2299
0
0
2223
0
2307
0
2191
0
2331
0
2187
0
2283
0
2179
2116
2153
2078
2267
0
2263
2339
2335
2327
2323
2319
2315
2311
2291
2287
2275
2247
2239
2231
2175
2171
2167
0
0
0
0
0
0
0
0
0
0
0
0
0
0
0
0
2112
2149
6170
0
0
0
0
0
0
0
0
0
0
0
0
0
0
0
0
0
0
0
0
0
0
0
0
0
0
0
0
0
0
0
0
0
0
0
0
0
0
0
0
0
0
0
0
0
0
0
0
0
0
0
0
0
0
0
0
0
0
0
0
0
0
0
0
0
0
0
0
0
0
0
0
0
0
0
0
0
0
0
0
0
0
0
0
0
0
0
0
0
0
0
0
0
0
0
0
0
0
0
0
0
0
0
0
0
0
0
0
0
0
0
0
0
0
0
0
0
0
0
0
0
0
0
0
0
0
0
0
0
0
0
0
0
0
0
0
0
0
0
0
0
0
0
0
0
0
0
0
0
0
0
0
0
0
0
0
0
0
0
0
0
0
0
0
0
0
0
0
0
0
0
0
0
0
0
0
0
0
0
0
0
0
0
0
0
0
0
0
0
0
0
0
0
0
0
0
0
0
0
0
0
0
0
0
0
0
0
0
0
0
0
0
0
0
0
0
0
0
0
0
0
0
0
0
0
0
0
0
0
0
0
0
0
0
0
0
0
0
0
0
0
0
0
0
0
0
0
0
0
0
0
0
0
0
0
0
0
0
0
0
0
0
0
0
0
0
0
0
0
0
0
0
0
0
0
0
0
0
0
0
0
0
0
0
0
0
0
0
0
0
0
0
0
0
0
0
0
0
0
0
0
0
0
0
0
0
0
0
0
0
0
0
0
0
0
0
0
0
0
0
0
0
0
0
0
0
0
0
0
0
0
0
0
0
0
0
0
0
0
0
0
0
0
0
0
0
0
0
0
0
0
0
0
0
0
0
0
0
0
0
0
0
0
0
0
0
0
0
0
0
0
0
0
0
0
0
0
0
0
0
0
0
0
0
0
0
0
0
0
0
0
0
0
0
0
0
0
0
0
0
0
0
0
0
0
0
0
0
0
0
0
0
0
0
0
0
0
0
0
0
0
0
0
0
0
0
0
0
0
0
0
0
0
0
0
0
0
0
0
0
0
0
0
0
0
0
0
0
0
0
0
0
0
0
0
0
0
0
0
0
0
0
0
0
0
0
0
0
0
0
0
0
0
0
0
0
0
0
0
0
0
0
0
0
0
0
0
0
0
0
0
0
0
0
0
0
0
0
0
0
0
0
0
0
0
0
0
0
0
0
0
0
0
0
0
0
0
0
0
0
0
0
0
0
0
0
0
0
0
0
0
0
0
0
0
0
0
0
0
0
0
0
0
0
0
0
0
0
0
0
0
0
0
0
0
0
0
0
0
0
0
0
0
0
0
0
0
0
0
0
0
0
0
0
0
0
0
0
0
0
0
0
0
0
0
0
0
0
0
0
0
0
0
0
0
0
0
0
0
0
0
0
0
0
0
0
0
0
0
0
0
0
0
0
0
0
0
0
0
0
0
0
0
0
0
0
0
0
0
0
0
0
0
0
0
0
0
0
0
0
0
0
0
0
0
0
0
0
0
0
0
0
0
0
0
0
0
0
0
0
0
0
0
0
0
0
0
0
0
0
0
0
0
0
0
0
0
0
0
0
0
0
0
0
0
0
0
0
0
0
0
0
0
0
0
0
0
0
0
0
0
0
0
0
0
0
0
0
0
0
0
0
0
0
0
0
0
0
0
0
0
0
0
0
0
0
0
0
0
0
0
0
0
0
0
0
0
0
0
0
0
0
0
0
0
0
0
0
0
0
0
0
0
0
0
0
0
0
0
0
0
0
0
0
0
0
0
0
0
0
0
0
0
0
0
0
0
0
0
0
0
0
0
0
0
0
0
0
0
0
0
0
0
0
0
0
0
0
0
0
0
0
0
0
0
0
0
0
0
0
0
0
0
0
0
0
0
0
0
0
0
0
0
0
0
0
0
0
0
0
0
0
0
0
0
0
0
0
0
0
0
0
0
0
0
0
0
0
0
0
0
0
0
0
0
0
0
0
0
0
0
0
0
0
0
0
0
0
0
0
0
0
0
0
0
0
0
0
0
0
0
0
0
0
0
0
0
0
0
0
0
0
0
0
0
0
0
0
0
0
0
0
0
0
0
0
0
0
0
0
0
0
0
0
0
0
0
0
0
0
0
0
0
0
0
0
0
0
0
0
0
0
0
0
0
0
0
0
0
0
0
0
0
0
0
0
0
0
0
0
0
0
0
0
0
0
0
0
0
0
0
0
0
0
0
0
0
0
0
0
0
0
0
0
0
0
0
0
0
0
0
0
0
0
0
0
0
0
0
0
0
0
0
0
0
0
0
0
0
0
0
0
0
0
0
0
0
0
0
0
0
0
0
0
0
0
0
0
0
0
0
0
0
0
0
0
0
0
0
0
0
0
0
0
0
0
0
0
0
0
0
0
0
0
0
0
0
0
0
0
0
0
0
0
0
0
0
0
0
0
0
0
0
0
0
0
0
0
0
0
0
0
0
0
0
0
0
0
0
0
0
0
0
0
0
0
0
0
0
0
0
0
0
0
0
0
0
0
0
0
0
0
0
0
0
0
0
0
0
0
0
0
0
0
0
0
0
0
0
0
0
0
0
0
0
0
0
0
0
0
0
0
0
0
0
0
0
0
0
0
0
0
0
0
0
0
0
0
0
0
0
0
0
0
0
0
0
0
0
0
0
0
0
0
0
0
0
0
0
0
0
0
0
0
0
0
0
0
0
0
0
0
0
0
0
0
0
0
0
0
0
0
0
0
0
0
0
0
0
0
0
0
0
0
0
0
0
0
0
0
0
0
0
0
0
0
0
0
0
0
0
0
0
0
0
0
0
0
0
0
0
0
0
0
0
0
0
0
0
0
0
0
0
0
0
0
0
0
0
0
0
0
0
0
0
0
0
0
0
0
0
0
0
0
0
0
0
0
0
0
0
0
0
0
0
0
0
0
0
0
0
0
0
0
0
0
0
0
0
0
0
0
0
0
0
0
0
0
0
0
0
0
0
0
0
0
0
0
0
0
0
0
0
0
0
0
0
0
0
0
0
0
0
0
0
0
0
0
0
0
0
0
0
0
0
0
0
0
0
0
0
0
0
0
0
0
0
0
0
0
0
0
0
0
0
0
0
0
0
0
0
0
0
0
0
0
0
0
0
0
0
0
0
0
0
0
0
0
0
0
0
0
0
0
0
0
0
0
0
0
0
0
0
0
0
0
0
0
0
0
0
0
0
0
0
0
0
0
0
0
0
0
0
0
0
0
0
0
0
0
0
0
0
0
0
0
0
0
0
0
0
0
0
0
0
0
0
0
0
0
0
0
0
0
0
0
0
0
0
0
0
0
0
0
0
0
0
0
0
0
0
0
0
0
0
0
0
0
0
0
0
0
0
0
0
0
0
0
0
0
0
0
0
0
0
0
0
0
0
0
0
0
0
0
0
0
0
0
0
0
0
0
0
0
0
0
0
0
0
0
0
0
0
0
0
0
0
0
0
0
0
0
0
0
0
0
0
0
0
0
0
0
0
0
0
0
0
0
0
0
0
0
0
0
0
0
0
0
0
0
0
0
0
0
0
0
0
0
0
0
0
0
0
0
0
0
0
0
0
0
0
0
0
0
0
0
0
0
0
0
0
0
0
0
0
0
0
0
0
0
0
0
0
0
0
0
0
0
0
0
0
0
0
0
0
0
0
0
0
0
0
0
0
0
0
0
0
0
0
0
0
0
0
0
0
0
0
0
0
0
0
0
0
0
0
0
0
0
0
0
0
0
0
0
0
0
0
0
0
0
0
0
0
0
0
0
0
0
0
0
0
0
0
0
0
0
0
0
0
0
0
0
0
0
0
0
0
0
0
0
0
0
0
0
0
0
0
0
0
0
0
0
0
0
0
0
0
0
0
0
0
0
0
0
0
0
0
0
0
0
0
0
0
0
0
0
0
0
0
0
0
0
0
0
0
0
0
0
0
0
0
0
0
0
0
0
0
0
0
0
0
0
0
0
0
0
0
0
0
0
0
0
0
0
0
0
0
0
0
0
0
0
0
0
0
0
0
0
0
0
0
0
0
0
0
0
0
0
0
0
0
0
0
0
0
0
0
0
0
0
0
0
0
0
0
0
0
0
0
0
0
0
0
0
0
0
0
0
0
0
0
0
0
0
0
0
0
0
0
0
0
0
0
0
0
0
0
0
0
0
0
0
0
0
0
0
0
0
0
0
0
0
0
0
0
0
0
0
0
0
0
0
0
0
0
0
0
0
0
0
0
0
0
0
0
0
0
0
0
0
0
0
0
0
0
0
0
0
0
0
0
0
0
0
0
0
0
0
0
0
0
0
0
0
0
0
0
0
0
0
0
0
0
0
0
0
0
0
0
0
0
0
0
0
0
0
0
0
0
0
0
0
0
0
0
0
0
0
0
0
0
0
0
0
0
0
0
0
0
0
0
0
0
0
0
0
0
0
0
0
0
0
0
0
0
0
0
0
0
0
0
0
0
0
0
0
0
0
0
0
0
0
0
0
0
0
0
0
0
0
0
0
0
0
0
0
0
0
0
0
0
0
0
0
0
0
0
0
0
0
0
0
0
0
0
0
0
0
0
0
0
0
0
0
0
0
0
0
0
0
0
0
0
0
0
0
0
0
0
0
0
0
0
0
0
0
0
0
0
0
0
0
0
0
0
0
0
0
0
0
0
0
0
0
0
0
0
0
0
0
0
0
0
0
0
0
0
0
0
0
0
0
0
0
0
0
0
0
0
0
0
0
0
0
0
0
0
0
0
0
0
0
0
0
0
0
0
0
0
0
0
0
0
0
0
0
0
0
0
0
0
0
0
0
0
0
0
0
0
0
0
0
0
0
0
0
0
0
0
0
0
0
0
0
0
0
0
0
0
0
0
0
0
0
0
0
0
0
0
0
0
0
0
0
0
0
0
0
0
0
0
0
0
0
0
0
0
0
0
0
0
0
0
0
0
0
0
