int
0
0
0
0
0
0
0
0
0
0
0
0
2060
2057
2098
2167
0
0
0
0
0
0
0
0
0
2108
2053
2094
2239
0
0
3851
0
0
3847
0
0
3843
2104
2133
2090
2115
0
0
2123
0
0
2119
2227
2223
2219
2100
2129
2086
2215
2211
2207
2203
2199
2195
2191
2187
2183
2163
2176
2125
2234
2159
2155
2151
2147
2143
2139
2079
2075
2071
0
2172
2049
2230
0
0
0
0
0
0
0
0
0
0
2168
2065
6178
0
0
0
0
0
0
0
0
0
0
0
0
0
0
0
2176
2109
3850
2067
0
0
0
0
0
0
0
0
0
0
0
0
2172
2105
3846
2063
0
0
0
0
0
0
0
0
0
0
0
0
2168
2101
3842
2135
0
0
0
0
0
0
0
0
0
0
0
0
2164
2097
2238
2131
0
0
0
0
0
0
0
0
0
0
0
0
2084
2093
2234
2127
2227
2223
2219
2215
2211
2207
2203
2199
2195
2163
2159
2155
2080
2089
2230
2151
2147
2143
2139
2079
2075
2071
0
0
0
0
0
0
2056
2189
2122
0
0
0
0
0
0
0
0
0
0
0
0
0
2052
2185
2118
0
0
0
0
0
0
0
0
0
0
0
0
0
2048
2181
6210
0
0
0
0
2147
0
0
0
0
2143
0
0
2104
2053
2166
2139
0
0
0
0
2215
0
0
0
0
2100
2133
2098
2211
0
0
0
0
2207
0
0
0
0
2176
2129
2094
2203
0
0
0
0
2199
0
0
0
0
2172
2125
2238
2195
0
0
0
0
2079
0
0
0
0
2168
2049
2090
2075
0
0
0
0
2071
0
0
0
2228
2163
2065
2086
3851
0
0
3847
0
0
3843
0
2232
2123
0
2061
2082
2156
2119
0
0
2115
2152
2227
2223
2219
2191
2148
2109
2058
2187
6279
0
0
0
0
0
0
0
0
0
0
0
0
0
0
0
2168
2105
3850
2131
0
0
0
0
0
0
0
0
0
0
0
0
2164
2101
3846
2127
0
0
0
0
2079
0
0
0
0
2075
0
0
2084
2097
3842
2071
0
0
0
0
2215
0
0
0
0
2211
0
0
2080
2093
2238
2207
0
0
0
0
2203
0
0
0
0
2199
0
0
2056
2089
2234
2195
0
0
0
0
2163
0
0
0
0
2159
0
0
2052
2189
2230
2155
0
0
0
0
2151
0
0
0
0
2147
0
0
2048
2185
2122
2143
0
0
0
0
2139
2227
2223
2219
0
0
0
0
2064
2181
2118
0
0
0
0
0
0
0
0
0
0
0
0
0
2060
2177
2114
0
0
0
0
0
0
0
0
0
0
0
0
0
2132
2173
6206
0
0
0
0
0
0
0
0
0
0
0
0
2152
2089
2218
2131
0
0
0
0
0
0
0
0
0
2148
2085
2066
2127
0
0
0
0
0
0
0
0
0
2080
2177
2062
2051
0
0
0
0
0
0
0
0
0
2056
2173
2110
2239
0
0
0
0
0
0
0
0
0
2052
2169
2106
2235
0
0
0
0
0
0
0
0
0
2132
2165
2102
3848
2231
0
3844
0
0
3840
0
0
2120
0
2161
2116
2098
2227
2112
2212
2208
2204
2200
2196
2192
2188
2184
2180
2144
2140
2136
2076
2072
2068
2157
2094
6319
0
0
0
0
0
0
0
0
0
0
0
0
0
0
0
2168
2089
3850
2131
0
0
0
0
0
0
0
0
0
0
0
0
2164
2085
3846
2127
0
0
0
0
0
0
0
0
0
0
0
0
2160
2081
3842
2123
0
0
0
0
0
0
0
0
0
0
0
0
2156
2057
2238
2119
0
0
0
0
0
0
0
0
0
0
0
0
2152
2053
2234
2115
0
0
0
0
0
0
0
0
0
0
0
0
2148
2189
2230
2111
0
0
0
0
0
0
0
0
0
0
0
0
2048
2185
2226
2107
0
0
0
0
0
0
0
0
0
0
0
0
2064
2181
2222
2103
0
0
0
0
0
0
0
0
0
0
0
0
2060
2177
2218
2099
2215
2211
2207
2203
2199
2195
2147
2143
2139
2079
2075
2071
2132
2173
6190
0
0
0
0
0
0
0
0
0
0
0
0
0
0
0
0
0
2160
2081
2094
2059
0
0
0
0
0
0
0
0
0
0
0
0
0
0
2156
2201
2090
2055
0
0
0
0
0
0
0
0
0
0
0
0
0
0
2152
2197
2086
2051
0
0
0
0
0
0
0
0
0
0
0
0
0
0
2148
2077
2238
2107
0
0
0
0
0
0
0
0
0
0
0
0
0
0
2144
2073
2234
2103
0
0
0
0
0
0
0
0
0
0
0
0
0
0
2140
2069
2230
2099
0
0
0
0
0
0
0
0
0
0
0
0
0
0
2136
2065
2226
2207
0
0
0
0
0
0
0
0
0
0
0
0
0
0
2132
2177
2222
2195
0
0
0
0
0
0
0
0
0
0
0
0
0
0
2128
2173
2218
2111
0
0
3851
0
0
3847
0
0
3843
0
0
2123
0
0
2124
2169
2214
2119
0
0
2115
2191
2187
2183
0
0
0
0
0
0
0
0
2060
2165
6306
0
0
0
0
0
0
0
0
0
0
0
0
0
0
0
0
0
0
0
0
0
2144
2197
3850
2095
0
0
0
0
0
0
0
0
0
0
0
0
0
0
0
0
0
0
2140
2193
3846
2091
0
0
0
0
0
0
0
0
0
0
0
0
0
0
0
0
0
0
2136
2189
3842
2087
0
0
0
0
0
0
0
0
0
0
0
0
0
0
0
0
0
0
2132
2185
2238
2083
0
0
0
0
0
0
0
0
0
0
0
0
0
0
0
0
0
0
2128
2181
2234
2079
0
0
0
0
0
0
0
0
0
0
0
0
0
0
0
0
0
0
2124
2177
2230
2075
0
0
0
0
0
0
0
0
0
0
0
0
0
0
0
0
0
0
2120
2173
2226
2071
0
0
0
0
0
0
0
0
0
0
0
0
0
0
0
0
0
0
2116
2169
2222
2067
0
0
0
0
0
0
0
0
0
0
0
0
0
0
0
0
0
0
2112
2165
2218
2063
0
0
0
0
0
0
0
0
0
0
0
0
0
0
0
0
0
0
2108
2161
2214
2059
0
0
0
0
0
0
0
0
0
0
0
0
0
0
0
0
0
0
2104
2157
2210
2055
0
0
0
0
0
0
0
0
0
0
0
0
0
0
0
0
0
0
2100
2153
2206
2051
0
0
0
0
0
0
0
0
0
0
0
0
0
0
0
0
0
0
2096
2149
6298
0
0
0
0
0
0
0
0
0
0
0
0
0
0
0
0
0
0
0
0
0
0
0
0
0
0
0
0
0
0
0
0
0
0
0
0
0
0
0
0
0
0
0
0
0
0
0
0
0
0
0
0
0
0
0
0
0
0
0
0
0
0
0
0
0
0
0
0
0
0
0
0
0
0
0
0
0
0
0
0
0
0
0
0
0
0
0
0
0
0
0
0
0
0
0
0
0
0
0
0
0
0
0
0
0
0
0
0
0
0
0
0
0
0
0
0
0
0
0
0
0
0
0
0
0
0
0
0
0
0
0
0
0
0
0
0
0
0
0
0
0
0
0
0
0
0
0
0
0
0
0
0
0
0
0
0
0
0
0
0
0
0
0
0
0
0
0
0
0
0
0
0
0
0
0
0
0
0
0
0
0
0
0
0
0
0
0
0
0
0
0
0
0
0
0
0
0
0
0
0
0
0
0
0
0
0
0
0
0
0
0
0
0
0
0
0
0
0
0
0
0
0
0
0
0
0
0
0
0
0
0
0
0
0
0
0
0
0
0
0
0
0
0
0
0
0
0
0
0
0
0
0
0
0
0
0
0
0
0
0
0
0
0
0
0
0
0
0
0
0
0
0
0
0
0
0
0
0
0
0
0
0
0
0
0
0
0
0
0
0
0
0
0
0
0
0
0
0
0
0
0
0
0
0
0
0
0
0
0
0
0
0
0
0
0
0
0
0
0
0
0
0
0
0
0
0
0
0
0
0
0
0
0
0
0
0
0
0
0
0
0
0
0
0
0
0
0
0
0
0
0
0
0
0
0
0
0
0
0
0
0
0
0
0
0
0
0
0
0
0
0
0
0
0
0
0
0
0
0
0
0
0
0
0
0
0
0
0
0
0
0
0
0
0
0
0
0
0
0
0
0
0
0
0
0
0
0
0
0
0
0
0
0
0
0
0
0
0
0
0
0
0
0
0
0
0
0
0
0
0
0
0
0
0
0
0
0
0
0
0
0
0
0
0
0
0
0
0
0
0
0
0
0
0
0
0
0
0
0
0
0
0
0
0
0
0
0
0
0
0
0
0
0
0
0
0
0
0
0
0
0
0
0
0
0
0
0
0
0
0
0
0
0
0
0
0
0
0
0
0
0
0
0
0
0
0
0
0
0
0
0
0
0
0
0
0
0
0
0
0
0
0
0
0
0
0
0
0
0
0
0
0
0
0
0
0
0
0
0
0
0
0
0
0
0
0
0
0
0
0
0
0
0
0
0
0
0
0
0
0
0
0
0
0
0
0
0
0
0
0
0
0
0
0
0
0
0
0
0
0
0
0
0
0
0
0
0
0
0
0
0
0
0
0
0
0
0
0
0
0
0
0
0
0
0
0
0
0
0
0
0
0
0
0
0
0
0
0
0
0
0
0
0
0
0
0
0
0
0
0
0
0
0
0
0
0
0
0
0
0
0
0
0
0
0
0
0
0
0
0
0
0
0
0
0
0
0
0
0
0
0
0
0
0
0
0
0
0
0
0
0
0
0
0
0
0
0
0
0
0
0
0
0
0
0
0
0
0
0
0
0
0
0
0
0
0
0
0
0
0
0
0
0
0
0
0
0
0
0
0
0
0
0
0
0
0
0
0
0
0
0
0
0
0
0
0
0
0
0
0
0
0
0
0
0
0
0
0
0
0
0
0
0
0
0
0
0
0
0
0
0
0
0
0
0
0
0
0
0
0
0
0
0
0
0
0
0
0
0
0
0
0
0
0
0
0
0
0
0
0
0
0
0
0
0
0
0
0
0
0
0
0
0
0
0
0
0
0
0
0
0
0
0
0
0
0
0
0
0
0
0
0
0
0
0
0
0
0
0
0
0
0
0
0
0
0
0
0
0
0
0
0
0
0
0
0
0
0
0
0
0
0
0
0
0
0
0
0
0
0
0
0
0
0
0
0
0
0
0
0
0
0
0
0
0
0
0
0
0
0
0
0
0
0
0
0
0
0
0
0
0
0
0
0
0
0
0
0
0
0
0
0
0
0
0
0
0
0
0
0
0
0
0
0
0
0
0
0
0
0
0
0
0
0
0
0
0
0
0
0
0
0
0
0
0
0
0
0
0
0
0
0
0
0
0
0
0
0
0
0
0
0
0
0
0
0
0
0
0
0
0
0
0
0
0
0
0
0
0
0
0
0
0
0
0
0
0
0
0
0
0
0
0
0
0
0
0
0
0
0
0
0
0
0
0
0
0
0
0
0
0
0
0
0
0
0
0
0
0
0
0
0
0
0
0
0
0
0
0
0
0
0
0
0
0
0
0
0
0
0
0
0
0
0
0
0
0
0
0
0
0
0
0
0
0
0
0
0
0
0
0
0
0
0
0
0
0
0
0
0
0
0
0
0
0
0
0
0
0
0
0
0
0
0
0
0
0
0
0
0
0
0
0
0
0
0
0
0
0
0
0
0
0
0
0
0
0
0
0
0
0
0
0
0
0
0
0
0
0
0
0
0
0
0
0
0
0
0
0
0
0
0
0
0
0
0
0
0
0
0
0
0
0
0
0
0
0
0
0
0
0
0
0
0
0
0
0
0
0
0
0
0
0
0
0
0
0
0
0
0
0
0
0
0
0
0
0
0
0
0
0
0
0
0
0
0
0
0
0
0
0
0
0
0
0
0
0
0
0
0
0
0
0
0
0
0
0
0
0
0
0
0
0
0
0
0
0
0
0
0
0
0
0
0
0
0
0
0
0
0
0
0
0
0
0
0
0
0
0
0
0
0
0
0
0
0
0
0
0
0
0
0
0
0
0
0
0
0
0
0
0
0
0
0
0
0
0
0
0
0
0
0
0
0
0
0
0
0
0
0
0
0
0
0
0
0
0
0
0
0
0
0
0
0
0
0
0
0
0
0
0
0
0
0
0
0
0
0
0
0
0
0
0
0
0
0
0
0
0
0
0
0
0
0
0
0
0
0
0
0
0
0
0
0
0
0
0
0
0
0
0
0
0
0
0
0
0
0
0
0
0
0
0
0
0
0
0
0
0
0
0
0
0
0
0
0
0
0
0
0
0
0
0
0
0
0
0
0
0
0
0
0
0
0
0
0
0
0
0
0
0
0
0
0
0
0
0
0
0
0
0
0
0
0
0
0
0
0
0
0
0
0
0
0
0
0
0
0
0
0
0
0
0
0
0
0
0
0
0
0
0
0
0
0
0
0
0
0
0
0
0
0
0
0
0
0
0
0
0
0
0
0
0
0
0
0
0
0
0
0
0
0
0
0
0
0
0
0
0
0
0
0
0
0
0
0
0
0
0
0
0
0
0
0
0
0
0
0
0
0
0
0
0
0
0
0
0
0
0
0
0
0
0
0
0
0
0
0
0
0
0
0
0
0
0
0
0
0
0
0
0
0
0
0
0
0
0
0
0
0
0
0
0
0
0
0
0
0
0
0
0
0
0
0
0
0
0
0
0
0
0
0
0
0
0
0
0
0
0
0
0
0
0
0
0
0
0
0
0
0
0
0
0
0
0
0
0
0
0
0
0
0
0
0
0
0
0
0
0
0
0
0
0
0
0
0
0
0
0
0
0
0
0
0
0
0
0
0
0
0
0
0
0
0
0
0
0
0
0
0
0
0
0
0
0
0
0
0
0
0
0
0
0
0
0
0
0
0
0
0
0
0
0
0
0
0
0
0
0
0
0
0
0
0
0
0
0
0
0
0
0
0
0
0
0
0
0
0
0
0
0
0
0
0
0
0
0
0
0
0
0
0
0
0
0
0
0
0
0
0
0
0
0
0
0
0
0
0
0
0
0
0
0
0
0
0
0
0
0
0
0
0
0
0
0
0
0
0
0
0
0
0
0
0
0
0
0
0
0
0
0
0
0
0
0
0
0
0
0
0
0
0
0
0
0
0
0
0
0
0
0
0
0
0
0
0
0
0
0
0
0
0
0
0
0
0
0
0
0
0
0
0
0
0
0
0
0
0
0
0
0
0
0
0
0
0
0
0
0
0
0
0
0
0
0
0
0
0
0
0
0
0
0
0
0
0
0
0
0
0
0
0
0
0
0
0
0
0
0
0
0
0
0
0
0
0
0
0
0
0
0
0
0
0
0
0
0
0
0
0
0
0
0
0
0
0
0
0
0
0
0
0
0
0
0
0
0
0
0
0
0
0
0
0
0
0
0
0
0
0
0
0
0
0
0
0
0
0
0
0
0
0
0
0
0
0
0
0
0
0
0
0
0
0
0
0
0
0
0
0
0
0
0
0
0
0
0
0
0
0
0
0
0
0
0
0
0
0
0
0
0
0
0
0
0
0
0
0
0
0
0
0
0
0
0
0
0
0
0
0
0
0
0
0
0
0
0
0
0
0
0
0
0
0
0
0
0
0
0
0
0
0
0
0
0
0
0
0
0
0
0
0
0
0
0
0
0
0
0
0
0
0
0
0
0
0
0
0
0
0
0
0
0
0
0
0
0
0
0
0
0
0
0
0
0
0
0
0
0
0
0
0
0
0
0
0
0
0
0
0
0
0
0
0
0
0
0
0
0
0
0
0
0
0
0
0
0
0
0
0
0
0
0
0
0
0
0
0
0
0
0
0
0
0
0
0
0
0
0
0
0
0
0
0
0
0
0
0
0
0
0
0
0
0
0
0
0
0
0
0
0
0
0
0
0
0
0
0
0
0
0
0
0
0
0
0
0
0
0
0
0
0
0
0
0
0
0
0
0
0
0
0
0
0
0
0
0
0
0
0
0
0
0
0
0
0
0
0
0
0
0
0
0
0
0
0
0
0
0
0
0
0
0
0
0
0
0
0
0
0
0
0
0
0
0
0
0
0
0
0
0
0
0
0
0
0
0
0
0
0
0
0
0
0
0
0
0
0
0
0
0
0
0
0
0
0
0
0
0
0
0
0
0
0
0
0
0
0
0
0
0
0
0
0
0
0
0
0
0
0
0
0
0
0
0
0
0
0
0
0
0
0
0
0
0
0
0
0
0
0
0
0
0
0
0
0
0
0
0
0
0
0
0
0
0
0
0
0
0
0
0
0
0
0
0
0
0
0
0
0
0
0
0
0
0
0
0
0
0
0
0
0
0
0
0
0
0
0
0
0
0
0
0
0
0
0
0
0
0
0
0
0
0
0
0
0
0
0
0
0
0
0
0
0
0
0
0
0
0
0
0
0
0
0
0
0
0
0
0
0
0
0
0
0
0
0
0
0
0
0
0
0
0
0
0
0
0
0
0
0
0
0
0
0
0
0
0
0
0
0
0
0
0
0
0
0
0
0
0
0
0
0
0
0
0
0
0
0
0
0
0
0
0
0
0
0
0
0
0
0
0
0
0
0
0
0
0
0
0
0
0
0
0
0
0
0
0
0
0
0
0
0
0
0
0
0
0
0
0
0
0
0
0
0
0
0
0
0
0
0
0
0
0
0
0
0
0
0
0
0
0
0
0
0
0
0
0
0
0
0
0
0
0
0
0
0
0
0
0
0
0
0
0
0
0
0
0
0
0
0
0
0
0
0
0
0
0
0
0
0
0
0
0
0
0
0
0
0
0
0
0
0
0
0
0
0
0
0
0
0
0
0
0
0
0
0
0
0
0
0
0
0
0
0
0
0
0
0
0
0
0
0
0
0
0
0
0
0
0
0
0
0
0
0
0
0
0
0
0
0
0
0
0
0
0
0
0
0
0
0
0
0
0
0
0
0
0
0
0
0
0
0
0
0
0
0
0
0
0
0
0
0
0
0
0
0
0
0
0
0
0
0
0
0
0
0
0
0
0
0
0
0
0
0
0
0
0
0
0
0
0
0
0
0
0
0
0
0
0
0
0
0
0
0
0
0
0
0
0
0
0
0
0
0
0
0
0
0
0
0
0
0
0
0
0
0
0
0
0
0
0
0
0
0
0
0
0
0
0
0
0
0
0
0
0
0
0
0
0
0
0
0
0
0
0
0
0
0
0
0
0
0
0
0
0
0
0
0
0
0
0
0
0
0
0
0
0
0
0
0
0
0
0
0
0
0
0
0
0
0
0
0
0
0
0
0
0
0
0
0
0
0
0
0
0
0
0
0
0
0
0
0
0
0
0
0
0
0
0
0
0
0
0
0
0
0
0
0
0
0
0
0
0
0
0
0
0
0
0
0
0
0
0
0
0
0
0
0
0
0
0
0
0
0
0
0
0
0
0
0
0
0
0
0
0
0
0
0
0
0
0
0
0
0
0
0
0
0
0
0
0
0
0
0
0
0
0
0
0
0
0
0
0
0
0
0
0
0
0
0
0
0
0
0
0
0
0
0
0
0
0
0
0
0
0
0
0
0
0
0
0
0
0
0
0
0
0
0
0
0
0
0
0
0
0
0
0
0
0
0
0
0
0
