int
0
0
0
0
2127
0
0
0
0
2104
2129
2158
2123
0
0
0
0
2119
0
2100
2085
2154
2115
0
0
0
0
2111
0
2172
2081
2098
2055
0
0
3867
0
0
3863
2168
2077
2094
3859
0
0
2151
0
0
2147
2164
2073
2090
2143
0
2187
0
2067
0
2179
2160
2189
2138
2227
2223
2048
2219
2215
2211
2207
2056
2069
2134
2203
2199
2195
2183
6159
0
0
0
0
0
0
0
0
0
0
0
0
0
0
2164
2201
2118
2131
0
0
0
0
0
0
0
0
0
0
0
2160
2197
2114
2127
0
0
0
0
0
0
0
0
0
0
0
2156
2193
2110
2123
0
0
0
0
0
0
0
0
0
0
0
2152
2189
2058
2107
0
0
3867
0
0
3863
0
0
3859
0
0
2068
2081
2102
2151
0
0
2147
0
0
2143
0
2187
0
2067
0
2052
2077
2098
2179
2227
2223
2219
2215
2211
2207
2183
2063
0
0
0
2048
2073
2094
0
0
0
0
0
0
0
0
0
0
0
0
2136
2173
2090
0
0
0
0
0
0
0
0
0
0
0
0
2132
2169
6182
0
0
0
0
0
0
0
0
0
0
0
0
2164
2069
3866
2131
0
0
0
0
0
0
0
0
0
2160
2105
3862
2087
0
0
0
0
2059
0
0
0
0
2156
2101
3858
2127
0
0
0
0
2123
0
0
0
0
2152
2189
2082
2119
0
0
0
0
2115
0
0
0
0
2148
2097
2078
2111
0
0
0
0
2055
0
0
0
0
2144
2093
2074
2051
0
2187
0
2067
0
2179
2227
2223
2219
2140
2089
2214
2203
2199
2195
2183
2063
0
0
0
0
0
2136
2173
2210
0
0
0
0
0
0
0
0
0
0
2132
2169
6302
0
0
0
0
0
0
0
0
0
0
0
0
0
0
0
0
0
2116
2157
2198
3867
0
0
0
0
0
0
0
0
0
0
0
0
0
0
2112
2153
2194
3863
0
0
0
0
0
0
0
0
0
0
0
0
0
0
2108
2149
2190
3859
0
0
0
0
0
0
0
0
0
0
0
0
0
0
2104
2145
2054
2079
0
0
0
0
0
0
0
0
0
0
0
0
0
0
2100
2141
2050
2075
0
0
0
0
0
0
0
0
0
0
0
0
0
0
2096
2137
2058
2071
0
0
0
0
0
0
0
0
0
0
0
0
0
0
2092
2133
2174
2215
0
0
0
0
0
0
0
0
0
0
0
0
0
0
2088
2129
2170
2211
0
0
0
0
0
0
0
0
0
0
0
0
0
0
2084
2125
2166
2207
0
0
0
0
0
0
0
0
0
0
0
0
0
0
2080
2121
2184
2162
2064
2203
2176
2224
2220
2216
2180
6156
0
0
0
0
0
0
0
0
0
0
0
2164
2101
2078
2131
0
0
0
0
2111
0
0
0
2160
2097
2074
2059
0
0
0
0
2055
0
0
0
2156
2093
2070
2051
0
0
0
0
2127
0
0
0
2152
2189
2226
2123
0
0
0
0
2119
0
0
0
2088
2185
2222
2115
0
0
3867
0
0
3863
0
0
2084
2181
2218
3859
0
0
2151
0
0
2147
0
0
2080
2177
2066
2143
2215
2211
2207
2203
2199
2195
0
0
2136
2173
2062
0
0
0
0
0
0
0
0
0
2132
2169
6202
0
0
0
0
0
0
0
0
0
0
0
0
0
0
0
0
2116
2157
2198
2083
0
0
0
0
0
0
0
0
0
0
0
0
0
2112
2153
2194
2079
0
0
0
0
0
0
0
0
0
0
0
0
0
2108
2057
2190
2075
0
0
0
0
0
0
0
0
0
0
0
0
0
2104
2053
2186
2227
0
0
0
0
0
0
0
0
0
0
0
0
0
2100
2049
2182
2223
0
0
0
0
0
0
0
0
0
0
0
0
0
2096
2137
2178
2219
0
0
0
0
0
0
0
0
0
0
0
0
0
2092
2133
2174
2071
0
0
0
0
0
0
0
0
0
0
0
0
0
2088
2129
2170
2067
0
0
0
0
0
0
0
0
0
0
0
0
0
2084
2125
2166
3864
2063
0
3860
0
0
3856
0
0
2148
0
0
2144
0
0
2140
2212
2208
2204
2121
2162
6299
0
0
0
0
0
0
0
0
0
0
0
0
0
0
2068
2157
2086
3867
0
0
0
0
0
0
0
0
0
0
0
2064
2153
2082
3863
0
0
0
0
0
0
0
0
0
0
0
2060
2149
2190
3859
0
0
0
0
0
0
0
0
0
0
0
2104
2145
2186
2227
0
0
0
0
0
0
0
0
0
0
0
2100
2141
2182
2223
0
0
0
0
0
0
0
0
0
0
0
2096
2137
2178
2219
0
0
0
0
0
0
0
0
0
0
0
2092
2133
2174
2215
0
2056
0
0
0
0
2052
0
0
0
0
2048
2129
2170
2211
0
2124
0
0
0
0
2120
0
0
0
0
2116
2077
2166
2207
0
2112
0
0
0
0
2108
2200
2196
2192
0
0
2073
2162
6187
0
0
0
0
0
0
0
0
0
0
0
0
0
0
0
0
0
0
0
2092
2141
2190
3867
0
0
0
0
0
0
0
0
0
0
0
0
0
0
0
0
2088
2137
2186
3863
0
0
0
0
0
0
0
0
0
0
0
0
0
0
0
0
2084
2133
2182
3859
0
0
0
0
0
0
0
0
0
0
0
0
0
0
0
0
2080
2129
2178
2227
0
0
0
0
0
0
0
0
0
0
0
0
0
0
0
0
2076
2125
2174
2223
0
0
0
0
0
0
0
0
0
0
0
0
0
0
0
0
2072
2121
2170
2219
0
0
0
0
0
0
0
0
0
0
0
0
0
0
0
0
2068
2117
2166
2215
0
0
0
0
0
0
0
0
0
0
0
0
0
0
0
0
2064
2113
2162
2211
0
0
0
0
0
0
0
0
0
0
0
0
0
0
0
0
2060
2109
2158
2207
0
0
0
0
0
0
0
0
0
0
0
0
0
0
0
0
2056
2105
2154
2203
0
0
0
0
0
0
0
0
0
0
0
0
0
0
0
0
2052
2101
2150
2199
0
0
0
0
0
0
0
0
0
0
0
0
0
0
0
0
2048
2097
2146
6291
0
0
0
0
0
0
0
0
0
0
0
0
0
0
0
0
0
0
0
0
0
0
0
0
0
0
0
0
0
0
0
0
0
0
0
0
0
0
0
0
0
0
0
0
0
0
0
0
0
0
0
0
0
0
0
0
0
0
0
0
0
0
0
0
0
0
0
0
0
0
0
0
0
0
0
0
0
0
0
0
0
0
0
0
0
0
0
0
0
0
0
0
0
0
0
0
0
0
0
0
0
0
0
0
0
0
0
0
0
0
0
0
0
0
0
0
0
0
0
0
0
0
0
0
0
0
0
0
0
0
0
0
0
0
0
0
0
0
0
0
0
0
0
0
0
0
0
0
0
0
0
0
0
0
0
0
0
0
0
0
0
0
0
0
0
0
0
0
0
0
0
0
0
0
0
0
0
0
0
0
0
0
0
0
0
0
0
0
0
0
0
0
0
0
0
0
0
0
0
0
0
0
0
0
0
0
0
0
0
0
0
0
0
0
0
0
0
0
0
0
0
0
0
0
0
0
0
0
0
0
0
0
0
0
0
0
0
0
0
0
0
0
0
0
0
0
0
0
0
0
0
0
0
0
0
0
0
0
0
0
0
0
0
0
0
0
0
0
0
0
0
0
0
0
0
0
0
0
0
0
0
0
0
0
0
0
0
0
0
0
0
0
0
0
0
0
0
0
0
0
0
0
0
0
0
0
0
0
0
0
0
0
0
0
0
0
0
0
0
0
0
0
0
0
0
0
0
0
0
0
0
0
0
0
0
0
0
0
0
0
0
0
0
0
0
0
0
0
0
0
0
0
0
0
0
0
0
0
0
0
0
0
0
0
0
0
0
0
0
0
0
0
0
0
0
0
0
0
0
0
0
0
0
0
0
0
0
0
0
0
0
0
0
0
0
0
0
0
0
0
0
0
0
0
0
0
0
0
0
0
0
0
0
0
0
0
0
0
0
0
0
0
0
0
0
0
0
0
0
0
0
0
0
0
0
0
0
0
0
0
0
0
0
0
0
0
0
0
0
0
0
0
0
0
0
0
0
0
0
0
0
0
0
0
0
0
0
0
0
0
0
0
0
0
0
0
0
0
0
0
0
0
0
0
0
0
0
0
0
0
0
0
0
0
0
0
0
0
0
0
0
0
0
0
0
0
0
0
0
0
0
0
0
0
0
0
0
0
0
0
0
0
0
0
0
0
0
0
0
0
0
0
0
0
0
0
0
0
0
0
0
0
0
0
0
0
0
0
0
0
0
0
0
0
0
0
0
0
0
0
0
0
0
0
0
0
0
0
0
0
0
0
0
0
0
0
0
0
0
0
0
0
0
0
0
0
0
0
0
0
0
0
0
0
0
0
0
0
0
0
0
0
0
0
0
0
0
0
0
0
0
0
0
0
0
0
0
0
0
0
0
0
0
0
0
0
0
0
0
0
0
0
0
0
0
0
0
0
0
0
0
0
0
0
0
0
0
0
0
0
0
0
0
0
0
0
0
0
0
0
0
0
0
0
0
0
0
0
0
0
0
0
0
0
0
0
0
0
0
0
0
0
0
0
0
0
0
0
0
0
0
0
0
0
0
0
0
0
0
0
0
0
0
0
0
0
0
0
0
0
0
0
0
0
0
0
0
0
0
0
0
0
0
0
0
0
0
0
0
0
0
0
0
0
0
0
0
0
0
0
0
0
0
0
0
0
0
0
0
0
0
0
0
0
0
0
0
0
0
0
0
0
0
0
0
0
0
0
0
0
0
0
0
0
0
0
0
0
0
0
0
0
0
0
0
0
0
0
0
0
0
0
0
0
0
0
0
0
0
0
0
0
0
0
0
0
0
0
0
0
0
0
0
0
0
0
0
0
0
0
0
0
0
0
0
0
0
0
0
0
0
0
0
0
0
0
0
0
0
0
0
0
0
0
0
0
0
0
0
0
0
0
0
0
0
0
0
0
0
0
0
0
0
0
0
0
0
0
0
0
0
0
0
0
0
0
0
0
0
0
0
0
0
0
0
0
0
0
0
0
0
0
0
0
0
0
0
0
0
0
0
0
0
0
0
0
0
0
0
0
0
0
0
0
0
0
0
0
0
0
0
0
0
0
0
0
0
0
0
0
0
0
0
0
0
0
0
0
0
0
0
0
0
0
0
0
0
0
0
0
0
0
0
0
0
0
0
0
0
0
0
0
0
0
0
0
0
0
0
0
0
0
0
0
0
0
0
0
0
0
0
0
0
0
0
0
0
0
0
0
0
0
0
0
0
0
0
0
0
0
0
0
0
0
0
0
0
0
0
0
0
0
0
0
0
0
0
0
0
0
0
0
0
0
0
0
0
0
0
0
0
0
0
0
0
0
0
0
0
0
0
0
0
0
0
0
0
0
0
0
0
0
0
0
0
0
0
0
0
0
0
0
0
0
0
0
0
0
0
0
0
0
0
0
0
0
0
0
0
0
0
0
0
0
0
0
0
0
0
0
0
0
0
0
0
0
0
0
0
0
0
0
0
0
0
0
0
0
0
0
0
0
0
0
0
0
0
0
0
0
0
0
0
0
0
0
0
0
0
0
0
0
0
0
0
0
0
0
0
0
0
0
0
0
0
0
0
0
0
0
0
0
0
0
0
0
0
0
0
0
0
0
0
0
0
0
0
0
0
0
0
0
0
0
0
0
0
0
0
0
0
0
0
0
0
0
0
0
0
0
0
0
0
0
0
0
0
0
0
0
0
0
0
0
0
0
0
0
0
0
0
0
0
0
0
0
0
0
0
0
0
0
0
0
0
0
0
0
0
0
0
0
0
0
0
0
0
0
0
0
0
0
0
0
0
0
0
0
0
0
0
0
0
0
0
0
0
0
0
0
0
0
0
0
0
0
0
0
0
0
0
0
0
0
0
0
0
0
0
0
0
0
0
0
0
0
0
0
0
0
0
0
0
0
0
0
0
0
0
0
0
0
0
0
0
0
0
0
0
0
0
0
0
0
0
0
0
0
0
0
0
0
0
0
0
0
0
0
0
0
0
0
0
0
0
0
0
0
0
0
0
0
0
0
0
0
0
0
0
0
0
0
0
0
0
0
0
0
0
0
0
0
0
0
0
0
0
0
0
0
0
0
0
0
0
0
0
0
0
0
0
0
0
0
0
0
0
0
0
0
0
0
0
0
0
0
0
0
0
0
0
0
0
0
0
0
0
0
0
0
0
0
0
0
0
0
0
0
0
0
0
0
0
0
0
0
0
0
0
0
0
0
0
0
0
0
0
0
0
0
0
0
0
0
0
0
0
0
0
0
0
0
0
0
0
0
0
0
0
0
0
0
0
0
0
0
0
0
0
0
0
0
0
0
0
0
0
0
0
0
0
0
0
0
0
0
0
0
0
0
0
0
0
0
0
0
0
0
0
0
0
0
0
0
0
0
0
0
0
0
0
0
0
0
0
0
0
0
0
0
0
0
0
0
0
0
0
0
0
0
0
0
0
0
0
0
0
0
0
0
0
0
0
0
0
0
0
0
0
0
0
0
0
0
0
0
0
0
0
0
0
0
0
0
0
0
0
0
0
0
0
0
0
0
0
0
0
0
0
0
0
0
0
0
0
0
0
0
0
0
0
0
0
0
0
0
0
0
0
0
0
0
0
0
0
0
0
0
0
0
0
0
0
0
0
0
0
0
0
0
0
0
0
0
0
0
0
0
0
0
0
0
0
0
0
0
0
0
0
0
0
0
0
0
0
0
0
0
0
0
0
0
0
0
0
0
0
0
0
0
0
0
0
0
0
0
0
0
0
0
0
0
0
0
0
0
0
0
0
0
0
0
0
0
0
0
0
0
0
0
0
0
0
0
0
0
0
0
0
0
0
0
0
0
0
0
0
0
0
0
0
0
0
0
0
0
0
0
0
0
0
0
0
0
0
0
0
0
0
0
0
0
0
0
0
0
0
0
0
0
0
0
0
0
0
0
0
0
0
0
0
0
0
0
0
0
0
0
0
0
0
0
0
0
0
0
0
0
0
0
0
0
0
0
0
0
0
0
0
0
0
0
0
0
0
0
0
0
0
0
0
0
0
0
0
0
0
0
0
0
0
0
0
0
0
0
0
0
0
0
0
0
0
0
0
0
0
0
0
0
0
0
0
0
0
0
0
0
0
0
0
0
0
0
0
0
0
0
0
0
0
0
0
0
0
0
0
0
0
0
0
0
0
0
0
0
0
0
0
0
0
0
0
0
0
0
0
0
0
0
0
0
0
0
0
0
0
0
0
0
0
0
0
0
0
0
0
0
0
0
0
0
0
0
0
0
0
0
0
0
0
0
0
0
0
0
0
0
0
0
0
0
0
0
0
0
0
0
0
0
0
0
0
0
0
0
0
0
0
0
0
0
0
0
0
0
0
0
0
0
0
0
0
0
0
0
0
0
0
0
0
0
0
0
0
0
0
0
0
0
0
0
0
0
0
0
0
0
0
0
0
0
0
0
0
0
0
0
0
0
0
0
0
0
0
0
0
0
0
0
0
0
0
0
0
0
0
0
0
0
0
0
0
0
0
0
0
0
0
0
0
0
0
0
0
0
0
0
0
0
0
0
0
0
0
0
0
0
0
0
0
0
0
0
0
0
0
0
0
0
0
0
0
0
0
0
0
0
0
0
0
0
0
0
0
0
0
0
0
0
0
0
0
0
0
0
0
0
0
0
0
0
0
0
0
0
0
0
0
0
0
0
0
0
0
0
0
0
0
0
0
0
0
0
0
0
0
0
0
0
0
0
0
0
0
0
0
0
0
0
0
0
0
0
0
0
0
0
0
0
0
0
0
0
0
0
0
0
0
0
0
0
0
0
0
0
0
0
0
0
0
0
0
0
0
0
0
0
0
0
0
0
0
0
0
0
0
0
0
0
0
0
0
0
0
0
0
0
0
0
0
0
0
0
0
0
0
0
0
0
0
0
0
0
0
0
0
0
0
0
0
0
0
0
0
0
0
0
0
0
0
0
0
0
0
0
0
0
0
0
0
0
0
0
0
0
0
0
0
0
0
0
0
0
0
0
0
0
0
0
0
0
0
0
0
0
0
0
0
0
0
0
0
0
0
0
0
0
0
0
0
0
0
0
0
0
0
0
0
0
0
0
0
0
0
0
0
0
0
0
0
0
0
0
0
0
0
0
0
0
0
0
0
0
0
0
0
0
0
0
0
0
0
0
0
0
0
0
0
0
0
0
0
0
0
0
0
0
0
0
0
0
0
0
0
0
0
0
0
0
0
0
0
0
0
0
0
0
0
0
0
0
0
0
0
0
0
0
0
0
0
0
0
0
0
0
0
0
0
0
0
0
0
0
0
0
0
0
0
0
0
0
0
0
0
0
0
0
0
0
0
0
0
0
0
0
0
0
0
0
0
0
0
0
0
0
0
0
0
0
0
0
0
0
0
0
0
0
0
0
0
0
0
0
0
0
0
0
0
0
0
0
0
0
0
0
0
0
0
0
0
0
0
0
0
0
0
0
0
0
0
0
0
0
0
0
0
0
0
0
0
0
0
0
0
0
0
0
0
0
0
0
0
0
0
0
0
0
0
0
0
0
0
0
0
0
0
0
0
0
0
0
0
0
0
0
0
0
0
0
0
0
0
0
0
0
0
0
0
0
0
0
0
0
0
0
0
0
0
0
0
0
0
0
0
0
0
0
0
0
0
0
0
0
0
0
0
0
0
0
0
0
0
0
0
0
0
0
0
0
0
0
0
0
0
0
0
0
0
0
0
0
0
0
0
0
0
0
0
0
0
0
0
0
0
0
0
0
0
0
0
0
0
0
0
0
0
0
0
0
0
0
0
0
0
0
0
0
0
0
0
0
0
0
0
0
0
0
0
0
0
0
0
0
0
0
0
0
0
0
0
0
0
0
0
0
0
0
0
0
0
0
0
0
0
0
0
0
0
0
0
0
0
0
0
0
0
0
0
0
0
0
0
0
0
0
0
0
0
0
0
0
0
0
0
0
0
0
0
0
0
0
0
0
0
0
0
0
0
0
0
0
0
0
0
0
0
0
0
0
0
0
0
0
0
0
0
0
0
0
0
0
0
0
0
0
0
0
0
0
0
0
0
0
0
0
0
0
0
0
0
0
0
0
0
0
0
0
0
0
0
0
0
0
0
0
0
0
0
0
0
0
0
0
0
0
0
0
0
0
0
0
0
0
0
0
0
0
0
0
0
0
0
0
0
0
0
0
0
0
0
0
0
0
0
0
0
0
0
0
0
0
0
0
0
0
0
0
0
0
0
0
0
0
0
0
0
0
0
0
0
0
0
0
0
0
0
0
0
0
0
0
0
0
0
0
0
0
0
0
0
0
0
0
0
0
0
0
0
0
0
0
0
0
0
0
0
0
0
0
0
0
0
0
0
0
0
0
0
0
0
0
0
0
0
0
0
0
0
0
0
0
0
0
0
0
0
0
0
0
0
0
0
0
0
0
0
0
0
0
0
0
0
0
0
0
0
0
0
0
0
0
0
0
0
0
0
0
0
0
0
0
0
0
0
0
0
0
0
