int
0
0
0
0
2187
0
0
0
0
2179
0
0
2048
2157
2106
2183
0
0
0
2175
0
0
0
2199
0
2056
2153
2102
2195
0
0
0
2191
0
0
3851
0
0
2120
2149
2098
3847
0
0
3843
0
0
2071
0
0
2067
2200
2145
2094
2135
0
0
2131
0
0
2127
0
2259
0
2116
2141
2090
2255
0
2163
0
2247
0
2243
0
2063
2251
2112
2137
2086
2239
2235
2231
2227
2223
2219
2215
2211
2207
2171
2108
2053
2082
2167
2079
6171
0
0
0
0
0
0
0
0
0
0
0
0
0
0
0
2116
2213
2158
3851
0
0
0
0
0
0
0
0
0
0
0
0
2112
2209
2154
3847
0
0
0
0
0
0
0
0
0
0
0
0
2108
2205
2150
3843
0
2184
0
0
0
0
2176
0
0
0
2172
0
0
2201
2196
2090
2107
0
2192
0
0
0
2188
0
0
0
2180
0
0
2136
2049
2086
2132
2103
0
2128
0
0
2124
0
0
2068
0
0
2064
0
2057
2144
2082
2099
2140
0
2256
0
2252
0
2060
0
2244
0
2240
0
2160
2248
2236
2232
2228
2224
2220
2216
2168
2164
2076
2072
2121
2054
6191
0
0
0
0
0
0
0
0
0
0
0
0
0
0
2096
2117
2154
2163
0
0
0
0
0
0
0
0
0
0
0
2092
2113
2150
2159
0
0
0
0
2179
0
0
0
0
2187
0
2088
2225
2146
2195
0
0
0
2191
0
0
0
2183
0
0
0
2084
2221
2142
2175
0
0
0
2199
0
0
3851
0
0
3847
0
2080
2217
2138
3843
0
0
2067
0
0
2135
0
0
2131
0
0
2076
2109
2058
2127
0
0
2071
0
2259
0
2255
0
2063
0
2247
2072
2105
2054
2243
2251
2239
2235
2231
2215
2211
2207
0
0
0
0
2168
2101
2050
0
0
0
0
0
0
0
0
0
0
0
0
2164
2201
6218
0
0
0
0
0
0
0
0
0
0
0
0
0
0
0
0
0
2108
2117
2162
3851
0
0
0
0
0
0
0
0
0
0
0
0
0
0
2104
2113
2158
3847
0
0
0
0
0
0
0
0
0
0
0
0
0
0
2100
2225
2154
3843
0
0
0
0
0
0
0
0
0
0
0
0
0
0
2096
2221
2150
2079
0
0
0
0
0
0
0
0
0
0
0
0
0
0
2092
2217
2082
2075
0
0
0
2178
0
0
0
0
2186
0
0
0
2190
0
2088
2213
2182
2059
0
0
2174
0
0
0
2198
0
0
0
2194
0
0
2146
2084
2209
2142
2055
0
2138
0
0
2134
0
0
2130
0
0
2126
0
0
2070
2168
2205
2066
2051
2258
0
2254
0
2062
0
2246
0
2242
2250
2238
2234
2230
0
2164
2201
0
6219
0
0
0
0
0
0
0
0
0
0
0
0
0
0
0
0
0
0
2196
2109
2146
2071
0
0
0
0
0
0
0
0
0
0
0
0
0
0
0
2192
2105
2142
2159
0
0
0
0
0
0
0
0
0
0
0
0
0
0
0
2188
2101
2138
2155
0
0
0
0
0
0
0
0
0
0
0
0
0
0
0
2184
2097
2066
2151
0
0
3851
0
0
3847
0
0
3843
0
0
2131
0
0
2127
2180
2093
2062
2135
0
2259
0
2255
0
2163
0
2247
0
2243
2251
2239
2235
2231
2227
2176
2089
2058
2223
2219
2215
2211
2207
2171
2167
2079
2075
0
0
0
0
0
0
0
2172
2085
2122
0
0
0
0
0
0
0
0
0
0
0
0
0
0
0
0
2052
2081
2118
0
0
0
0
0
0
0
0
0
0
0
0
0
0
0
0
2048
2201
6210
0
0
0
0
0
0
0
0
0
0
0
0
0
0
0
0
0
0
0
0
0
2196
2109
2082
3851
0
0
0
0
0
0
0
0
0
0
0
0
0
0
0
0
0
0
2192
2105
2158
3847
0
0
0
0
0
0
0
0
0
0
0
0
0
0
0
0
0
0
2188
2101
2154
3843
0
0
0
0
0
0
0
0
0
0
0
0
0
0
0
0
0
0
2184
2097
2150
2067
0
0
0
0
0
0
0
0
0
0
0
0
0
0
0
0
0
0
2180
2093
2054
2063
0
0
0
0
0
0
0
0
0
0
0
0
0
0
0
0
0
0
2176
2213
2050
2059
0
0
0
0
0
0
0
0
0
0
0
0
0
0
0
0
0
0
2172
2209
2070
2123
0
2130
0
0
2126
0
0
2146
0
0
2142
0
0
2138
0
0
2134
0
2088
2205
2258
2119
2254
0
2162
0
2246
0
2242
2250
2238
2234
2230
2226
2222
2218
2170
2166
2078
2074
2084
2201
0
6211
0
0
0
0
0
0
0
0
0
0
0
0
0
0
0
0
0
0
0
0
2148
2189
2074
2115
0
0
0
0
0
0
0
0
0
0
0
0
0
0
0
0
0
2144
2185
2226
2111
0
0
0
0
0
0
0
0
0
0
0
0
0
0
0
0
0
2140
2181
2222
2107
0
0
0
0
0
0
0
0
0
0
0
0
0
0
0
0
0
2136
2177
2218
2103
0
0
0
0
0
0
0
0
0
0
0
0
0
0
0
0
0
2056
2173
2070
2099
0
0
0
0
0
0
0
0
0
0
0
0
0
0
0
0
0
2052
2169
2066
2095
0
0
0
0
0
0
0
0
0
0
0
0
0
0
0
0
0
2048
2165
2062
2091
0
0
0
0
0
0
0
0
0
0
0
0
0
0
0
0
0
2120
2161
2202
2087
0
0
0
0
0
0
0
0
0
0
0
0
0
0
0
0
0
2116
2157
2198
3848
2083
0
3844
0
0
3840
0
0
2128
0
0
2124
0
0
2132
0
2256
0
2252
2153
2240
2194
2244
2248
2236
2232
2228
2212
2208
2204
6175
0
0
0
0
0
0
0
0
0
0
0
0
0
0
0
0
0
0
0
0
0
0
0
2180
2225
3850
2063
0
0
0
0
0
0
0
0
0
0
0
0
0
0
0
0
0
0
0
0
2176
2221
3846
2059
0
0
0
0
0
0
0
0
0
0
0
0
0
0
0
0
0
0
0
0
2172
2217
3842
2055
0
0
0
0
0
0
0
0
0
0
0
0
0
0
0
0
0
0
0
0
2168
2213
2102
2051
0
0
0
0
0
0
0
0
0
0
0
0
0
0
0
0
0
0
0
0
2164
2209
2098
2123
0
0
0
0
0
0
0
0
0
0
0
0
0
0
0
0
0
0
0
0
2160
2205
2094
2119
0
0
0
0
0
0
0
0
0
0
0
0
0
0
0
0
0
0
0
0
2156
2201
2090
2115
0
0
0
0
0
0
0
0
0
0
0
0
0
0
0
0
0
0
0
0
2152
2197
2086
2111
0
0
0
0
0
0
0
0
0
0
0
0
0
0
0
0
0
0
0
0
2148
2193
2082
2107
0
0
2131
0
0
2127
0
0
2147
0
0
2143
0
0
2139
0
0
2135
0
2259
2068
2189
2078
2255
0
2243
0
2247
2251
2239
2235
2231
0
0
0
0
0
0
0
0
0
0
0
0
2064
2185
6170
0
0
0
0
0
0
0
0
0
0
0
0
0
0
0
0
0
0
0
0
0
0
0
0
0
0
0
0
0
0
0
0
0
0
0
0
0
0
0
0
0
0
0
0
0
0
0
0
0
0
0
0
0
0
0
0
0
0
0
0
0
0
0
0
0
0
0
0
0
0
0
0
0
0
0
0
0
0
0
0
0
0
0
0
0
0
0
0
0
0
0
0
0
0
0
0
0
0
0
0
0
0
0
0
0
0
0
0
0
0
0
0
0
0
0
0
0
0
0
0
0
0
0
0
0
0
0
0
0
0
0
0
0
0
0
0
0
0
0
0
0
0
0
0
0
0
0
0
0
0
0
0
0
0
0
0
0
0
0
0
0
0
0
0
0
0
0
0
0
0
0
0
0
0
0
0
0
0
0
0
0
0
0
0
0
0
0
0
0
0
0
0
0
0
0
0
0
0
0
0
0
0
0
0
0
0
0
0
0
0
0
0
0
0
0
0
0
0
0
0
0
0
0
0
0
0
0
0
0
0
0
0
0
0
0
0
0
0
0
0
0
0
0
0
0
0
0
0
0
0
0
0
0
0
0
0
0
0
0
0
0
0
0
0
0
0
0
0
0
0
0
0
0
0
0
0
0
0
0
0
0
0
0
0
0
0
0
0
0
0
0
0
0
0
0
0
0
0
0
0
0
0
0
0
0
0
0
0
0
0
0
0
0
0
0
0
0
0
0
0
0
0
0
0
0
0
0
0
0
0
0
0
0
0
0
0
0
0
0
0
0
0
0
0
0
0
0
0
0
0
0
0
0
0
0
0
0
0
0
0
0
0
0
0
0
0
0
0
0
0
0
0
0
0
0
0
0
0
0
0
0
0
0
0
0
0
0
0
0
0
0
0
0
0
0
0
0
0
0
0
0
0
0
0
0
0
0
0
0
0
0
0
0
0
0
0
0
0
0
0
0
0
0
0
0
0
0
0
0
0
0
0
0
0
0
0
0
0
0
0
0
0
0
0
0
0
0
0
0
0
0
0
0
0
0
0
0
0
0
0
0
0
0
0
0
0
0
0
0
0
0
0
0
0
0
0
0
0
0
0
0
0
0
0
0
0
0
0
0
0
0
0
0
0
0
0
0
0
0
0
0
0
0
0
0
0
0
0
0
0
0
0
0
0
0
0
0
0
0
0
0
0
0
0
0
0
0
0
0
0
0
0
0
0
0
0
0
0
0
0
0
0
0
0
0
0
0
0
0
0
0
0
0
0
0
0
0
0
0
0
0
0
0
0
0
0
0
0
0
0
0
0
0
0
0
0
0
0
0
0
0
0
0
0
0
0
0
0
0
0
0
0
0
0
0
0
0
0
0
0
0
0
0
0
0
0
0
0
0
0
0
0
0
0
0
0
0
0
0
0
0
0
0
0
0
0
0
0
0
0
0
0
0
0
0
0
0
0
0
0
0
0
0
0
0
0
0
0
0
0
0
0
0
0
0
0
0
0
0
0
0
0
0
0
0
0
0
0
0
0
0
0
0
0
0
0
0
0
0
0
0
0
0
0
0
0
0
0
0
0
0
0
0
0
0
0
0
0
0
0
0
0
0
0
0
0
0
0
0
0
0
0
0
0
0
0
0
0
0
0
0
0
0
0
0
0
0
0
0
0
0
0
0
0
0
0
0
0
0
0
0
0
0
0
0
0
0
0
0
0
0
0
0
0
0
0
0
0
0
0
0
0
0
0
0
0
0
0
0
0
0
0
0
0
0
0
0
0
0
0
0
0
0
0
0
0
0
0
0
0
0
0
0
0
0
0
0
0
0
0
0
0
0
0
0
0
0
0
0
0
0
0
0
0
0
0
0
0
0
0
0
0
0
0
0
0
0
0
0
0
0
0
0
0
0
0
0
0
0
0
0
0
0
0
0
0
0
0
0
0
0
0
0
0
0
0
0
0
0
0
0
0
0
0
0
0
0
0
0
0
0
0
0
0
0
0
0
0
0
0
0
0
0
0
0
0
0
0
0
0
0
0
0
0
0
0
0
0
0
0
0
0
0
0
0
0
0
0
0
0
0
0
0
0
0
0
0
0
0
0
0
0
0
0
0
0
0
0
0
0
0
0
0
0
0
0
0
0
0
0
0
0
0
0
0
0
0
0
0
0
0
0
0
0
0
0
0
0
0
0
0
0
0
0
0
0
0
0
0
0
0
0
0
0
0
0
0
0
0
0
0
0
0
0
0
0
0
0
0
0
0
0
0
0
0
0
0
0
0
0
0
0
0
0
0
0
0
0
0
0
0
0
0
0
0
0
0
0
0
0
0
0
0
0
0
0
0
0
0
0
0
0
0
0
0
0
0
0
0
0
0
0
0
0
0
0
0
0
0
0
0
0
0
0
0
0
0
0
0
0
0
0
0
0
0
0
0
0
0
0
0
0
0
0
0
0
0
0
0
0
0
0
0
0
0
0
0
0
0
0
0
0
0
0
0
0
0
0
0
0
0
0
0
0
0
0
0
0
0
0
0
0
0
0
0
0
0
0
0
0
0
0
0
0
0
0
0
0
0
0
0
0
0
0
0
0
0
0
0
0
0
0
0
0
0
0
0
0
0
0
0
0
0
0
0
0
0
0
0
0
0
0
0
0
0
0
0
0
0
0
0
0
0
0
0
0
0
0
0
0
0
0
0
0
0
0
0
0
0
0
0
0
0
0
0
0
0
0
0
0
0
0
0
0
0
0
0
0
0
0
0
0
0
0
0
0
0
0
0
0
0
0
0
0
0
0
0
0
0
0
0
0
0
0
0
0
0
0
0
0
0
0
0
0
0
0
0
0
0
0
0
0
0
0
0
0
0
0
0
0
0
0
0
0
0
0
0
0
0
0
0
0
0
0
0
0
0
0
0
0
0
0
0
0
0
0
0
0
0
0
0
0
0
0
0
0
0
0
0
0
0
0
0
0
0
0
0
0
0
0
0
0
0
0
0
0
0
0
0
0
0
0
0
0
0
0
0
0
0
0
0
0
0
0
0
0
0
0
0
0
0
0
0
0
0
0
0
0
0
0
0
0
0
0
0
0
0
0
0
0
0
0
0
0
0
0
0
0
0
0
0
0
0
0
0
0
0
0
0
0
0
0
0
0
0
0
0
0
0
0
0
0
0
0
0
0
0
0
0
0
0
0
0
0
0
0
0
0
0
0
0
0
0
0
0
0
0
0
0
0
0
0
0
0
0
0
0
0
0
0
0
0
0
0
0
0
0
0
0
0
0
0
0
0
0
0
0
0
0
0
0
0
0
0
0
0
0
0
0
0
0
0
0
0
0
0
0
0
0
0
0
0
0
0
0
0
0
0
0
0
0
0
0
0
0
0
0
0
0
0
0
0
0
0
0
0
0
0
0
0
0
0
0
0
0
0
0
0
0
0
0
0
0
0
0
0
0
0
0
0
0
0
0
0
0
0
0
0
0
0
0
0
0
0
0
0
0
0
0
0
0
0
0
0
0
0
0
0
0
0
0
0
0
0
0
0
0
0
0
0
0
0
0
0
0
0
0
0
0
0
0
0
0
0
0
0
0
0
0
0
0
0
0
0
0
0
0
0
0
0
0
0
0
0
0
0
0
0
0
0
0
0
0
0
0
0
0
0
0
0
0
0
0
0
0
0
0
0
0
0
0
0
0
0
0
0
0
0
0
0
0
0
0
0
0
0
0
0
0
0
0
0
0
0
0
0
0
0
0
0
0
0
0
0
0
0
0
0
0
0
0
0
0
0
0
0
0
0
0
0
0
0
0
0
0
0
0
0
0
0
0
0
0
0
0
0
0
0
0
0
0
0
0
0
0
0
0
0
0
0
0
0
0
0
0
0
0
0
0
0
0
0
0
0
0
0
0
0
0
0
0
0
0
0
0
0
0
0
0
0
0
0
0
0
0
0
0
0
0
0
0
0
0
0
0
0
0
0
0
0
0
0
0
0
0
0
0
0
0
0
0
0
0
0
0
0
0
0
0
0
0
0
0
0
0
0
0
0
0
0
0
0
0
0
0
0
0
0
0
0
0
0
0
0
0
0
0
0
0
0
0
0
0
0
0
0
0
0
0
0
0
0
0
0
0
0
0
0
0
0
0
0
0
0
0
0
0
0
0
0
0
0
0
0
0
0
0
0
0
0
0
0
0
0
0
0
0
0
0
0
0
0
0
0
0
0
0
0
0
0
0
0
0
0
0
0
0
0
0
0
0
0
0
0
0
0
0
0
0
0
0
0
0
0
0
0
0
0
0
0
0
0
0
0
0
0
0
0
0
0
0
0
0
0
0
0
0
0
0
0
0
0
0
0
0
0
0
0
0
0
0
0
0
0
0
0
0
0
0
0
0
0
0
0
0
0
0
0
0
0
0
0
0
0
0
0
0
0
0
0
0
0
0
0
0
0
0
0
0
0
0
0
0
0
0
0
0
0
0
0
0
0
0
0
0
0
0
0
0
0
0
0
0
0
0
0
0
0
0
0
0
0
0
0
0
0
0
0
0
0
0
0
0
0
0
0
0
0
0
0
0
0
0
0
0
0
0
0
0
0
0
0
0
0
0
0
0
0
0
0
0
0
0
0
0
0
0
0
0
0
0
0
0
0
0
0
0
0
0
0
0
0
0
0
0
0
0
0
0
0
0
0
0
0
0
0
0
0
0
0
0
0
0
0
0
0
0
0
0
0
0
0
0
0
0
0
0
0
0
0
0
0
0
0
0
0
0
0
0
0
0
0
0
0
0
0
0
0
0
0
0
0
0
0
0
0
0
0
0
0
0
0
0
0
0
0
0
0
0
0
0
0
0
0
0
0
0
0
0
0
0
0
0
0
0
0
0
0
0
0
0
0
0
0
0
0
0
0
0
0
0
0
0
0
0
0
0
0
0
0
0
0
0
0
0
0
0
0
0
0
0
0
0
0
0
0
0
0
0
0
0
0
0
0
0
0
0
0
0
0
0
0
0
0
0
0
0
0
0
0
0
0
0
0
0
0
0
0
0
0
0
0
0
0
0
0
0
0
0
0
0
0
0
0
0
0
0
0
0
0
0
0
0
0
0
0
0
0
0
0
0
0
0
0
0
0
0
0
0
0
0
0
0
0
0
0
0
0
0
0
0
0
0
0
0
0
0
0
0
0
0
0
0
0
0
0
0
0
0
0
0
0
0
0
0
0
0
0
0
0
0
0
0
0
0
0
0
0
0
0
0
0
0
0
0
0
0
0
0
0
0
0
0
0
0
0
0
0
0
0
0
0
0
0
0
0
0
0
0
0
0
0
0
0
0
0
0
0
0
0
0
0
0
0
0
0
0
0
0
0
0
0
0
0
0
0
0
0
0
0
0
0
0
0
0
0
0
0
0
0
0
0
0
0
0
0
0
0
0
0
0
0
0
0
0
0
0
0
0
0
0
0
0
0
0
0
0
0
0
0
0
0
0
0
0
0
0
0
0
0
0
0
0
0
0
0
0
0
0
0
0
0
0
0
0
0
0
0
0
0
0
0
0
0
0
0
0
0
0
0
0
0
0
0
0
0
0
0
0
0
0
0
0
0
0
0
0
0
0
0
0
0
0
0
0
0
0
0
0
0
0
0
0
0
0
0
0
0
0
0
0
0
0
0
0
0
0
0
0
0
0
0
0
0
0
0
0
0
0
0
0
0
0
0
0
0
0
0
0
0
0
0
0
0
0
0
0
0
0
0
0
0
0
0
0
0
0
0
0
0
0
0
0
0
0
0
0
0
0
0
0
0
0
0
0
0
0
0
0
0
0
0
0
0
0
0
0
0
0
0
0
0
0
0
0
0
0
0
0
0
0
0
0
0
0
0
0
0
0
0
0
0
0
0
0
0
0
0
0
0
0
0
0
0
0
0
0
0
0
0
0
0
0
0
0
0
0
0
0
0
0
0
0
0
0
0
0
0
0
0
0
0
0
0
0
0
0
0
0
0
0
0
0
0
0
0
0
0
0
0
0
0
0
0
0
0
0
0
0
0
0
0
0
0
0
0
0
0
0
0
0
0
0
0
0
0
0
0
0
0
0
0
0
0
0
0
0
0
0
0
0
0
0
0
0
0
0
0
0
0
0
0
0
0
0
0
0
